/*--------------------------------*- C++ -*----------------------------------*\
  =========                 |
  \\      /  F ield         | OpenFOAM: The Open Source CFD Toolbox
   \\    /   O peration     | Website:  https://openfoam.org
    \\  /    A nd           | Version:  13
     \\/     M anipulation  |
\*---------------------------------------------------------------------------*/
FoamFile
{
    format      ascii;
    class       volVectorField;
    location    "23.399209";
    object      wallShearStress;
}
// * * * * * * * * * * * * * * * * * * * * * * * * * * * * * * * * * * * * * //

dimensions      [0 2 -2 0 0 0 0];

internalField   uniform (0 0 0);

boundaryField
{
    inlet
    {
        type            calculated;
        value           uniform (0 0 0);
    }
    outlet
    {
        type            calculated;
        value           uniform (0 0 0);
    }
    cylinder
    {
        type            calculated;
        value           nonuniform List<vector> 
132
(
(-1.1904262e-05 0.0014262814 -2.3032587e-22)
(-2.649593e-05 0.00084111623 6.5457325e-23)
(-1.0297805e-05 0.0002541271 3.6081199e-21)
(3.8451466e-05 -0.00032220247 -1.2084009e-20)
(0.00011711638 -0.00087521258 8.5145276e-21)
(0.00022411257 -0.00139172 2.5973953e-20)
(0.00035439023 -0.0018590153 -4.9144594e-21)
(0.00050219937 -0.0022654809 -1.9447985e-20)
(0.00066055841 -0.0026009747 1.8315829e-20)
(0.00082145186 -0.0028575946 -4.1046202e-20)
(0.00097653254 -0.0030301801 -7.4678519e-22)
(0.0011174267 -0.0031168728 2.549796e-20)
(0.0012363215 -0.0031194632 4.1598062e-20)
(0.0013267417 -0.003043755 -3.3807416e-20)
(0.0013840068 -0.0028989963 3.5623444e-20)
(0.0014062981 -0.0026985777 5.7383688e-20)
(0.0013940248 -0.0024571734 -3.7636197e-20)
(0.0013518422 -0.0021932283 6.0428333e-20)
(0.0012871906 -0.0019250082 7.9973619e-20)
(0.001210339 -0.0016700164 -5.1923824e-20)
(0.0011358085 -0.001446411 -6.6239177e-20)
(0.0010801694 -0.0012692522 2.3319805e-23)
(0.0010652046 -0.0011540294 9.6247371e-21)
(0.0011139246 -0.0011113363 -1.153256e-20)
(0.0012507709 -0.0011474853 -1.9634884e-20)
(0.0014904243 -0.0012552376 4.2030056e-21)
(0.0018307312 -0.0014122322 -3.7986126e-20)
(0.0022476811 -0.0015831082 1.0160281e-20)
(0.0026918621 -0.0017236496 7.9881336e-21)
(0.0031102119 -0.0018001569 -5.5080143e-20)
(0.0034726342 -0.0018033082 7.1940362e-20)
(0.0037716344 -0.0017406015 2.1789606e-21)
(0.0040004657 -0.001620846 1.5717754e-20)
(0.0041157477 -0.0014409056 -1.8638692e-20)
(0.0040209755 -0.001190688 5.927287e-20)
(0.0035730074 -0.0008688224 -3.751956e-21)
(0.0026046083 -0.00049940502 1.5145674e-20)
(0.00091053259 -0.00013694937 -2.0805476e-21)
(-0.0016944627 0.00011808947 2.9848714e-21)
(-0.0054049763 0.00011562573 -1.8605867e-21)
(-0.010570884 -0.00035436151 3.470197e-21)
(-0.017160884 -0.0015965658 -1.0685049e-22)
(-0.024635178 -0.0037917857 3.9097886e-20)
(-0.032581352 -0.0070396701 -1.5036152e-20)
(-0.040436154 -0.011319771 1.3541114e-20)
(-0.04772966 -0.016519357 -8.6822628e-20)
(-0.054014076 -0.022422126 -1.3972805e-20)
(-0.058994607 -0.028768704 1.2235957e-19)
(-0.062457197 -0.035263998 -1.0397063e-19)
(-0.064332277 -0.041624676 -1.9742949e-21)
(-0.064601771 -0.047557409 3.1216182e-20)
(-0.063387268 -0.052840199 -2.803582e-20)
(-0.060773784 -0.057211996 -5.3486909e-21)
(-0.056975263 -0.060518538 -3.1856927e-21)
(-0.052228747 -0.062650619 -3.4550732e-21)
(-0.046711193 -0.063449972 -4.8543299e-21)
(-0.040698098 -0.062899623 6.9612259e-22)
(-0.034420567 -0.060965045 5.2572367e-20)
(-0.028121962 -0.05767271 -7.8074807e-20)
(-0.022031667 -0.053080283 -8.2069313e-20)
(-0.016363899 -0.047280259 -3.301301e-20)
(-0.011313028 -0.040397949 -7.5240178e-20)
(-0.0070483181 -0.032585563 1.6720646e-20)
(-0.0037085032 -0.024020833 2.4262393e-20)
(-0.0014067883 -0.014912208 -3.7638484e-20)
(-0.00020521045 -0.0054410591 -5.021986e-21)
(3.4573217e-05 0.0020031678 -1.0611823e-21)
(0.00011194047 0.0025702096 -6.330471e-23)
(0.00022168349 0.0031205242 -3.6387453e-21)
(0.00036150853 0.0036411164 1.221511e-20)
(0.00052844083 0.0041190426 -8.6314628e-21)
(0.00071800224 0.0045414361 -2.6401808e-20)
(0.00092425655 0.0048962279 5.0077242e-21)
(0.0011397681 0.0051726819 1.9860327e-20)
(0.0013562727 0.0053620003 -1.8738889e-20)
(0.0015646141 0.005457884 4.2056689e-20)
(0.0017553262 0.0054572589 7.6601477e-22)
(0.0019192021 0.0053606502 -2.6172593e-20)
(0.0020480044 0.005172655 -4.2711369e-20)
(0.0021352004 0.0049021011 3.4709082e-20)
(0.0021763463 0.0045611768 -3.6556692e-20)
(0.0021701504 0.004166089 -5.8841265e-20)
(0.0021189358 0.0037361282 3.8550793e-20)
(0.0020287798 0.0032923567 -6.1817476e-20)
(0.0019093556 0.0028561442 -8.1692179e-20)
(0.0017734609 0.0024476584 5.2957415e-20)
(0.0016375182 0.0020860626 6.7449929e-20)
(0.0015205588 0.0017876568 6.0357277e-20)
(0.0014455665 0.0015672903 4.9542794e-20)
(0.0014377695 0.0014357709 1.1691725e-20)
(0.0015239891 0.0013994437 1.988204e-20)
(0.0017248383 0.001453712 -4.2517285e-21)
(0.0020431079 0.0015767472 3.839879e-20)
(0.0024603466 0.0017331999 -1.0266824e-20)
(0.0029313858 0.0018770366 -8.0719242e-21)
(0.0033925682 0.0019635198 5.5684691e-20)
(0.0037902512 0.0019682844 -7.2799641e-20)
(0.0041032756 0.0018938451 -2.1948462e-21)
(0.0043188525 0.0017502319 3.6287491e-20)
(0.0043790315 0.0015337155 1.895169e-20)
(0.0041768542 0.0012377924 -6.0410353e-20)
(0.0035587645 0.00086683326 3.8346761e-21)
(0.0023487688 0.00045316593 1.1324759e-20)
(0.00032931238 6.0979734e-05 2.1404395e-21)
(-0.0026803641 -0.00019460559 -3.080939e-21)
(-0.0068378714 -0.00015075496 1.9263063e-21)
(-0.012507313 0.00041589777 -3.6011262e-21)
(-0.019583452 0.0018191049 2.9269689e-20)
(-0.027437742 0.0042201958 -4.0604536e-20)
(-0.035621915 0.0076935661 1.5589857e-20)
(-0.043560163 0.012191552 -1.4003656e-20)
(-0.050814045 0.01758415 8.948306e-20)
(-0.056936887 0.023631956 1.4341489e-20)
(-0.061670125 0.030070047 -1.2502001e-19)
(-0.06482889 0.036599824 1.0568165e-19)
(-0.066370935 0.04294062 1.9951487e-21)
(-0.066291525 0.04879835 -3.131873e-20)
(-0.064748222 0.05397186 2.7871708e-20)
(-0.061807749 0.058182426 -4.2186198e-20)
(-0.057711343 0.061297701 3.0169991e-21)
(-0.052719353 0.063236389 -3.6352693e-21)
(-0.046977579 0.063808962 5.7078807e-21)
(-0.040785303 0.063031433 -7.4680363e-22)
(-0.034367022 0.060866974 -5.5035991e-20)
(-0.02796695 0.057351177 8.0746742e-20)
(-0.021812572 0.052548137 8.4220075e-20)
(-0.016114922 0.046555518 3.3684328e-20)
(-0.011064891 0.039504581 7.6416439e-20)
(-0.0068269916 0.03155125 -1.6915059e-20)
(-0.0035348833 0.022878051 4.8506675e-20)
(-0.0012960117 0.013691446 3.7816249e-20)
(-0.00016840713 0.004192611 5.0327331e-21)
)
;
    }
    frontAndBack
    {
        type            empty;
    }
}


// ************************************************************************* //
