/*--------------------------------*- C++ -*----------------------------------*\
  =========                 |
  \\      /  F ield         | OpenFOAM: The Open Source CFD Toolbox
   \\    /   O peration     | Website:  https://openfoam.org
    \\  /    A nd           | Version:  13
     \\/     M anipulation  |
\*---------------------------------------------------------------------------*/
FoamFile
{
    format      ascii;
    class       volVectorField;
    location    "16.396136";
    object      wallShearStress;
}
// * * * * * * * * * * * * * * * * * * * * * * * * * * * * * * * * * * * * * //

dimensions      [0 2 -2 0 0 0 0];

internalField   uniform (0 0 0);

boundaryField
{
    inlet
    {
        type            calculated;
        value           uniform (0 0 0);
    }
    outlet
    {
        type            calculated;
        value           uniform (0 0 0);
    }
    cylinder
    {
        type            calculated;
        value           nonuniform List<vector> 
132
(
(5.5528413e-05 -0.0008384217 -1.3673192e-22)
(0.00023446538 -0.0046535214 3.9419657e-23)
(0.0006214099 -0.0083932172 2.2315003e-21)
(0.0012054229 -0.011939237 -7.7335513e-21)
(0.0019627124 -0.015175954 5.677752e-21)
(0.0028563382 -0.017990956 1.8131578e-20)
(0.0038374658 -0.020284754 -3.5994612e-21)
(0.0048468834 -0.021977006 -1.4944181e-20)
(0.005819891 -0.023006033 1.4734218e-20)
(0.0066876224 -0.023338463 -3.4429964e-20)
(0.0073811676 -0.022967246 -6.494635e-22)
(0.0078381532 -0.021919765 2.2857796e-20)
(0.0080100626 -0.020262504 3.8153276e-20)
(0.007871111 -0.018105289 -3.1489967e-20)
(0.0074213812 -0.015589226 3.3455254e-20)
(0.0066928437 -0.01288333 5.3974271e-20)
(0.005744685 -0.01016094 -3.5253947e-20)
(0.0046571511 -0.0075856866 5.6118923e-20)
(0.0035215014 -0.0052915479 7.3414867e-20)
(0.0024246013 -0.0033660985 -4.703898e-20)
(0.0014380542 -0.0018484386 -5.9199134e-20)
(0.0006078005 -0.0007295574 2.0531068e-23)
(-4.7225224e-05 4.0524411e-05 8.3888542e-21)
(-0.00051654861 0.00050979939 -9.9406386e-21)
(-0.0007780673 0.00071375585 -1.6751274e-20)
(-0.000747629 0.0006340815 3.5503272e-21)
(-0.00044198098 0.00034907474 -3.1805667e-20)
(0.00033122258 -0.00022282196 8.4399762e-21)
(0.0014118715 -0.00089446134 6.6106239e-21)
(0.0024910037 -0.0014348744 -4.5548858e-20)
(0.0033480604 -0.0017350867 5.9618051e-20)
(0.0038573696 -0.0017791707 1.8097643e-21)
(0.0041163811 -0.00166781 1.3074874e-20)
(0.0042325964 -0.0014814525 -1.5508059e-20)
(0.0042453148 -0.0012557795 4.9313437e-20)
(0.0040285889 -0.00097692875 -3.121991e-21)
(0.0034036637 -0.00064713445 1.2613932e-20)
(0.0021586229 -0.00030199835 -1.7359894e-21)
(8.8161315e-05 -2.3752048e-05 2.4987411e-21)
(-0.0030475804 5.657575e-05 -1.5651503e-21)
(-0.0075908489 -0.0002579017 2.9398276e-21)
(-0.013615574 -0.001271702 -9.1404497e-23)
(-0.020707935 -0.0031922278 3.3809838e-20)
(-0.028457239 -0.0061534324 -1.3151797e-20)
(-0.036309412 -0.010169197 1.1979693e-20)
(-0.043805125 -0.01516518 -7.7639877e-20)
(-0.050412309 -0.020931404 -1.2611027e-20)
(-0.055792384 -0.027211938 1.1131479e-19)
(-0.059697823 -0.033710411 -9.5135845e-20)
(-0.062009568 -0.040125803 -1.8132765e-21)
(-0.062698868 -0.046160128 2.8684697e-20)
(-0.061862336 -0.051572195 -2.5655935e-20)
(-0.059589158 -0.056099664 -4.8273033e-21)
(-0.056078679 -0.059568687 -2.7512809e-21)
(-0.051570019 -0.061862701 -2.0841857e-21)
(-0.046252059 -0.062828388 -5.8773392e-21)
(-0.040397975 -0.062437707 7.4301049e-22)
(-0.034244578 -0.060655201 5.4453423e-20)
(-0.028039724 -0.057505942 -7.9883073e-20)
(-0.022016705 -0.053046284 -8.3462354e-20)
(-0.01639391 -0.047369404 -3.3466577e-20)
(-0.01136888 -0.040600632 -7.6151243e-20)
(-0.0071139193 -0.032893847 1.6912426e-20)
(-0.0037699442 -0.024427339 2.454231e-20)
(-0.0014519942 -0.015414054 -3.8095976e-20)
(-0.00022219965 -0.0060284313 -5.0887699e-21)
(8.4281176e-05 0.0029729836 -6.2673222e-22)
(0.0003192177 0.0067375948 -3.7599171e-23)
(0.00075692098 0.010374826 -2.1934381e-21)
(0.0013819523 0.013765674 7.5459688e-21)
(0.0021657528 0.016794087 -5.505688e-21)
(0.0030665798 0.01934876 -1.7481051e-20)
(0.0040309509 0.021334578 3.4518456e-21)
(0.0049967065 0.022678098 1.4258806e-20)
(0.0058969099 0.023328857 -1.3989614e-20)
(0.0066626909 0.023267504 3.2532024e-20)
(0.007228454 0.022506362 6.1075826e-22)
(0.007538661 0.021095065 -2.138894e-20)
(0.0075558488 0.019125039 -3.552948e-20)
(0.0072676952 0.01672759 2.9187e-20)
(0.0066900138 0.014061958 -3.0870968e-20)
(0.0058690792 0.011304848 -4.9604653e-20)
(0.0048748267 0.0086283335 3.2287481e-20)
(0.0037928442 0.0061830739 -5.1254106e-20)
(0.0027115609 0.0040791375 -6.6912048e-20)
(0.0017079994 0.0023758526 4.2814026e-20)
(0.00083806672 0.0010827051 5.3838437e-20)
(0.00012795837 0.0001635652 4.7608575e-20)
(-0.00040833474 -0.0004340117 3.8655613e-20)
(-0.00076626025 -0.0007612106 9.0320706e-21)
(-0.00091019089 -0.00083701595 1.5215605e-20)
(-0.00076941196 -0.00065511725 -3.2230755e-21)
(-0.00019824325 -0.00016333163 2.8860502e-20)
(0.00074453192 0.00051350949 -7.6720529e-21)
(0.001885877 0.001198646 -6.0189463e-21)
(0.0029296125 0.0016901662 4.1577852e-20)
(0.0036612516 0.0018991645 -5.451632e-20)
(0.0040585244 0.0018729833 -1.6481143e-21)
(0.0042461726 0.0017208202 2.7286744e-20)
(0.0043416765 0.0015198512 1.425743e-20)
(0.0043192769 0.0012780469 -4.5470844e-20)
(0.0040257432 0.00097696636 2.8898811e-21)
(0.0032725179 0.00062350042 8.5543555e-21)
(0.0018453533 0.00026112907 1.6229095e-21)
(-0.00045708189 -1.7313856e-05 -2.3493925e-21)
(-0.0038676521 -7.6639747e-05 1.4800856e-21)
(-0.0087229023 0.00029629981 -2.7956173e-21)
(-0.015054174 0.0014039342 2.3019267e-20)
(-0.02237963 0.0034477871 -3.2381883e-20)
(-0.030271951 0.0065436929 1.2607972e-20)
(-0.038173343 0.01068898 -1.1472651e-20)
(-0.04558579 0.015779602 7.4125485e-20)
(-0.052026966 0.02159984 1.1984239e-20)
(-0.057180055 0.027886074 -1.050351e-19)
(-0.060808123 0.034334746 8.8917369e-20)
(-0.062834191 0.04065679 1.6719835e-21)
(-0.063225935 0.046545568 -2.5924071e-20)
(-0.062121334 0.051785528 2.245235e-20)
(-0.059585412 0.056093338 -3.1920409e-20)
(-0.05584885 0.059321863 1.8785753e-21)
(-0.051168794 0.061378491 1.6947694e-21)
(-0.045703186 0.062079555 8.7790009e-21)
(-0.039747103 0.061428114 -8.9537078e-22)
(-0.033531428 0.059387798 -6.1202238e-20)
(-0.027303635 0.05599118 8.6698336e-20)
(-0.021295176 0.051301351 8.8650759e-20)
(-0.015720803 0.045415786 3.5017186e-20)
(-0.010774587 0.038465755 7.8778496e-20)
(-0.0066238951 0.030608025 -1.733584e-20)
(-0.0034046026 0.022026086 4.9502321e-20)
(-0.0012259354 0.012926075 3.8471887e-20)
(-0.00014818958 0.0035187505 5.1082492e-21)
)
;
    }
    frontAndBack
    {
        type            empty;
    }
}


// ************************************************************************* //
