/*--------------------------------*- C++ -*----------------------------------*\
  =========                 |
  \\      /  F ield         | OpenFOAM: The Open Source CFD Toolbox
   \\    /   O peration     | Website:  https://openfoam.org
    \\  /    A nd           | Version:  13
     \\/     M anipulation  |
\*---------------------------------------------------------------------------*/
FoamFile
{
    format      ascii;
    class       volVectorField;
    location    "25.498719";
    object      wallShearStress;
}
// * * * * * * * * * * * * * * * * * * * * * * * * * * * * * * * * * * * * * //

dimensions      [0 2 -2 0 0 0 0];

internalField   uniform (0 0 0);

boundaryField
{
    inlet
    {
        type            calculated;
        value           uniform (0 0 0);
    }
    outlet
    {
        type            calculated;
        value           uniform (0 0 0);
    }
    cylinder
    {
        type            calculated;
        value           nonuniform List<vector> 
132
(
(1.2792015e-05 -0.00060394206 -2.4446245e-22)
(4.4521079e-05 -0.00097970471 6.9684783e-23)
(9.7674763e-05 -0.0013530672 3.850246e-21)
(0.00017184803 -0.0017171384 -1.2926221e-20)
(0.00026612259 -0.0020646712 9.1278916e-21)
(0.00037874782 -0.002388214 2.7900702e-20)
(0.00050711112 -0.0026803904 -5.2883475e-21)
(0.00064770463 -0.0029341408 -2.095974e-20)
(0.00079621815 -0.0031431187 1.9765558e-20)
(0.00094776426 -0.0033018537 -4.4343682e-20)
(0.0010969059 -0.0034063193 -8.0750132e-22)
(0.0012379028 -0.0034539808 2.7591164e-20)
(0.0013651843 -0.0034445572 4.5038555e-20)
(0.0014734947 -0.0033795855 -3.6619535e-20)
(0.0015587028 -0.0032635207 3.8598516e-20)
(0.0016177466 -0.0031025745 6.2189343e-20)
(0.0016491225 -0.0029048699 -4.0792022e-20)
(0.0016534855 -0.0026806505 6.5497565e-20)
(0.0016340243 -0.0024418603 8.6675538e-20)
(0.001596464 -0.0022012665 -5.6267445e-20)
(0.0015485163 -0.0019709951 -7.1764524e-20)
(0.0015007516 -0.0017632605 2.5257911e-23)
(0.0014660954 -0.0015891342 1.0421359e-20)
(0.0014603489 -0.001458696 -1.2482084e-20)
(0.0015014365 -0.0013797906 -2.1240594e-20)
(0.0016077212 -0.0013563741 4.5434761e-21)
(0.0017938374 -0.001385635 -4.1023145e-20)
(0.002062419 -0.0014537095 1.0959107e-20)
(0.0024035592 -0.0015392802 8.6031676e-21)
(0.0027897589 -0.0016142723 -5.9228329e-20)
(0.0031817723 -0.0016515437 7.724558e-20)
(0.0035444174 -0.0016349519 2.3362882e-21)
(0.0038521857 -0.0015599567 1.6826508e-20)
(0.0040673764 -0.0014230147 -1.9917795e-20)
(0.0041107247 -0.0012159786 6.3216045e-20)
(0.0038490961 -0.00093401664 -3.9935637e-21)
(0.003117728 -0.00059417449 1.6092295e-20)
(0.0017048035 -0.00024205078 -2.207745e-21)
(-0.0005938923 2.7703079e-05 3.1659976e-21)
(-0.004008097 8.0369405e-05 -1.9743725e-21)
(-0.0088839701 -0.00030160181 3.6884161e-21)
(-0.015195877 -0.0014165035 -1.138632e-22)
(-0.022421445 -0.0034534266 4.1802001e-20)
(-0.030123521 -0.0065105937 -1.6130741e-20)
(-0.037739408 -0.01056622 1.4575345e-20)
(-0.04477472 -0.015497654 -9.3747246e-20)
(-0.050794987 -0.021086576 -1.5138051e-20)
(-0.055527841 -0.027078456 1.3306069e-19)
(-0.058778333 -0.033186875 -1.1361396e-19)
(-0.060504098 -0.039147511 -2.1719532e-21)
(-0.060700213 -0.044684852 3.4694702e-20)
(-0.05950357 -0.049602314 -3.1688343e-20)
(-0.057001497 -0.053660329 -6.2384311e-21)
(-0.053391779 -0.056711724 -4.0004437e-21)
(-0.048910747 -0.05867018 -6.267943e-21)
(-0.043727161 -0.059396403 -2.5951586e-21)
(-0.038092972 -0.058873299 5.8708587e-22)
(-0.032223678 -0.057074137 4.8109773e-20)
(-0.026342918 -0.054024735 -7.3883025e-20)
(-0.020661307 -0.049779687 -7.9080197e-20)
(-0.015375231 -0.044425408 -3.2168444e-20)
(-0.010662286 -0.038077169 -7.3869598e-20)
(-0.0066772933 -0.030875695 1.6504546e-20)
(-0.0035469934 -0.022983142 2.4045637e-20)
(-0.0013741687 -0.014594168 -3.7418029e-20)
(-0.00021439174 -0.0058631186 -5.0049698e-21)
(1.4508734e-06 -0.00022878658 -1.123041e-21)
(1.0488411e-05 0.00014601476 -6.6787141e-23)
(3.9867917e-05 0.000517445 -3.8265622e-21)
(8.9824762e-05 0.00087884901 1.2802623e-20)
(0.00015910257 0.0012232223 -9.015736e-21)
(0.00024592488 0.0015436328 -2.7482843e-20)
(0.0003477283 0.0018333365 5.1952024e-21)
(0.00046120068 0.0020860914 2.0536862e-20)
(0.00058236151 0.0022964317 -1.9317869e-20)
(0.00070661559 0.0024600042 4.3234849e-20)
(0.00082919344 0.002573789 7.8553503e-22)
(0.00094516617 0.0026363936 -2.6782623e-20)
(0.0010498069 0.0026482793 -4.3632882e-20)
(0.0011389502 0.0026119172 3.5413221e-20)
(0.0012092977 0.0025317057 -3.7267827e-20)
(0.0012588546 0.0024140754 -5.9961492e-20)
(0.0012870662 0.0022669269 3.9284444e-20)
(0.0012954257 0.00209993 -6.3014033e-20)
(0.001287336 0.0019234918 -8.3323935e-20)
(0.0012684056 0.0017485548 5.4058422e-20)
(0.001246591 0.0015862123 6.8916892e-20)
(0.0012318933 0.0014467578 6.1731256e-20)
(0.0012371564 0.0013402283 5.0720799e-20)
(0.0012773702 0.001275058 1.198051e-20)
(0.0013694856 0.0012576164 2.0387998e-20)
(0.0015294917 0.0012895343 -4.3617629e-21)
(0.0017660815 0.0013635347 3.9392303e-20)
(0.0020787828 0.0014648405 -1.0526817e-20)
(0.0024472958 0.0015671891 -8.2673397e-21)
(0.002837937 0.001642257 5.693999e-20)
(0.003218704 0.0016708962 -7.4292221e-20)
(0.0035637106 0.0016440334 -2.2348793e-21)
(0.0038509722 0.0015596871 3.6857917e-20)
(0.004030977 0.0014106354 1.9195571e-20)
(0.0040149048 0.0011882039 -6.0998964e-20)
(0.0036624072 0.00088967133 3.8596498e-21)
(0.0027989552 0.00053522387 1.1363768e-20)
(0.0012069651 0.00017622978 2.1422561e-21)
(-0.0013110207 -8.5036515e-05 -3.0783155e-21)
(-0.0049625028 -0.00010414525 1.9233008e-21)
(-0.010099982 0.00033987814 -3.597505e-21)
(-0.016637166 0.0015485492 2.9290376e-20)
(-0.024007122 0.003695443 -4.0729125e-20)
(-0.031761141 0.006862283 1.5676738e-20)
(-0.039305349 0.011002646 -1.4111304e-20)
(-0.046188262 0.015985111 9.032095e-20)
(-0.05198932 0.021579835 1.4492616e-20)
(-0.056456908 0.027529036 -1.2641279e-19)
(-0.05942471 0.033549383 1.0688233e-19)
(-0.060865712 0.039379076 2.0173946e-21)
(-0.060786224 0.044745766 -3.1654306e-20)
(-0.05934525 0.049467915 2.8148486e-20)
(-0.05661414 0.053293028 -4.2557703e-20)
(-0.052814536 0.056095987 3.0355512e-21)
(-0.048197222 0.057811415 -3.6096397e-21)
(-0.042902035 0.058272327 5.7986142e-21)
(-0.037199957 0.057489397 -7.5493128e-22)
(-0.031301216 0.055435834 -5.5534632e-20)
(-0.025428318 0.052143571 8.1371553e-20)
(-0.01979007 0.047673558 8.4774568e-20)
(-0.014579249 0.042115942 3.3868609e-20)
(-0.0099701465 0.035591533 7.6747867e-20)
(-0.0061128423 0.028243389 -1.6968144e-20)
(-0.0031293517 0.02023882 4.8595263e-20)
(-0.0011170011 0.011764481 3.7829298e-20)
(-0.00013041492 0.0030155909 5.0259673e-21)
)
;
    }
    frontAndBack
    {
        type            empty;
    }
}


// ************************************************************************* //
