/*--------------------------------*- C++ -*----------------------------------*\
  =========                 |
  \\      /  F ield         | OpenFOAM: The Open Source CFD Toolbox
   \\    /   O peration     | Website:  https://openfoam.org
    \\  /    A nd           | Version:  13
     \\/     M anipulation  |
\*---------------------------------------------------------------------------*/
FoamFile
{
    format      ascii;
    class       volVectorField;
    location    "25.996784";
    object      wallShearStress;
}
// * * * * * * * * * * * * * * * * * * * * * * * * * * * * * * * * * * * * * //

dimensions      [0 2 -2 0 0 0 0];

internalField   uniform (0 0 0);

boundaryField
{
    inlet
    {
        type            calculated;
        value           uniform (0 0 0);
    }
    outlet
    {
        type            calculated;
        value           uniform (0 0 0);
    }
    cylinder
    {
        type            calculated;
        value           nonuniform List<vector> 
132
(
(1.6048594e-05 -0.00083940708 -2.4531097e-22)
(5.3352066e-05 -0.001199421 6.9905111e-23)
(0.00011139512 -0.0015547682 3.8610993e-21)
(0.00018936179 -0.0018987555 -1.2957869e-20)
(0.00028618377 -0.0022245572 9.146598e-21)
(0.00040000277 -0.0025251764 2.7945931e-20)
(0.00052815505 -0.0027937604 -5.2945018e-21)
(0.00066714386 -0.0030238429 -2.0973983e-20)
(0.00081276214 -0.0032096638 1.9768917e-20)
(0.00096028482 -0.0033464151 -4.4327706e-20)
(0.001104498 -0.003430615 -8.0677747e-22)
(0.0012399989 -0.0034603756 2.7550866e-20)
(0.0013615347 -0.0034357587 4.4947815e-20)
(0.0014642787 -0.0033587456 -3.6525592e-20)
(0.0015444623 -0.0032339196 3.8478978e-20)
(0.0015991545 -0.0030670577 6.1964905e-20)
(0.0016276564 -0.0028671285 -4.0625093e-20)
(0.0016307394 -0.0026437924 6.5199721e-20)
(0.00161138 -0.0024080039 8.6245985e-20)
(0.0015753187 -0.0021720639 -5.5967903e-20)
(0.0015301059 -0.0019474924 -7.1359512e-20)
(0.0014862189 -0.0017461004 2.5112164e-23)
(0.0014561197 -0.0015782297 1.0357268e-20)
(0.0014552833 -0.0014535484 -1.2402965e-20)
(0.001501083 -0.0013793919 -2.1102823e-20)
(0.0016116593 -0.001359641 4.513497e-21)
(0.0018016207 -0.0013916095 -4.0749167e-20)
(0.0020738048 -0.001461705 1.0885325e-20)
(0.0024195925 -0.0015495178 8.544946e-21)
(0.0028113755 -0.0016267568 -5.8827141e-20)
(0.0032085349 -0.0016654184 7.6723148e-20)
(0.0035761068 -0.0016495572 2.3205374e-21)
(0.0038877662 -0.0015743602 1.6713892e-20)
(0.0041053325 -0.0014362878 -1.9785966e-20)
(0.0041506629 -0.0012277719 6.2804527e-20)
(0.0038906805 -0.00094406207 -3.9682345e-21)
(0.0031598373 -0.0006021033 1.5994036e-20)
(0.0017457018 -0.00024758077 -2.194972e-21)
(-0.00055677729 2.480797e-05 3.1489673e-21)
(-0.0039782613 7.9528507e-05 -1.9647168e-21)
(-0.0088651944 -0.00030100989 3.6724891e-21)
(-0.015191393 -0.0014161705 -1.1344418e-22)
(-0.022433297 -0.0034553158 4.1673356e-20)
(-0.030152063 -0.0065168091 -1.6090047e-20)
(-0.037783484 -0.010578592 1.4545654e-20)
(-0.044832158 -0.015517535 -9.3594883e-20)
(-0.050863036 -0.02111484 -1.5118657e-20)
(-0.055603558 -0.027115388 1.3292783e-19)
(-0.058858963 -0.033232404 -1.1352725e-19)
(-0.060587084 -0.039201208 -2.1707222e-21)
(-0.060783566 -0.044746216 3.468101e-20)
(-0.059585263 -0.049670417 -3.1680686e-20)
(-0.057080412 -0.05373463 -6.2380156e-21)
(-0.0534668 -0.056791426 -4.001067e-21)
(-0.048980685 -0.058754098 -6.2731543e-21)
(-0.043791631 -0.059484014 -2.5890781e-21)
(-0.038151385 -0.058963632 5.8672247e-22)
(-0.032275729 -0.057166405 4.8092837e-20)
(-0.026388411 -0.054118138 -7.3865994e-20)
(-0.020700157 -0.049873438 -7.9067803e-20)
(-0.01540747 -0.044518778 -3.2165015e-20)
(-0.010688017 -0.038169402 -7.3864383e-20)
(-0.0066967342 -0.030966161 1.650379e-20)
(-0.003560409 -0.023071108 2.4044952e-20)
(-0.0013819421 -0.01467941 -3.7417236e-20)
(-0.00021680479 -0.0059438646 -5.0048571e-21)
(-2.0465764e-06 -0.00047758857 -1.127265e-21)
(-4.5567544e-07 -0.00011331701 -6.7058758e-23)
(2.1770037e-05 0.00025006435 -3.8431125e-21)
(6.3184927e-05 0.00060660549 1.2861796e-20)
(0.00012434863 0.00094963491 -9.059876e-21)
(0.00020334611 0.0012723374 -2.7624987e-20)
(0.00029795981 0.0015681547 5.2235429e-21)
(0.00040523319 0.0018308899 2.0654912e-20)
(0.00052153047 0.0020549709 -1.9434853e-20)
(0.00064260174 0.0022358461 4.3510646e-20)
(0.00076390688 0.0023700812 7.9081072e-22)
(0.00088075862 0.0024558529 -2.6972412e-20)
(0.00098848798 0.0024928379 -4.3958789e-20)
(0.0010829907 0.0024829313 3.5691924e-20)
(0.0011607268 0.0024294435 -3.757657e-20)
(0.0012196002 0.0023382846 -6.0483649e-20)
(0.0012585673 0.0022162765 3.9643236e-20)
(0.0012784981 0.0020720915 -6.3616287e-20)
(0.0012822706 0.0019155787 -8.4154106e-20)
(0.0012747379 0.001756996 5.4618006e-20)
(0.0012633711 0.001607336 6.9654952e-20)
(0.0012573966 0.0014765502 6.2412523e-20)
(0.0012692037 0.0013748632 5.1295201e-20)
(0.0013130619 0.0013106858 1.2119168e-20)
(0.0014053975 0.0012906762 2.0628188e-20)
(0.0015615186 0.0013166788 -4.4138513e-21)
(0.0017904603 0.0013825248 3.9867085e-20)
(0.0020927488 0.0014748387 -1.0654346e-20)
(0.0024503233 0.0015692431 -8.3675945e-21)
(0.0028321314 0.0016389613 5.7629429e-20)
(0.0032077588 0.0016652347 -7.5188891e-20)
(0.0035509115 0.0016381309 -2.261768e-21)
(0.0038367899 0.0015539534 3.7300041e-20)
(0.0040134805 0.0014045464 1.9424839e-20)
(0.0039908859 0.0011811638 -6.1722747e-20)
(0.0036285097 0.00088155744 3.9049319e-21)
(0.0027520159 0.00052648906 1.1494841e-20)
(0.0011433471 0.00016777316 2.1663584e-21)
(-0.0013942152 -9.2082076e-05 -3.1117671e-21)
(-0.0050646242 -0.0001067509 1.9432763e-21)
(-0.010222187 0.00034369033 -3.6327005e-21)
(-0.016775615 0.0015612093 2.9556009e-20)
(-0.024154581 0.0037179332 -4.1068901e-20)
(-0.031910688 0.0068943945 1.5796343e-20)
(-0.039448047 0.011042433 -1.4209727e-20)
(-0.046319735 0.016030473 9.0900738e-20)
(-0.052105934 0.021628051 1.4578706e-20)
(-0.056556401 0.027577378 -1.2711927e-19)
(-0.05950705 0.033595713 1.0745365e-19)
(-0.06093115 0.039421271 2.027987e-21)
(-0.060836112 0.044782359 -3.1823518e-20)
(-0.059381125 0.049497698 2.8310321e-20)
(-0.056637534 0.053314935 -4.2847278e-20)
(-0.052827504 0.056109653 3.0656894e-21)
(-0.048201746 0.057816733 -3.7405548e-21)
(-0.04289947 0.058268729 5.7294154e-21)
(-0.037192032 0.057477028 -7.5190091e-22)
(-0.031289408 0.055414785 -5.5422765e-20)
(-0.025414011 0.052114072 8.1277341e-20)
(-0.019774539 0.047635939 8.4714839e-20)
(-0.014563641 0.042070581 3.3853753e-20)
(-0.0099555092 0.035538878 7.6726889e-20)
(-0.006100114 0.028183919 -1.69653e-20)
(-0.003119374 0.020173077 4.8590406e-20)
(-0.0011105156 0.011692844 3.7827127e-20)
(-0.00012821009 0.0029396824 5.0258091e-21)
)
;
    }
    frontAndBack
    {
        type            empty;
    }
}


// ************************************************************************* //
