/*--------------------------------*- C++ -*----------------------------------*\
  =========                 |
  \\      /  F ield         | OpenFOAM: The Open Source CFD Toolbox
   \\    /   O peration     | Website:  https://openfoam.org
    \\  /    A nd           | Version:  13
     \\/     M anipulation  |
\*---------------------------------------------------------------------------*/
FoamFile
{
    format      ascii;
    class       volVectorField;
    location    "10.997817";
    object      wallShearStress;
}
// * * * * * * * * * * * * * * * * * * * * * * * * * * * * * * * * * * * * * //

dimensions      [0 2 -2 0 0 0 0];

internalField   uniform (0 0 0);

boundaryField
{
    inlet
    {
        type            calculated;
        value           uniform (0 0 0);
    }
    outlet
    {
        type            calculated;
        value           uniform (0 0 0);
    }
    cylinder
    {
        type            calculated;
        value           nonuniform List<vector> 
132
(
(9.0999003e-05 -0.0016792132 -8.2913613e-23)
(0.00037639365 -0.007534184 2.4181513e-23)
(0.00098072425 -0.013266381 1.4286301e-21)
(0.0018857645 -0.018686111 -5.2559892e-21)
(0.0030518807 -0.023602195 4.142531e-21)
(0.0044175372 -0.02782809 1.4247987e-20)
(0.0059001996 -0.031199512 -3.0384619e-21)
(0.0074027523 -0.033578995 -1.3460578e-20)
(0.0088165656 -0.03486685 1.4037675e-20)
(0.010028314 -0.035013519 -3.4361722e-20)
(0.010929276 -0.034025557 -6.7222514e-22)
(0.011426499 -0.031973621 2.432646e-20)
(0.011454031 -0.028993812 4.1382397e-20)
(0.010986852 -0.02529158 -3.4544745e-20)
(0.010046822 -0.021123089 3.687538e-20)
(0.0087107297 -0.016784477 5.9451633e-20)
(0.007100173 -0.012572982 -3.8647912e-20)
(0.0053654155 -0.0087520486 6.1072304e-20)
(0.0036653554 -0.0055187215 7.9218812e-20)
(0.0021377414 -0.0029792085 -5.0335121e-20)
(0.00087148079 -0.0011351739 -6.2892483e-20)
(-8.5034941e-05 8.2644463e-05 2.172173e-23)
(-0.00077021792 0.00082388039 8.8255548e-21)
(-0.0012299403 0.0012223342 -1.0430933e-20)
(-0.0015361571 0.0014098056 -1.7553159e-20)
(-0.0016144456 0.001364954 3.713308e-21)
(-0.0014063295 0.0010955977 -3.3160237e-20)
(-0.00050136184 0.00036844709 8.7532811e-21)
(0.00092964557 -0.00058094275 6.8360917e-21)
(0.0023496675 -0.0013499771 -4.7015254e-20)
(0.0034043958 -0.0017635554 6.1560686e-20)
(0.0038861778 -0.0017929559 1.8683618e-21)
(0.0040750044 -0.0016513453 1.3482248e-20)
(0.0042002519 -0.0014695786 -1.5955098e-20)
(0.0043452821 -0.0012840199 5.0614384e-20)
(0.0043413275 -0.0010507628 -3.1972377e-21)
(0.0039885009 -0.00075516218 1.2896158e-20)
(0.0030614027 -0.00042147823 -1.7732311e-21)
(0.0013357623 -0.00012283746 2.5535461e-21)
(-0.0014400495 1.7162462e-05 -1.6029694e-21)
(-0.0056700906 -0.00019281122 3.0231419e-21)
(-0.011448461 -0.0010734909 -9.4588027e-23)
(-0.018380479 -0.0028371261 3.5249007e-20)
(-0.026034755 -0.0056327745 -1.3813282e-20)
(-0.033813418 -0.0094727381 1.2669103e-20)
(-0.041230063 -0.01427542 -8.261481e-20)
(-0.047735605 -0.019821474 -1.3491678e-20)
(-0.05299261 -0.025847388 1.1968505e-19)
(-0.056772522 -0.032059016 -1.0280941e-19)
(-0.058976157 -0.038162973 -1.9711329e-21)
(-0.05959609 -0.043875552 3.1434168e-20)
(-0.058746276 -0.048974017 -2.847399e-20)
(-0.056525883 -0.053215138 -5.4873024e-21)
(-0.053128695 -0.056434368 -3.3224119e-21)
(-0.048800184 -0.058539308 -3.9094051e-21)
(-0.043722343 -0.059391279 -4.5620359e-21)
(-0.038150261 -0.058962947 6.8832104e-22)
(-0.032311494 -0.057230503 5.2658605e-20)
(-0.026437171 -0.054218575 -7.8699888e-20)
(-0.020745674 -0.049983196 -8.3055704e-20)
(-0.015440212 -0.044613052 -3.3504037e-20)
(-0.010704185 -0.038226205 -7.6523496e-20)
(-0.0066973092 -0.030966855 1.703523e-20)
(-0.0035502161 -0.02300124 2.4755083e-20)
(-0.0013686174 -0.014527551 -3.84514e-20)
(-0.00021020661 -0.0057065996 -5.1364304e-21)
(0.00012449283 0.0041720085 -3.8550654e-22)
(0.00047439779 0.0099506044 -2.4112149e-23)
(0.0011349413 0.015528096 -1.4969079e-21)
(0.002081465 0.020717419 5.5600917e-21)
(0.0032682764 0.02533313 -4.4030981e-21)
(0.00462896 0.029199831 -1.5148356e-20)
(0.006076893 0.032166602 3.2212194e-21)
(0.007514748 0.034112697 1.4198933e-20)
(0.008834565 0.034958941 -1.4716322e-20)
(0.0099267766 0.034676498 3.5780547e-20)
(0.01068985 0.033295081 6.9526447e-22)
(0.011040666 0.030906821 -2.498922e-20)
(0.010926949 0.027670671 -4.2243718e-20)
(0.010337537 0.023806383 3.5066297e-20)
(0.0093103818 0.019582717 -3.725149e-20)
(0.0079336808 0.015292925 -5.9830244e-20)
(0.0063331239 0.01121952 3.8787992e-20)
(0.0046602375 0.0076058223 -6.1196451e-20)
(0.0030629013 0.0046155565 -7.9334904e-20)
(0.0016598116 0.0023174981 5.0423031e-20)
(0.00052661394 0.00069351911 6.3048559e-20)
(-0.00031674333 -0.00035692647 5.5511083e-20)
(-0.00090725766 -0.00097388542 4.4952805e-20)
(-0.0013050139 -0.0012983555 1.0488893e-20)
(-0.0015482584 -0.0014220871 1.7656239e-20)
(-0.0015364101 -0.001301068 -3.7352003e-21)
(-0.0011236501 -0.00087923897 3.3362243e-20)
(-6.4299643e-05 -6.0660082e-05 -8.8278472e-21)
(0.00138793 0.00087559942 -6.9062468e-21)
(0.0027043818 0.0015574074 4.7614841e-20)
(0.0035521758 0.0018420421 -6.2375498e-20)
(0.0039120378 0.0018056737 -1.8822978e-21)
(0.0040585383 0.0016447608 3.1075828e-20)
(0.0041957626 0.001468035 1.617618e-20)
(0.0043143714 0.0012752641 -5.1374278e-20)
(0.0042272541 0.0010239915 3.250469e-21)
(0.003728846 0.0007074624 9.5778589e-21)
(0.0025981531 0.00036054722 1.8092207e-21)
(0.00061075641 6.6037793e-05 -2.6096723e-21)
(-0.002490744 -4.2472299e-05 1.6401042e-21)
(-0.0070833861 0.00024069621 -3.0944149e-21)
(-0.01320241 0.0012345767 2.5496956e-20)
(-0.020386088 0.0031435978 -3.5927835e-20)
(-0.028173254 0.0060924708 1.4019703e-20)
(-0.035963252 0.010072068 -1.2789283e-20)
(-0.043254011 0.01497379 8.2863662e-20)
(-0.049541599 0.020568977 1.3436633e-20)
(-0.054520175 0.02658934 -1.1822969e-19)
(-0.057981032 0.03273846 1.0062495e-19)
(-0.059863321 0.038734164 1.9077022e-21)
(-0.060162033 0.044289416 -2.997744e-20)
(-0.059026897 0.049205245 2.6586705e-20)
(-0.056535677 0.053221494 -3.9750108e-20)
(-0.052909698 0.056199015 2.7292376e-21)
(-0.048407093 0.058064831 -2.1391833e-21)
(-0.043181587 0.058653495 6.7084163e-21)
(-0.037509576 0.057969155 -8.0427341e-22)
(-0.031610532 0.055984777 -5.7914229e-20)
(-0.025715072 0.05273263 8.4105121e-20)
(-0.020039181 0.048274662 8.7231384e-20)
(-0.014782227 0.042703365 3.4766603e-20)
(-0.010124067 0.036142292 7.8682288e-20)
(-0.0062194782 0.028737953 -1.7385605e-20)
(-0.0031942463 0.020661586 4.9784969e-20)
(-0.00114845 0.012104455 3.876504e-20)
(-0.0001381814 0.0032642927 5.1532354e-21)
)
;
    }
    frontAndBack
    {
        type            empty;
    }
}


// ************************************************************************* //
