/*--------------------------------*- C++ -*----------------------------------*\
  =========                 |
  \\      /  F ield         | OpenFOAM: The Open Source CFD Toolbox
   \\    /   O peration     | Website:  https://openfoam.org
    \\  /    A nd           | Version:  13
     \\/     M anipulation  |
\*---------------------------------------------------------------------------*/
FoamFile
{
    format      ascii;
    class       volVectorField;
    location    "42.501803";
    object      wallShearStress;
}
// * * * * * * * * * * * * * * * * * * * * * * * * * * * * * * * * * * * * * //

dimensions      [0 2 -2 0 0 0 0];

internalField   uniform (0 0 0);

boundaryField
{
    inlet
    {
        type            calculated;
        value           uniform (0 0 0);
    }
    outlet
    {
        type            calculated;
        value           uniform (0 0 0);
    }
    cylinder
    {
        type            calculated;
        value           nonuniform List<vector> 
132
(
(-5.0970144e-06 0.00065651578 -2.9412871e-22)
(-1.0264519e-05 0.00035493439 8.3961713e-23)
(1.1466096e-06 4.1375066e-05 4.6452059e-21)
(3.1355005e-05 -0.00028016753 -1.5613973e-20)
(8.0401063e-05 -0.00060399646 1.1038168e-20)
(0.00014882307 -0.00092427896 3.3774371e-20)
(0.00023558504 -0.0012345002 -6.4078362e-21)
(0.00033919457 -0.0015280112 -2.5420173e-20)
(0.00045728663 -0.0017981757 2.3993619e-20)
(0.00058684261 -0.0020386597 -5.3878442e-20)
(0.00072412228 -0.0022437499 -9.8203479e-22)
(0.00086481299 -0.0024087139 3.3588501e-20)
(0.0010042663 -0.0025301336 5.4885624e-20)
(0.0011377696 -0.0026061864 -4.4675461e-20)
(0.0012609292 -0.0026369852 4.7145315e-20)
(0.0013699925 -0.0026245881 7.6053522e-20)
(0.0014624498 -0.0025734071 -4.9949972e-20)
(0.0015372028 -0.0024896404 8.0306548e-20)
(0.0015953593 -0.0023817219 1.064116e-19)
(0.0016403338 -0.0022595205 -6.9168493e-20)
(0.0016782917 -0.0021340611 -8.8327689e-20)
(0.001718452 -0.0020170751 3.1130702e-23)
(0.0017728928 -0.0019199346 1.285594e-20)
(0.0018556564 -0.0018521643 -1.5414369e-20)
(0.0019815773 -0.0018201433 -2.6257108e-20)
(0.0021643696 -0.0018257333 5.6221692e-21)
(0.0024113983 -0.0018630117 -5.0813635e-20)
(0.0027208161 -0.0019185963 1.3588057e-20)
(0.0030784721 -0.0019725814 1.0677467e-20)
(0.0034569218 -0.0020014526 -7.3577706e-20)
(0.0038208154 -0.0019843436 9.6050485e-20)
(0.0041315665 -0.0019069414 2.9079402e-21)
(0.0043390916 -0.0017586176 2.0967932e-20)
(0.0043593614 -0.0015272896 -2.4851645e-20)
(0.0040752555 -0.0012085367 7.8962967e-20)
(0.003326136 -0.00081170619 -4.9915905e-21)
(0.0019305212 -0.00037588578 2.0108846e-20)
(-0.00033430161 2.626978e-05 -2.7542618e-21)
(-0.0036659295 0.00027374799 3.9348271e-21)
(-0.0081767997 0.00018556336 -2.4397988e-21)
(-0.01424959 -0.0004710641 4.5185217e-21)
(-0.021749867 -0.002018134 -1.3790329e-22)
(-0.029972645 -0.0046079646 4.9997908e-20)
(-0.038469226 -0.0083065733 -1.9051616e-20)
(-0.046660319 -0.013057604 1.7014852e-20)
(-0.054074163 -0.018710788 -1.0833334e-19)
(-0.060289487 -0.0250217 -1.7351027e-20)
(-0.065057733 -0.031720252 1.5162685e-19)
(-0.068194576 -0.038498659 -1.2905216e-19)
(-0.069673372 -0.045076208 -2.4668564e-21)
(-0.069495437 -0.051156089 3.9566348e-20)
(-0.067815615 -0.056528292 -3.6515392e-20)
(-0.064719701 -0.060923606 -7.3528092e-21)
(-0.06044601 -0.064202564 -4.974273e-21)
(-0.055245195 -0.066266777 -9.4607482e-21)
(-0.049285439 -0.06694485 -1.5497999e-22)
(-0.042858708 -0.066237442 4.7535459e-22)
(-0.036196073 -0.064108743 4.3780624e-20)
(-0.029545212 -0.060590931 -7.0050169e-20)
(-0.023137806 -0.055745229 -7.6517989e-20)
(-0.01718998 -0.049667736 -3.1493723e-20)
(-0.011897692 -0.042487506 -7.2854045e-20)
(-0.0074314406 -0.034360507 1.6356078e-20)
(-0.0039308103 -0.025467702 2.3905143e-20)
(-0.0015097351 -0.016023661 -3.7275592e-20)
(-0.00022942969 -0.0062063247 -4.9917617e-21)
(1.6441195e-05 0.00094435065 -1.3490883e-21)
(5.3116996e-05 0.0012196125 -8.0090869e-23)
(0.00010504839 0.0014799548 -4.579961e-21)
(0.00017067423 0.0017205952 1.5290703e-20)
(0.00024832601 0.0019371991 -1.0742842e-20)
(0.00033587077 0.0021258049 -3.2665162e-20)
(0.00043076243 0.002283095 6.1581572e-21)
(0.00053013834 0.0024064972 2.4273803e-20)
(0.00063094411 0.002494375 -2.2764485e-20)
(0.00073006199 0.0025461169 5.0790436e-20)
(0.00082445193 0.0025622934 9.1993409e-22)
(0.00091144863 0.0025445973 -3.1263401e-20)
(0.00098883102 0.0024959438 -5.0771989e-20)
(0.0010550466 0.0024203566 4.108059e-20)
(0.0011094761 0.0023230437 -4.3104329e-20)
(0.0011525863 0.0022101418 -6.9159383e-20)
(0.001186109 0.0020885505 4.5193898e-20)
(0.0012132678 0.0019658224 -7.2324681e-20)
(0.0012387972 0.0018497032 -9.5438129e-20)
(0.0012693871 0.0017483471 6.1808304e-20)
(0.001313553 0.0016696068 7.8681003e-20)
(0.001382253 0.0016213662 7.0395841e-20)
(0.0014880569 0.0016100362 5.7792327e-20)
(0.0016448846 0.0016401096 1.364429e-20)
(0.0018648974 0.0017112315 2.3216807e-20)
(0.002154896 0.0018161614 -4.9682014e-21)
(0.002512116 0.0019395806 4.4895742e-20)
(0.0029235007 0.0020607178 -1.2007913e-20)
(0.0033612128 0.0021534293 -9.440712e-21)
(0.0037855133 0.0021917569 6.5103834e-20)
(0.0041640621 0.0021628657 -8.5066259e-20)
(0.0044689112 0.0020629534 -2.5633557e-21)
(0.0046567147 0.001887662 4.2364091e-20)
(0.0046387079 0.0016255063 2.2118957e-20)
(0.004287032 0.0012717889 -7.0486362e-20)
(0.0034301221 0.00083777524 4.4726392e-21)
(0.001878769 0.00036737489 1.3201269e-20)
(-0.00059422557 -5.9775511e-05 2.4928277e-21)
(-0.0041843444 -0.00031416372 -3.5824079e-21)
(-0.0089795805 -0.00020565189 2.2350087e-21)
(-0.015360086 0.00050639606 -4.1647416e-21)
(-0.023141805 0.0021459369 3.3701213e-20)
(-0.031565811 0.0048513794 -4.651499e-20)
(-0.040174925 0.0086732227 1.7765428e-20)
(-0.048374184 0.013535601 -1.5875712e-20)
(-0.05570385 0.019273 1.0096e-19)
(-0.061759293 0.025629504 1.6120394e-20)
(-0.066313281 0.032330175 -1.4015031e-19)
(-0.06919947 0.039063703 1.1836466e-19)
(-0.070417658 0.045555448 2.2375385e-21)
(-0.069966133 0.051500254 -3.5293473e-20)
(-0.068047163 0.056718991 3.1762725e-20)
(-0.064703462 0.060905629 -4.9233099e-20)
(-0.0602161 0.0639559 3.7603194e-21)
(-0.054863123 0.065805719 -6.8585595e-21)
(-0.048759184 0.066226881 4.0196802e-21)
(-0.042236003 0.065271542 -6.7462145e-22)
(-0.035512428 0.062893754 -5.2480523e-20)
(-0.028838354 0.059136292 7.8731538e-20)
(-0.022443623 0.054066386 8.306244e-20)
(-0.016541249 0.047784815 3.3433966e-20)
(-0.011324055 0.040426774 7.6120599e-20)
(-0.0069578887 0.03215147 -1.6879894e-20)
(-0.0035773977 0.023145108 4.8431147e-20)
(-0.0012910116 0.013616627 3.7737868e-20)
(-0.00015775141 0.0037758368 5.0149306e-21)
)
;
    }
    frontAndBack
    {
        type            empty;
    }
}


// ************************************************************************* //
