/*--------------------------------*- C++ -*----------------------------------*\
  =========                 |
  \\      /  F ield         | OpenFOAM: The Open Source CFD Toolbox
   \\    /   O peration     | Website:  https://openfoam.org
    \\  /    A nd           | Version:  13
     \\/     M anipulation  |
\*---------------------------------------------------------------------------*/
FoamFile
{
    format      ascii;
    class       volVectorField;
    location    "20.800234";
    object      wallShearStress;
}
// * * * * * * * * * * * * * * * * * * * * * * * * * * * * * * * * * * * * * //

dimensions      [0 2 -2 0 0 0 0];

internalField   uniform (0 0 0);

boundaryField
{
    inlet
    {
        type            calculated;
        value           uniform (0 0 0);
    }
    outlet
    {
        type            calculated;
        value           uniform (0 0 0);
    }
    cylinder
    {
        type            calculated;
        value           nonuniform List<vector> 
132
(
(4.8846368e-05 -0.0025138686 -2.1045679e-22)
(0.00016224713 -0.0036432753 5.9894718e-23)
(0.00033843068 -0.0047269738 3.3081759e-21)
(0.00057123433 -0.0057347222 -1.1108458e-20)
(0.00085261747 -0.0066366055 7.8509599e-21)
(0.0011710224 -0.0074032512 2.4030014e-20)
(0.0015115648 -0.0080077296 -4.5621987e-21)
(0.0018561403 -0.0084271314 -1.8112961e-20)
(0.0021851005 -0.0086443237 1.710749e-20)
(0.0024774785 -0.0086495608 -3.8424139e-20)
(0.0027126188 -0.0084420966 -7.0009503e-22)
(0.0028719122 -0.0080313496 2.3913452e-20)
(0.00294098 -0.0074383182 3.8988364e-20)
(0.0029114481 -0.0066948571 -3.1631338e-20)
(0.0027819315 -0.0058410198 3.3237304e-20)
(0.0025594501 -0.0049238538 5.3340565e-20)
(0.0022594914 -0.0039935956 -3.4826981e-20)
(0.001903567 -0.0030978598 5.56375e-20)
(0.0015190531 -0.0022800037 7.3240813e-20)
(0.0011335191 -0.0015710743 -4.7297482e-20)
(0.00077604563 -0.00099407765 -6.0019938e-20)
(0.00047093982 -0.00055792422 2.1051221e-23)
(0.00025064396 -0.00027435035 8.6367026e-21)
(0.00014311733 -0.00014330744 -1.0303198e-20)
(0.00021206356 -0.00019270153 -1.7469614e-20)
(0.0004850123 -0.00040477627 3.7264512e-21)
(0.00099071334 -0.00075930608 -3.358147e-20)
(0.0016772996 -0.0011766771 8.9707657e-21)
(0.0024137513 -0.0015420246 7.0512323e-21)
(0.0030818381 -0.0017817147 -4.8667051e-20)
(0.0035760737 -0.0018563545 6.3645252e-20)
(0.0039043534 -0.0018018967 1.9298133e-21)
(0.0041208869 -0.0016696919 1.3928436e-20)
(0.0042551603 -0.0014893643 -1.6522484e-20)
(0.0042374833 -0.0012539165 5.2568706e-20)
(0.0039237923 -0.0009524965 -3.3305495e-21)
(0.0031404796 -0.00059884797 1.3464184e-20)
(0.0016831909 -0.00023943819 -1.8536189e-21)
(-0.00064362783 3.1637199e-05 2.6677141e-21)
(-0.0040662973 8.1863316e-05 -1.6696453e-21)
(-0.008920382 -0.0003026376 3.1309898e-21)
(-0.015235882 -0.0014203228 -9.7068736e-23)
(-0.022533731 -0.0034710796 3.5776033e-20)
(-0.03040125 -0.0065713237 -1.3862167e-20)
(-0.038292441 -0.010722137 1.2574943e-20)
(-0.045713202 -0.015823596 -8.1163362e-20)
(-0.05218988 -0.021667516 -1.3140001e-20)
(-0.057404359 -0.027995818 1.1563701e-19)
(-0.061118086 -0.03451033 -9.8648086e-20)
(-0.063243134 -0.040922185 -1.8783857e-21)
(-0.063751614 -0.046933586 2.9737618e-20)
(-0.06275126 -0.052311885 -2.6680122e-20)
(-0.060333164 -0.056798993 -5.0640655e-21)
(-0.056700778 -0.060228608 -2.9609584e-21)
(-0.052086826 -0.062481971 -2.8021523e-21)
(-0.046681953 -0.063411882 -5.2885616e-21)
(-0.040755053 -0.062989339 7.1304434e-22)
(-0.034541301 -0.061180749 5.3113285e-20)
(-0.028285727 -0.058010719 -7.8458136e-20)
(-0.022219453 -0.053535381 -8.2269861e-20)
(-0.016558872 -0.047847141 -3.3056014e-20)
(-0.011499807 -0.041070047 -7.5306284e-20)
(-0.007213432 -0.033357226 1.6735453e-20)
(-0.0038396013 -0.024884732 2.4291851e-20)
(-0.0014931948 -0.015866974 -3.770502e-20)
(-0.00023521915 -0.0064663793 -5.0348072e-21)
(-3.8748909e-06 -0.0013566878 -9.6906641e-22)
(6.2242801e-06 -0.00017758493 -5.7829218e-23)
(8.340537e-05 0.0010066389 -3.3271701e-21)
(0.0002245196 0.0021674099 1.1190973e-20)
(0.00042785369 0.0032739546 -7.9297102e-21)
(0.00068549175 0.004294119 -2.4341648e-20)
(0.00098645174 0.0051965384 4.6365481e-21)
(0.0013161032 0.0059516385 1.847577e-20)
(0.0016563481 0.0065337748 -1.752196e-20)
(0.001987223 0.0069228104 3.9533307e-20)
(0.002287377 0.0071062126 7.2376943e-22)
(0.0025357047 0.0070806698 -2.4854619e-20)
(0.0027132892 0.0068535034 -4.0746035e-20)
(0.0028052739 0.0064429463 3.3245051e-20)
(0.0028031687 0.0058787487 -3.5132847e-20)
(0.0027054548 0.005198578 -5.6701388e-20)
(0.0025207361 0.0044500123 3.7223561e-20)
(0.0022642063 0.0036800929 -5.9774327e-20)
(0.0019585216 0.0029353032 -7.9063675e-20)
(0.0016312969 0.0022565606 5.128054e-20)
(0.0013120007 0.001675793 6.5329259e-20)
(0.0010305954 0.0012151271 5.846243e-20)
(0.00082100148 0.00089236624 4.7981158e-20)
(0.00071886921 0.0007185943 1.1320471e-20)
(0.00076988538 0.00070608072 1.9243471e-20)
(0.0010029239 0.00084287284 -4.1137707e-21)
(0.0014279148 0.0010989178 3.7143292e-20)
(0.001988639 0.0013983154 -9.93256e-21)
(0.0025766109 0.0016482403 -7.8118165e-21)
(0.0030997057 0.0017933287 5.3910802e-20)
(0.0034960898 0.0018154472 -7.0486796e-20)
(0.0037739422 0.0017419614 -2.1244496e-21)
(0.0039594699 0.00160459 3.5097082e-20)
(0.0040297838 0.0014111779 1.8310257e-20)
(0.003885321 0.0011510037 -5.8287119e-20)
(0.0033733552 0.00082108359 3.6938813e-21)
(0.0023193966 0.00044638261 1.0888256e-20)
(0.0005143629 8.4346472e-05 2.0535466e-21)
(-0.002225488 -0.00015984547 -2.9493712e-21)
(-0.0060720551 -0.00013247308 1.8400361e-21)
(-0.011385717 0.00037985995 -3.4331645e-21)
(-0.018102088 0.0016827026 2.7861745e-20)
(-0.025651121 0.0039467668 -3.8614667e-20)
(-0.033614155 0.0072614161 1.4818353e-20)
(-0.041410774 0.011591408 -1.3305342e-20)
(-0.048591979 0.016816627 8.4989595e-20)
(-0.054716935 0.022712203 1.3612759e-20)
(-0.059505581 0.029016173 -1.1851731e-19)
(-0.062758618 0.035432455 9.9962182e-20)
(-0.064423254 0.041681775 1.8799743e-21)
(-0.064480793 0.047466528 -2.9317552e-20)
(-0.063085188 0.052586522 2.5790056e-20)
(-0.060293337 0.056757518 -3.8111667e-20)
(-0.056343728 0.059845583 2.5536831e-21)
(-0.051497711 0.061771299 -1.4192898e-21)
(-0.045896083 0.062339969 7.0034601e-21)
(-0.039838468 0.061567837 -8.0995046e-22)
(-0.033548734 0.059417019 -5.7655715e-20)
(-0.027270689 0.055922177 8.3250127e-20)
(-0.021231768 0.051147042 8.6045061e-20)
(-0.015642872 0.045188815 3.4214886e-20)
(-0.010694818 0.038178553 7.7310766e-20)
(-0.0065519712 0.03027196 -1.7063654e-20)
(-0.00334776 0.021651729 4.8826405e-20)
(-0.001189222 0.012521253 3.8001848e-20)
(-0.00013589506 0.0030979982 5.0509068e-21)
)
;
    }
    frontAndBack
    {
        type            empty;
    }
}


// ************************************************************************* //
