/*--------------------------------*- C++ -*----------------------------------*\
  =========                 |
  \\      /  F ield         | OpenFOAM: The Open Source CFD Toolbox
   \\    /   O peration     | Website:  https://openfoam.org
    \\  /    A nd           | Version:  13
     \\/     M anipulation  |
\*---------------------------------------------------------------------------*/
FoamFile
{
    format      ascii;
    class       volVectorField;
    location    "39.703969";
    object      wallShearStress;
}
// * * * * * * * * * * * * * * * * * * * * * * * * * * * * * * * * * * * * * //

dimensions      [0 2 -2 0 0 0 0];

internalField   uniform (0 0 0);

boundaryField
{
    inlet
    {
        type            calculated;
        value           uniform (0 0 0);
    }
    outlet
    {
        type            calculated;
        value           uniform (0 0 0);
    }
    cylinder
    {
        type            calculated;
        value           nonuniform List<vector> 
132
(
(1.4949041e-05 -0.00082823871 -2.8452298e-22)
(4.8824628e-05 -0.0011122378 8.0782032e-23)
(9.863641e-05 -0.0013849193 4.4449276e-21)
(0.00016311752 -0.0016413017 -1.4857767e-20)
(0.00024088031 -0.0018767405 1.0444325e-20)
(0.0003300077 -0.0020868187 3.1774983e-20)
(0.00042813222 -0.0022676109 -5.9936922e-21)
(0.00053247835 -0.0024158065 -2.3638884e-20)
(0.00063996428 -0.0025289011 2.2181657e-20)
(0.00074731743 -0.0026053574 -4.9518166e-20)
(0.00085122879 -0.0026447201 -8.9738677e-22)
(0.00094863328 -0.0026477506 3.0514201e-20)
(0.0010367544 -0.0026163751 4.9581701e-20)
(0.0011134278 -0.0025538771 -4.013791e-20)
(0.0011772352 -0.0024646334 4.2135366e-20)
(0.0012278365 -0.0023542798 6.7634547e-20)
(0.0012660682 -0.0022293199 -4.421502e-20)
(0.001294243 -0.002097132 7.0782818e-20)
(0.0013163207 -0.0019656997 9.3431043e-20)
(0.0013380287 -0.0018432629 -6.0522786e-20)
(0.0013671766 -0.0017382592 -7.705793e-20)
(0.0014138412 -0.0016590045 2.7123387e-23)
(0.0014902888 -0.0016130799 1.1164222e-20)
(0.0016106792 -0.0016066072 -1.3363938e-20)
(0.0017891526 -0.0016422248 -2.2736339e-20)
(0.002036693 -0.0017168497 4.8641542e-21)
(0.0023581269 -0.0018207904 -4.3939721e-20)
(0.0027429876 -0.0019334016 1.1747312e-20)
(0.0031688947 -0.0020299599 9.2310143e-21)
(0.0036032246 -0.0020858499 -6.3621516e-20)
(0.0040050142 -0.0020798681 8.307809e-20)
(0.0043436183 -0.0020046745 2.5161788e-21)
(0.00458639 -0.0018585468 1.8153378e-20)
(0.0046612463 -0.0016324711 -2.1534969e-20)
(0.0044569058 -0.001320671 6.851839e-20)
(0.0038154548 -0.00092914236 -4.3400747e-21)
(0.0025550315 -0.00049244716 1.7533069e-20)
(0.00044922603 -7.7826791e-05 -2.4103863e-21)
(-0.0026862911 0.000194194 3.4599903e-21)
(-0.007018387 0.00015433715 -2.1573836e-21)
(-0.012919208 -0.00042980835 4.0222721e-21)
(-0.020271621 -0.0018830923 -1.2369319e-22)
(-0.028421267 -0.004371449 4.5177407e-20)
(-0.03689848 -0.0079691882 -1.7333428e-20)
(-0.045114315 -0.012626354 1.5576122e-20)
(-0.052623118 -0.018210021 -9.9700036e-20)
(-0.058960804 -0.024471954 -1.6031046e-20)
(-0.063865719 -0.031140651 1.4048852e-19)
(-0.067154806 -0.037913088 -1.1971257e-19)
(-0.068778415 -0.044498498 -2.2871703e-21)
(-0.068745779 -0.05060543 3.657236e-20)
(-0.067195606 -0.056012543 -3.3521032e-20)
(-0.064224882 -0.060458835 -6.6545963e-21)
(-0.060062531 -0.06379617 -4.3581522e-21)
(-0.054955397 -0.065920059 -7.4128147e-21)
(-0.049081679 -0.066668989 -1.74338e-21)
(-0.042726445 -0.066033961 5.4936695e-22)
(-0.036123546 -0.063981295 4.6702746e-20)
(-0.029520447 -0.06054129 -7.2690051e-20)
(-0.02314924 -0.055774162 -7.8317848e-20)
(-0.017226656 -0.049775507 -3.1974748e-20)
(-0.011948932 -0.042673038 -7.3578296e-20)
(-0.0074872918 -0.034622803 1.6457892e-20)
(-0.003981562 -0.02580393 2.398846e-20)
(-0.0015466629 -0.016434057 -3.7325803e-20)
(-0.00024308377 -0.0066770707 -4.9897182e-21)
(-3.3641783e-06 -0.00053510984 -1.3120163e-21)
(-5.7225959e-06 -0.00023170281 -7.8310123e-23)
(9.4228031e-06 7.9758029e-05 -4.5028323e-21)
(4.2203106e-05 0.00039533355 1.5117553e-20)
(9.3639419e-05 0.0007093444 -1.0681516e-20)
(0.00016305304 0.0010160347 -3.2665659e-20)
(0.00024942301 0.0013092911 6.1941301e-21)
(0.00035101807 0.0015829588 2.4558931e-20)
(0.00046533078 0.0018310764 -2.3167868e-20)
(0.00058927744 0.002048124 5.1995257e-20)
(0.00071920548 0.0022293286 9.4719097e-22)
(0.0008510095 0.0023709311 -3.237857e-20)
(0.00098040952 0.002470568 -5.2879809e-20)
(0.0011031646 0.0025273499 4.3020036e-20)
(0.0012155307 0.0025423754 -4.5375353e-20)
(0.0013144134 0.0025183511 -7.3163102e-20)
(0.0013981415 0.0024603976 4.8030236e-20)
(0.0014663497 0.0023749492 -7.718844e-20)
(0.0015209132 0.0022705561 -1.0224344e-19)
(0.0015660168 0.0021570347 6.6438182e-20)
(0.0016083764 0.0020449553 8.4819617e-20)
(0.0016578338 0.0019456354 7.6072999e-20)
(0.0017264587 0.0018692971 6.2576204e-20)
(0.0018281843 0.0018243506 1.4796385e-20)
(0.0019774064 0.0018159291 2.5205054e-20)
(0.0021846714 0.0018425405 -5.39758e-21)
(0.0024553706 0.0018967772 4.879428e-20)
(0.0027818255 0.0019615674 -1.3052481e-20)
(0.00314478 0.0020151492 -1.0261014e-20)
(0.0035187007 0.0020373751 7.07447e-20)
(0.0038696679 0.0020099263 -9.2409709e-20)
(0.0041558113 0.0019184416 -2.783663e-21)
(0.004319111 0.0017509809 4.5980052e-20)
(0.0042698613 0.0014966149 2.3984797e-20)
(0.0038848669 0.0011531486 -7.6326817e-20)
(0.0029946975 0.0007327262 4.8336581e-21)
(0.0014165221 0.00028050335 1.422898e-20)
(-0.001070662 -0.00012395885 2.6777757e-21)
(-0.0046633508 -0.00035309142 -3.8323846e-21)
(-0.0094252998 -0.00021872457 2.3796716e-21)
(-0.015741062 0.00051748315 -4.4106332e-21)
(-0.023424727 0.0021711254 3.5489656e-20)
(-0.031724214 0.004874846 -4.8721519e-20)
(-0.040196816 0.0086772111 1.8518868e-20)
(-0.048253851 0.013501479 -1.6480661e-20)
(-0.055450176 0.019184902 1.0446083e-19)
(-0.061389391 0.025475484 1.6636549e-20)
(-0.065846949 0.032102393 -1.4439307e-19)
(-0.068660261 0.038758952 1.2184462e-19)
(-0.069828044 0.045173696 2.3037469e-21)
(-0.069347302 0.051044468 -3.6394459e-20)
(-0.06741882 0.056194986 3.2873476e-20)
(-0.064081878 0.060320252 -5.1369834e-20)
(-0.059614187 0.063316301 4.0015619e-21)
(-0.054293411 0.065122042 -8.0217668e-21)
(-0.048230891 0.065508927 3.3269479e-21)
(-0.041756101 0.064529405 -6.3985102e-22)
(-0.035085919 0.062137756 -5.0981855e-20)
(-0.028468302 0.058376622 7.7233067e-20)
(-0.02213135 0.053312984 8.191414e-20)
(-0.016286489 0.047047229 3.3082668e-20)
(-0.011125113 0.039714073 7.5499877e-20)
(-0.0068117436 0.031471984 -1.6773164e-20)
(-0.0034799522 0.022506794 4.8199944e-20)
(-0.0012369131 0.01302482 3.7611624e-20)
(-0.00014190905 0.0032460795 5.0053217e-21)
)
;
    }
    frontAndBack
    {
        type            empty;
    }
}


// ************************************************************************* //
