/*--------------------------------*- C++ -*----------------------------------*\
  =========                 |
  \\      /  F ield         | OpenFOAM: The Open Source CFD Toolbox
   \\    /   O peration     | Website:  https://openfoam.org
    \\  /    A nd           | Version:  13
     \\/     M anipulation  |
\*---------------------------------------------------------------------------*/
FoamFile
{
    format      ascii;
    class       volVectorField;
    location    "31.599244";
    object      wallShearStress;
}
// * * * * * * * * * * * * * * * * * * * * * * * * * * * * * * * * * * * * * //

dimensions      [0 2 -2 0 0 0 0];

internalField   uniform (0 0 0);

boundaryField
{
    inlet
    {
        type            calculated;
        value           uniform (0 0 0);
    }
    outlet
    {
        type            calculated;
        value           uniform (0 0 0);
    }
    cylinder
    {
        type            calculated;
        value           nonuniform List<vector> 
132
(
(7.9980129e-06 -0.00031760999 -2.5849467e-22)
(2.9939093e-05 -0.0006389154 7.3733135e-23)
(7.0229325e-05 -0.00096322613 4.0760396e-21)
(0.00012921933 -0.0012852769 -1.3690453e-20)
(0.00020666782 -0.0015992477 9.6710721e-21)
(0.0003016722 -0.0018990103 2.9569404e-20)
(0.00041261312 -0.0021782824 -5.605851e-21)
(0.00053713446 -0.0024308558 -2.222174e-20)
(0.0006720668 -0.0026508768 2.0958331e-20)
(0.00081377002 -0.0028330615 -4.7024821e-20)
(0.00095796781 -0.0029729986 -8.5641714e-22)
(0.0011000328 -0.0030675136 2.9266507e-20)
(0.0012351861 -0.0031148249 4.7781304e-20)
(0.0013588805 -0.0031150223 -3.8857853e-20)
(0.0014669694 -0.0030698062 4.0969089e-20)
(0.0015564463 -0.0029833852 6.6030305e-20)
(0.0016251975 -0.0028611271 -4.3328729e-20)
(0.0016732278 -0.0027110758 6.9600739e-20)
(0.0017023865 -0.0025424801 9.2150764e-20)
(0.0017167628 -0.0023656449 -5.9852372e-20)
(0.001723558 -0.0021923597 -7.6377864e-20)
(0.0017324491 -0.0020341414 2.6901742e-23)
(0.0017565498 -0.001902762 1.1103473e-20)
(0.0018112155 -0.0018081939 -1.3306773e-20)
(0.0019135736 -0.0017579084 -2.2658099e-20)
(0.002078681 -0.0017535121 4.8501028e-21)
(0.0023171037 -0.0017900677 -4.3826641e-20)
(0.0026269834 -0.0018522294 1.1718765e-20)
(0.002994226 -0.001918335 9.2090756e-21)
(0.0033903043 -0.0019626264 -6.3473341e-20)
(0.0037721337 -0.0019588521 8.2892174e-20)
(0.0041009826 -0.0018926118 2.5108758e-21)
(0.0043367296 -0.0017573436 1.8116869e-20)
(0.0044077893 -0.0015437262 -2.1491054e-20)
(0.0042085659 -0.0012471627 6.8363832e-20)
(0.0035887546 -0.0008741095 -4.328283e-21)
(0.0023739021 -0.00045795085 1.7472531e-20)
(0.00034527905 -6.3223994e-05 -2.3995273e-21)
(-0.0026800202 0.00019443601 3.4397901e-21)
(-0.0068616045 0.00015116347 -2.1413739e-21)
(-0.012568891 -0.00041806274 3.9852513e-21)
(-0.019700417 -0.0018301025 -1.2232334e-22)
(-0.02762806 -0.0042496434 4.460118e-20)
(-0.035902119 -0.0077543034 -1.7087453e-20)
(-0.043946088 -0.012299783 1.5335792e-20)
(-0.051316693 -0.017758366 -9.8059955e-20)
(-0.05756197 -0.023891872 -1.5753929e-20)
(-0.062417416 -0.030434986 1.379478e-19)
(-0.065694615 -0.037089239 -1.1745315e-19)
(-0.067341015 -0.043569021 -2.2417755e-21)
(-0.06735942 -0.049585355 3.5799607e-20)
(-0.06588165 -0.054917661 -3.2743437e-20)
(-0.063003058 -0.059309015 -6.4770459e-21)
(-0.058945436 -0.062609893 -4.2069577e-21)
(-0.053949754 -0.064713956 -6.9448037e-21)
(-0.048194615 -0.065464162 -2.0695088e-21)
(-0.041959186 -0.064848145 5.622783e-22)
(-0.035475167 -0.06283276 4.7097344e-20)
(-0.028987065 -0.059447118 -7.291903e-20)
(-0.022724621 -0.05475061 -7.8369072e-20)
(-0.016902317 -0.048837544 -3.1955343e-20)
(-0.011714492 -0.041834521 -7.3491139e-20)
(-0.0073305052 -0.033895687 1.6436449e-20)
(-0.0038888391 -0.025199163 2.3962823e-20)
(-0.001502785 -0.015958608 -3.7306968e-20)
(-0.0002326179 -0.0063444448 -4.991712e-21)
(3.6132998e-06 -1.1821439e-06 -1.1866219e-21)
(1.6291307e-05 0.00031098835 -7.0506923e-23)
(4.5959321e-05 0.00061671383 -4.035729e-21)
(9.2189422e-05 0.00091092483 1.3487496e-20)
(0.00015393054 0.0011884509 -9.4863621e-21)
(0.00022959025 0.0014442917 -2.8878645e-20)
(0.00031705257 0.0016737884 5.4511695e-21)
(0.00041370346 0.0018727985 2.1515786e-20)
(0.0005165267 0.0020379219 -2.0206454e-20)
(0.00062220763 0.0021666321 4.5149699e-20)
(0.00072725747 0.0022575579 8.1899777e-22)
(0.00082834016 0.0023104396 -2.7877592e-20)
(0.00092235636 0.0023264539 -4.5345376e-20)
(0.0010066477 0.0023079924 3.6748218e-20)
(0.0010793892 0.0022590297 -3.8619103e-20)
(0.00113962 0.0021845405 -6.2057676e-20)
(0.0011877795 0.0020910069 4.0612497e-20)
(0.0012256303 0.0019855991 -6.5082524e-20)
(0.0012567056 0.0018764005 -8.5990957e-20)
(0.001286508 0.0017720753 5.5754295e-20)
(0.0013226869 0.0016815272 7.1046447e-20)
(0.0013751576 0.0016134809 6.3620812e-20)
(0.0014562577 0.0015761404 5.2267569e-20)
(0.0015796736 0.0015756074 1.2346891e-20)
(0.0017589483 0.0016144557 2.1017495e-20)
(0.002005081 0.0016901995 -4.4986949e-21)
(0.0023196609 0.0017911427 4.0658269e-20)
(0.0026915957 0.0018972835 -1.0875239e-20)
(0.0030966494 0.0019838472 -8.5502836e-21)
(0.0035012561 0.0020269904 5.8962792e-20)
(0.0038756246 0.0020128025 -7.7041382e-20)
(0.0041880549 0.0019330503 -2.3216685e-21)
(0.0043950236 0.0017812808 3.8371165e-20)
(0.0044229904 0.0015494684 2.0033541e-20)
(0.0041586861 0.0012330215 -6.3839295e-20)
(0.0034406569 0.00083913651 4.0508625e-21)
(0.0020898029 0.00040553125 1.1957627e-20)
(-0.00011486444 2.8385249e-06 2.2585944e-21)
(-0.003357991 -0.00024928811 -3.2477658e-21)
(-0.0077676387 -0.00017489198 2.0281359e-21)
(-0.013711294 0.00045395663 -3.7847748e-21)
(-0.021051335 0.0019538192 3.0690042e-20)
(-0.029103731 0.0044747835 -4.245908e-20)
(-0.0374156 0.0080793515 1.6255493e-20)
(-0.045415255 0.012709364 -1.455945e-20)
(-0.052649091 0.018217765 9.2763762e-20)
(-0.058694332 0.02435962 1.482918e-20)
(-0.063310244 0.030868039 -1.2895998e-19)
(-0.066317629 0.037438694 1.0879681e-19)
(-0.067697571 0.043797405 2.0506335e-21)
(-0.067442429 0.049644123 -3.2153834e-20)
(-0.06573408 0.054792313 2.8611533e-20)
(-0.06262251 0.058948032 -4.334389e-20)
(-0.058367482 0.061993421 3.1206344e-21)
(-0.053239831 0.063859481 -3.9777631e-21)
(-0.047365598 0.064334724 5.5924214e-21)
(-0.041059768 0.063454269 -7.4523589e-22)
(-0.034542582 0.061176414 -5.5130774e-20)
(-0.028059859 0.057539962 8.0972507e-20)
(-0.021839272 0.052610297 8.4462988e-20)
(-0.016091843 0.046485963 3.3767517e-20)
(-0.011008648 0.039299597 7.6549363e-20)
(-0.0067541917 0.031207992 -1.6927804e-20)
(-0.0034620756 0.022394756 4.8483523e-20)
(-0.0012398461 0.013065253 3.7741598e-20)
(-0.00014671836 0.0034316308 5.0137153e-21)
)
;
    }
    frontAndBack
    {
        type            empty;
    }
}


// ************************************************************************* //
