/*--------------------------------*- C++ -*----------------------------------*\
  =========                 |
  \\      /  F ield         | OpenFOAM: The Open Source CFD Toolbox
   \\    /   O peration     | Website:  https://openfoam.org
    \\  /    A nd           | Version:  13
     \\/     M anipulation  |
\*---------------------------------------------------------------------------*/
FoamFile
{
    format      ascii;
    class       volVectorField;
    location    "46.90127";
    object      wallShearStress;
}
// * * * * * * * * * * * * * * * * * * * * * * * * * * * * * * * * * * * * * //

dimensions      [0 2 -2 0 0 0 0];

internalField   uniform (0 0 0);

boundaryField
{
    inlet
    {
        type            calculated;
        value           uniform (0 0 0);
    }
    outlet
    {
        type            calculated;
        value           uniform (0 0 0);
    }
    cylinder
    {
        type            calculated;
        value           nonuniform List<vector> 
132
(
(-2.594139e-05 0.0021504429 -2.9977707e-22)
(-7.3957315e-05 0.0018849877 8.5220843e-23)
(-0.00010737358 0.0016055329 4.6952237e-21)
(-0.00012502718 0.001316295 -1.5715055e-20)
(-0.0001259992 0.0010202345 1.1062087e-20)
(-0.00011021344 0.00072412041 3.3703317e-20)
(-7.7788379e-05 0.00043199185 -6.367374e-21)
(-2.9474404e-05 0.00014913842 -2.51552e-20)
(3.3237015e-05 -0.00011932237 2.3648118e-20)
(0.00010836794 -0.00036876321 -5.2898358e-20)
(0.00019384406 -0.00059478114 -9.606912e-22)
(0.00028666383 -0.00079381731 3.2744894e-20)
(0.00038374208 -0.00096322209 5.3339346e-20)
(0.00048203966 -0.0011013434 -4.3293636e-20)
(0.0005786059 -0.0012077645 4.5572201e-20)
(0.00067086508 -0.0012833432 7.3355099e-20)
(0.00075692436 -0.001330337 -4.8088651e-20)
(0.00083578169 -0.0013522449 7.7195538e-20)
(0.00090772749 -0.0013539274 1.021649e-19)
(0.00097447697 -0.0013412074 -6.6344911e-20)
(0.0010396408 -0.0013209521 -8.4662243e-20)
(0.0011089039 -0.0013006592 2.9840497e-23)
(0.0011900784 -0.0012879103 1.2311222e-20)
(0.0012934035 -0.0012901675 -1.4756444e-20)
(0.0014300146 -0.0013127871 -2.5128155e-20)
(0.0016110875 -0.0013583598 5.3782271e-21)
(0.0018444108 -0.001424366 -4.8580906e-20)
(0.0021309831 -0.0015021034 1.2980455e-20)
(0.0024644981 -0.0015785919 1.0188685e-20)
(0.0028264399 -0.0016358058 -7.0110005e-20)
(0.0031940027 -0.0016580764 9.1362584e-20)
(0.0035451145 -0.0016353434 2.7602993e-21)
(0.0038456513 -0.0015574204 1.9856266e-20)
(0.0040362493 -0.0014124162 -2.3471217e-20)
(0.0040235816 -0.0011907787 7.4366102e-20)
(0.0036637603 -0.00089009639 -4.6878095e-21)
(0.0027794934 -0.00053177483 1.8838394e-20)
(0.0011463226 -0.00016842501 -2.575628e-21)
(-0.0014399097 9.5477919e-05 3.6776759e-21)
(-0.0051890553 0.00010937981 -2.281966e-21)
(-0.010471852 -0.00035215362 4.2368516e-21)
(-0.017196187 -0.0016004696 -1.2984653e-22)
(-0.024782978 -0.0038148348 4.7327625e-20)
(-0.03277117 -0.0070805113 -1.8132067e-20)
(-0.040545689 -0.01134992 1.627509e-20)
(-0.047653705 -0.016492432 -1.0409405e-19)
(-0.053655902 -0.022271797 -1.6728402e-20)
(-0.058292801 -0.028424524 1.4655368e-19)
(-0.061397318 -0.034663432 -1.2488996e-19)
(-0.06293347 -0.040717375 -2.3874865e-21)
(-0.062915894 -0.046314082 3.8235477e-20)
(-0.061489398 -0.051255957 -3.5156839e-20)
(-0.058746654 -0.055301531 -7.0242887e-21)
(-0.054899612 -0.058311795 -4.6686813e-21)
(-0.050190124 -0.060203335 -8.3832304e-21)
(-0.044782334 -0.060828164 -1.0536634e-21)
(-0.038938621 -0.060178697 5.2067922e-22)
(-0.032876154 -0.0582281 4.573867e-20)
(-0.026821568 -0.055004443 -7.1998518e-20)
(-0.020988213 -0.050564995 -7.7992475e-20)
(-0.015574416 -0.044997939 -3.19352e-20)
(-0.010759932 -0.03842165 -7.3607783e-20)
(-0.0067010152 -0.030978668 1.6479038e-20)
(-0.0035259418 -0.022834981 2.4027735e-20)
(-0.0013383938 -0.014184417 -3.7385876e-20)
(-0.00019591802 -0.0051954846 -4.9959142e-21)
(3.5763857e-05 0.0024004884 -1.3805454e-21)
(0.0001108579 0.0026357089 -8.2285238e-23)
(0.00019957191 0.0028539319 -4.7243269e-21)
(0.00030026504 0.0030506216 1.5834884e-20)
(0.00041111856 0.0032215418 -1.1168148e-20)
(0.00052981332 0.0033626683 -3.4085919e-20)
(0.00065354037 0.0034705226 6.4493113e-21)
(0.00077923638 0.0035422326 2.5509553e-20)
(0.00090349573 0.0035757634 -2.4001972e-20)
(0.0010227796 0.0035701202 5.3716252e-20)
(0.001133548 0.003525354 9.7567489e-22)
(0.0012325628 0.003443032 -3.3245504e-20)
(0.0013168711 0.0033255832 -5.4118816e-20)
(0.00138436 0.0031772464 4.3881093e-20)
(0.0014336861 0.003003195 -4.6128232e-20)
(0.001464641 0.0028097989 -7.412976e-20)
(0.0014784978 0.0026046938 4.850759e-20)
(0.0014777749 0.0023957444 -7.771479e-20)
(0.0014668593 0.0021916615 -1.0264311e-19)
(0.001451593 0.0020008194 6.6520814e-20)
(0.0014400237 0.0018319482 8.4722537e-20)
(0.0014419095 0.0016929588 7.5826017e-20)
(0.0014697142 0.001591747 6.2259118e-20)
(0.001537364 0.0015342869 1.4698369e-20)
(0.00166044 0.0015247051 2.5004411e-20)
(0.0018520482 0.0015616151 -5.3484061e-21)
(0.0021185472 0.0016359871 4.8300189e-20)
(0.0024567389 0.0017316052 -1.2907965e-20)
(0.0028480687 0.0018242604 -1.0138103e-20)
(0.0032598189 0.0018867706 6.983212e-20)
(0.0036572923 0.0018989155 -9.1123557e-20)
(0.0040102268 0.0018503802 -2.7415446e-21)
(0.0042843699 0.0017356925 4.5220242e-20)
(0.0044108001 0.0015442595 2.35544e-20)
(0.0042782299 0.0012672106 -7.4859038e-20)
(0.0037233514 0.0009061859 4.7364472e-21)
(0.0025553993 0.00049186418 1.3940676e-20)
(0.00053325094 8.8633751e-05 2.6259209e-21)
(-0.0025369151 -0.00018241615 -3.7672823e-21)
(-0.0068211522 -0.00014929809 2.3480722e-21)
(-0.012693726 0.00042280924 -4.375632e-21)
(-0.019972415 0.0018554215 3.544733e-20)
(-0.027956942 0.0042998205 -4.9006127e-20)
(-0.036166033 0.0078104425 1.8754298e-20)
(-0.044009585 0.012316407 -1.6795171e-20)
(-0.051020478 0.017654474 1.0704672e-19)
(-0.056803582 0.023574485 1.7134576e-20)
(-0.061145655 0.029811886 -1.4940613e-19)
(-0.063897665 0.036071545 1.2666742e-19)
(-0.065066718 0.042094233 2.4071463e-21)
(-0.064672486 0.047604002 -3.8279228e-20)
(-0.062894609 0.052424315 3.4885261e-20)
(-0.059809816 0.056299335 -5.5405898e-20)
(-0.055656957 0.059113437 4.4578406e-21)
(-0.050693011 0.060803757 -1.0203378e-20)
(-0.045057301 0.061198745 2.0770914e-21)
(-0.039030466 0.060317621 -5.8063664e-22)
(-0.032825319 0.058134785 -4.8632559e-20)
(-0.026667817 0.054685456 7.5120238e-20)
(-0.020769592 0.050033952 8.0495161e-20)
(-0.015325452 0.044273202 3.2713948e-20)
(-0.010511602 0.03752756 7.4969056e-20)
(-0.0064794301 0.029943123 -1.670363e-20)
(-0.0033520709 0.021690686 4.8100735e-20)
(-0.0012274731 0.012962225 3.7590779e-20)
(-0.00015907712 0.003945766 5.0078336e-21)
)
;
    }
    frontAndBack
    {
        type            empty;
    }
}


// ************************************************************************* //
