/*--------------------------------*- C++ -*----------------------------------*\
  =========                 |
  \\      /  F ield         | OpenFOAM: The Open Source CFD Toolbox
   \\    /   O peration     | Website:  https://openfoam.org
    \\  /    A nd           | Version:  13
     \\/     M anipulation  |
\*---------------------------------------------------------------------------*/
FoamFile
{
    format      ascii;
    class       volVectorField;
    location    "7.503024";
    object      wallShearStress;
}
// * * * * * * * * * * * * * * * * * * * * * * * * * * * * * * * * * * * * * //

dimensions      [0 2 -2 0 0 0 0];

internalField   uniform (0 0 0);

boundaryField
{
    inlet
    {
        type            calculated;
        value           uniform (0 0 0);
    }
    outlet
    {
        type            calculated;
        value           uniform (0 0 0);
    }
    cylinder
    {
        type            calculated;
        value           nonuniform List<vector> 
132
(
(0.00011000246 -0.0017551647 -9.7178634e-23)
(0.00046036788 -0.0091494381 2.8497863e-23)
(0.0012123684 -0.016377414 1.7019749e-21)
(0.0023402407 -0.02318156 -6.343645e-21)
(0.0037893871 -0.029304883 5.065402e-21)
(0.0054766451 -0.034503364 1.7622135e-20)
(0.0072904812 -0.038561179 -3.7922472e-21)
(0.0091027674 -0.041303162 -1.6907061e-20)
(0.010770877 -0.042610662 1.7700029e-20)
(0.012148702 -0.042433619 -4.33954e-20)
(0.013100322 -0.040802659 -8.4869175e-22)
(0.013515053 -0.037836675 3.064989e-20)
(0.013323325 -0.033744691 5.1969816e-20)
(0.012514881 -0.028827846 -4.320269e-20)
(0.011144243 -0.023448089 4.5906555e-20)
(0.009339784 -0.018010966 7.3673542e-20)
(0.0072804298 -0.012904903 -4.7704708e-20)
(0.0051702517 -0.0084446763 7.5163826e-20)
(0.0032100313 -0.0048437295 9.7341072e-20)
(0.001543192 -0.0021616865 -6.183613e-20)
(0.00025839575 -0.00035496193 -7.7319433e-20)
(-0.00065362779 0.00075176382 2.6796499e-23)
(-0.0012512738 0.0013466314 1.0887874e-20)
(-0.0016541231 0.0016471381 -1.2896504e-20)
(-0.0018889796 0.0017359242 -2.1722917e-20)
(-0.0018199346 0.0015428014 4.5976859e-21)
(-0.0011409779 0.00089687851 -4.1063675e-20)
(0.00029293448 -0.00018797181 1.0882476e-20)
(0.0019959552 -0.0012641067 8.5217874e-21)
(0.0033863677 -0.0019532983 -5.8816761e-20)
(0.0041057524 -0.0021312278 7.7018451e-20)
(0.0043505004 -0.0020089905 2.3351354e-21)
(0.0044663586 -0.0018101607 1.6824145e-20)
(0.0046272911 -0.0016190426 -1.9905149e-20)
(0.0047363794 -0.0014003163 6.3156395e-20)
(0.0045723284 -0.0011082204 -3.9911636e-21)
(0.0039197963 -0.00074473771 1.609934e-20)
(0.002547337 -0.00035558262 -2.213092e-21)
(0.00022255568 -3.6718908e-05 3.1833579e-21)
(-0.003318907 6.0706122e-05 -1.9938159e-21)
(-0.0084565134 -0.00028737608 3.7456291e-21)
(-0.015171692 -0.0014166169 -1.1643168e-22)
(-0.022914196 -0.0035313096 4.3041989e-20)
(-0.031188083 -0.0067423132 -1.6719295e-20)
(-0.039371716 -0.011024518 1.5196917e-20)
(-0.046922555 -0.016241794 -9.8246379e-20)
(-0.053365221 -0.022154291 -1.5934026e-20)
(-0.05840985 -0.028484302 1.4058295e-19)
(-0.061855592 -0.034924474 -1.2044276e-19)
(-0.063663619 -0.041191717 -2.3100813e-21)
(-0.063843159 -0.046998296 3.7038016e-20)
(-0.062540526 -0.052133501 -3.3988469e-20)
(-0.059862295 -0.056352958 -6.7440184e-21)
(-0.056027701 -0.059511001 -4.3952821e-21)
(-0.051280862 -0.06151258 -7.3195094e-21)
(-0.045804659 -0.062217654 -2.0686525e-21)
(-0.039865964 -0.06161273 5.8091445e-22)
(-0.033691589 -0.059673256 4.8850916e-20)
(-0.027515591 -0.056428767 -7.5746925e-20)
(-0.02155791 -0.051938832 -8.1464979e-20)
(-0.016022704 -0.04629493 -3.3227144e-20)
(-0.011094423 -0.039618703 -7.6416896e-20)
(-0.0069333624 -0.03205718 1.7087468e-20)
(-0.0036706365 -0.023779874 2.4902371e-20)
(-0.0014122551 -0.014987974 -3.8747478e-20)
(-0.0002158148 -0.0058453733 -5.1804214e-21)
(0.00016205313 0.0056298233 -4.519272e-22)
(0.00061260865 0.012903935 -2.8434196e-23)
(0.0014517095 0.019888383 -1.7826122e-21)
(0.0026434942 0.026329986 6.6981871e-21)
(0.0041241164 0.031983014 -5.3636361e-21)
(0.0058023734 0.036620021 -1.8627482e-20)
(0.007561966 0.040047417 3.9891714e-21)
(0.0092733182 0.042116393 1.7665208e-20)
(0.010795517 0.042740185 -1.8350538e-20)
(0.011989176 0.041903256 4.4624723e-20)
(0.012730448 0.039673577 8.6576727e-22)
(0.012924827 0.036204037 -3.1018239e-20)
(0.012526625 0.031743871 -5.2212337e-20)
(0.011546068 0.026610742 4.3127937e-20)
(0.010066082 0.021190927 -4.5576556e-20)
(0.0082284855 0.015876652 -7.2849635e-20)
(0.0062159981 0.01102544 4.7038626e-20)
(0.0042290119 0.0069136162 -7.401703e-20)
(0.0024410232 0.0036904521 -9.5832481e-20)
(0.00096915065 0.0013702471 6.0925866e-20)
(-0.00012495639 -0.00013712151 7.6256353e-20)
(-0.00088850036 -0.0010301648 6.7278131e-20)
(-0.001388117 -0.0014964132 5.4579056e-20)
(-0.0017296904 -0.0017240311 1.2759312e-20)
(-0.0018519818 -0.0017036267 2.149329e-20)
(-0.0016731414 -0.0014215143 -4.550774e-21)
(-0.00069656776 -0.00055614175 4.0623379e-20)
(0.0009058274 0.00062065995 -1.0797765e-20)
(0.0025085849 0.0015949785 -8.469587e-21)
(0.0036839173 0.002128249 5.8560373e-20)
(0.0041816638 0.0021721449 -7.6681064e-20)
(0.0043560216 0.0020117998 -2.3113562e-21)
(0.0044836002 0.0018170047 3.8120596e-20)
(0.0046567494 0.0016294966 1.9847687e-20)
(0.0047102351 0.0013932145 -6.3074528e-20)
(0.0044290622 0.0010746166 3.9937071e-21)
(0.0036008732 0.00068610654 1.1774141e-20)
(0.0019894575 0.00028212255 2.2245321e-21)
(-0.00063140777 -2.8114298e-05 -3.2070203e-21)
(-0.0045066399 -9.0192173e-05 2.0120703e-21)
(-0.010011656 0.00033970771 -3.7837513e-21)
(-0.017049929 0.0015888591 3.0997623e-20)
(-0.025010895 0.0038514768 -4.3369989e-20)
(-0.033381472 0.007213506 1.6790201e-20)
(-0.041504758 0.011618939 -1.5193623e-20)
(-0.048905747 0.016925999 9.7722607e-20)
(-0.055111111 0.022875955 1.5750751e-20)
(-0.059860564 0.029188783 -1.3801992e-19)
(-0.062992223 0.035563364 1.1728171e-19)
(-0.064480628 0.041717588 2.2274945e-21)
(-0.064350074 0.047368794 -3.5251654e-20)
(-0.06277351 0.052325121 3.1767413e-20)
(-0.059834814 0.056324288 -4.9231094e-20)
(-0.055778446 0.059243609 3.7306227e-21)
(-0.050870157 0.061017105 -6.5186416e-21)
(-0.045254791 0.061467601 4.4078878e-21)
(-0.039222706 0.060615077 -7.0596513e-22)
(-0.032993323 0.058432428 -5.447568e-20)
(-0.026799806 0.054955907 8.1496472e-20)
(-0.020859973 0.05025107 8.5884914e-20)
(-0.01537424 0.044412951 3.4558353e-20)
(-0.010523678 0.037568525 7.86861e-20)
(-0.0064638258 0.029867035 -1.7454897e-20)
(-0.0033211305 0.021482836 5.0109344e-20)
(-0.001196212 0.012610394 3.9075465e-20)
(-0.00014515011 0.0034492874 5.1978684e-21)
)
;
    }
    frontAndBack
    {
        type            empty;
    }
}


// ************************************************************************* //
