/*--------------------------------*- C++ -*----------------------------------*\
  =========                 |
  \\      /  F ield         | OpenFOAM: The Open Source CFD Toolbox
   \\    /   O peration     | Website:  https://openfoam.org
    \\  /    A nd           | Version:  13
     \\/     M anipulation  |
\*---------------------------------------------------------------------------*/
FoamFile
{
    format      ascii;
    class       volVectorField;
    location    "30.302824";
    object      wallShearStress;
}
// * * * * * * * * * * * * * * * * * * * * * * * * * * * * * * * * * * * * * //

dimensions      [0 2 -2 0 0 0 0];

internalField   uniform (0 0 0);

boundaryField
{
    inlet
    {
        type            calculated;
        value           uniform (0 0 0);
    }
    outlet
    {
        type            calculated;
        value           uniform (0 0 0);
    }
    cylinder
    {
        type            calculated;
        value           nonuniform List<vector> 
132
(
(-3.3492327e-06 0.00053525906 -2.5041675e-22)
(-5.4802475e-06 0.00022717775 7.1297445e-23)
(9.8499936e-06 -8.5846872e-05 3.9348575e-21)
(4.2515044e-05 -0.00039933283 -1.319374e-20)
(9.3308183e-05 -0.00070773805 9.3045679e-21)
(0.00016119133 -0.0010052816 2.8402893e-20)
(0.00024486261 -0.0012861637 -5.3764215e-21)
(0.00034234368 -0.0015446211 -2.1281502e-20)
(0.00045099858 -0.0017751811 2.0044592e-20)
(0.00056750458 -0.0019729105 -4.4919748e-20)
(0.00068819469 -0.0021336597 -8.1719285e-22)
(0.00080896302 -0.002254241 2.7898998e-20)
(0.00092558711 -0.0023328723 4.5511146e-20)
(0.0010338704 -0.0023690561 -3.698631e-20)
(0.0011301509 -0.0023642691 3.89742e-20)
(0.0012112579 -0.0023212032 6.2788552e-20)
(0.0012754461 -0.0022450053 -4.1188365e-20)
(0.0013218443 -0.0021414706 6.614924e-20)
(0.0013515943 -0.0020184016 8.7569486e-20)
(0.0013676204 -0.0018844488 -5.6874029e-20)
(0.001374936 -0.0017488995 -7.2575811e-20)
(0.0013811835 -0.0016217609 2.5564054e-23)
(0.0013961972 -0.0015125244 1.0550758e-20)
(0.0014325504 -0.0014302995 -1.2643705e-20)
(0.0015050364 -0.0013827252 -2.1525687e-20)
(0.0016287286 -0.0013739961 4.6063147e-21)
(0.0018160199 -0.0014028787 -4.1602713e-20)
(0.0020729926 -0.0014613764 1.1115714e-20)
(0.0023938417 -0.0015332722 8.7263718e-21)
(0.0027598078 -0.0015970663 -6.0068645e-20)
(0.0031400328 -0.0016299052 7.8324799e-20)
(0.00349891 -0.0016139339 2.368333e-21)
(0.0038072066 -0.0015417121 1.7052658e-20)
(0.0040218486 -0.0014070917 -2.017979e-20)
(0.0040607073 -0.0012012399 6.4026298e-20)
(0.0037906111 -0.00091995343 -4.0431109e-21)
(0.0030467312 -0.00058091344 1.6283866e-20)
(0.0016167232 -0.00023030123 -2.2326863e-21)
(-0.00070304627 3.6924838e-05 3.199382e-21)
(-0.0041409747 8.3703525e-05 -1.993605e-21)
(-0.0090428292 -0.00030657487 3.7207241e-21)
(-0.015377781 -0.0014331684 -1.1473385e-22)
(-0.022618584 -0.0034835295 4.2074892e-20)
(-0.030326568 -0.0065542255 -1.6218033e-20)
(-0.037936415 -0.010621134 1.4638471e-20)
(-0.044956614 -0.015560455 -9.4058438e-20)
(-0.050954537 -0.021152542 -1.5173344e-20)
(-0.05566008 -0.027142683 1.3324544e-19)
(-0.058880804 -0.033244477 -1.1366214e-19)
(-0.060576529 -0.039194126 -2.1706643e-21)
(-0.060742842 -0.044715984 3.4632657e-20)
(-0.059519859 -0.049615644 -3.1584356e-20)
(-0.056992391 -0.053651477 -6.202909e-21)
(-0.053360729 -0.056678469 -3.9595567e-21)
(-0.048863056 -0.05861266 -6.0960107e-21)
(-0.043664669 -0.059311156 -2.757034e-21)
(-0.038019997 -0.058760092 5.9601536e-22)
(-0.032143739 -0.056932031 4.851887e-20)
(-0.026259652 -0.053853312 -7.4303581e-20)
(-0.020578301 -0.049578828 -7.9400328e-20)
(-0.01529593 -0.04419506 -3.2261777e-20)
(-0.010590131 -0.037817682 -7.4017283e-20)
(-0.0066155463 -0.030587207 1.6524792e-20)
(-0.0034989257 -0.022666448 2.4057764e-20)
(-0.0013428698 -0.014248215 -3.7410583e-20)
(-0.00020356809 -0.0054928993 -5.0002903e-21)
(1.5194744e-05 0.00083614446 -1.1515915e-21)
(4.9744492e-05 0.0011305527 -6.8549543e-23)
(0.00010101819 0.0014163847 -3.930917e-21)
(0.0001679636 0.0016883746 1.3161511e-20)
(0.00024936621 0.0019413949 -9.2741858e-21)
(0.0003434308 0.0021703793 -2.8284305e-20)
(0.00044779585 0.0023705596 5.3485307e-21)
(0.00055957826 0.0025376721 2.114716e-20)
(0.00067536601 0.0026681379 -1.9893142e-20)
(0.00079158006 0.0027593253 4.4518852e-20)
(0.00090436334 0.0028095888 8.0870734e-22)
(0.0010099265 0.0028187361 -2.7563804e-20)
(0.0011046714 0.0027878078 -4.4887396e-20)
(0.0011855707 0.0027195132 3.6414072e-20)
(0.001250364 0.002618027 -3.8300793e-20)
(0.001297497 0.0024882791 -6.1589425e-20)
(0.0013269755 0.0023371264 4.0327772e-20)
(0.0013404 0.0021726066 -6.4651507e-20)
(0.00134094 0.002003265 -8.5442278e-20)
(0.001333506 0.0018379399 5.5404917e-20)
(0.0013249698 0.0016855906 7.0600757e-20)
(0.0013242075 0.0015548736 6.3214089e-20)
(0.0013424975 0.0014541489 5.1921321e-20)
(0.0013932383 0.0013906637 1.2260705e-20)
(0.0014915882 0.0013698538 2.086046e-20)
(0.0016522484 0.0013932715 -4.4621712e-21)
(0.001884752 0.0014554516 4.0294966e-20)
(0.0021918102 0.0015447538 -1.0767283e-20)
(0.0025574405 0.0016379063 -8.4559263e-21)
(0.0029513044 0.0017079484 5.8239609e-20)
(0.0033418414 0.0017348473 -7.5993589e-20)
(0.0036981029 0.0017060574 -2.2864121e-21)
(0.0039914194 0.0016166262 3.771625e-20)
(0.0041681592 0.0014587359 1.9648344e-20)
(0.0041365213 0.0012243255 -6.2460713e-20)
(0.0037532139 0.00091190427 3.9539061e-21)
(0.002840853 0.00054351937 1.1647449e-20)
(0.0011772937 0.00017277445 2.1970383e-21)
(-0.0014346838 -9.4802871e-05 -3.1589733e-21)
(-0.0051985642 -0.00010965297 1.9748329e-21)
(-0.010470211 0.0003518955 -3.695707e-21)
(-0.017143617 0.001595277 3.0099242e-20)
(-0.024632669 0.0037912869 -4.1860236e-20)
(-0.032480711 0.0070172602 1.6112407e-20)
(-0.040083426 0.011219966 -1.4503565e-20)
(-0.047000028 0.016265584 9.2844836e-20)
(-0.052807453 0.021918869 1.4902215e-20)
(-0.057259496 0.027919867 -1.3008013e-19)
(-0.060197637 0.033985275 1.1012093e-19)
(-0.061596682 0.039851576 2.0829569e-21)
(-0.061469112 0.045248082 -3.2799649e-20)
(-0.059974739 0.049992321 2.9347059e-20)
(-0.057188782 0.053833721 -4.4916729e-20)
(-0.053333533 0.056647048 3.3052559e-21)
(-0.048660692 0.05836723 -4.9071094e-21)
(-0.043311684 0.058828719 5.0362588e-21)
(-0.037557435 0.058041926 -7.175942e-22)
(-0.031608856 0.055980884 -5.3979288e-20)
(-0.025688691 0.05267787 7.9880331e-20)
(-0.02000597 0.04819427 8.3685322e-20)
(-0.014753589 0.042620564 3.3552039e-20)
(-0.010105934 0.036077916 7.6216499e-20)
(-0.006213122 0.028709644 -1.6880866e-20)
(-0.0031972307 0.020683317 4.8412074e-20)
(-0.0011555733 0.012186672 3.7728438e-20)
(-0.00014214758 0.0034101601 5.0171698e-21)
)
;
    }
    frontAndBack
    {
        type            empty;
    }
}


// ************************************************************************* //
