/*--------------------------------*- C++ -*----------------------------------*\
  =========                 |
  \\      /  F ield         | OpenFOAM: The Open Source CFD Toolbox
   \\    /   O peration     | Website:  https://openfoam.org
    \\  /    A nd           | Version:  13
     \\/     M anipulation  |
\*---------------------------------------------------------------------------*/
FoamFile
{
    format      ascii;
    class       volVectorField;
    location    "23.000396";
    object      wallShearStress;
}
// * * * * * * * * * * * * * * * * * * * * * * * * * * * * * * * * * * * * * //

dimensions      [0 2 -2 0 0 0 0];

internalField   uniform (0 0 0);

boundaryField
{
    inlet
    {
        type            calculated;
        value           uniform (0 0 0);
    }
    outlet
    {
        type            calculated;
        value           uniform (0 0 0);
    }
    cylinder
    {
        type            calculated;
        value           nonuniform List<vector> 
132
(
(-9.2552879e-06 0.0012986112 -2.2799067e-22)
(-1.8940942e-05 0.00066225386 6.4741182e-23)
(5.8359314e-06 2.8590513e-05 3.5659099e-21)
(6.4252245e-05 -0.00058903855 -1.1934368e-20)
(0.00015563801 -0.0011759312 8.4029828e-21)
(0.00027551885 -0.0017175365 2.5616799e-20)
(0.00041860633 -0.0022000286 -4.8438076e-21)
(0.00057808436 -0.0026107835 -1.9156525e-20)
(0.00074584492 -0.0029391247 1.8030219e-20)
(0.00091272897 -0.0031771013 -4.0381012e-20)
(0.0010694019 -0.0033200784 -7.3422065e-22)
(0.0012066327 -0.00336726 2.5051951e-20)
(0.0013160959 -0.0033222044 4.0841937e-20)
(0.0013910866 -0.0031927522 -3.3168719e-20)
(0.0014273687 -0.0029911445 3.492395e-20)
(0.0014237066 -0.002733247 5.6213324e-20)
(0.0013821561 -0.0024374535 -3.6839649e-20)
(0.0013086273 -0.0021242493 5.9103727e-20)
(0.0012124959 -0.0018143415 7.8161261e-20)
(0.0011058505 -0.0015267622 -5.0710988e-20)
(0.0010047871 -0.0012803045 -6.4648517e-20)
(0.00092733587 -0.0010901579 2.2748858e-23)
(0.00089764248 -0.00097264693 9.3827474e-21)
(0.00094001109 -0.00093758545 -1.1237326e-20)
(0.0010833725 -0.00099332346 -1.912438e-20)
(0.0013420098 -0.0011294678 4.0925851e-21)
(0.0017155243 -0.001322574 -3.6980908e-20)
(0.0021720614 -0.001529225 9.8913189e-21)
(0.002651477 -0.0016973682 7.7770822e-21)
(0.0030976034 -0.0017926511 -5.3631679e-20)
(0.0034694128 -0.0018016033 7.0058132e-20)
(0.0037662713 -0.0017381456 2.1220571e-21)
(0.0039937407 -0.0016181008 1.5307078e-20)
(0.0041156767 -0.0014407934 -1.8151798e-20)
(0.0040375569 -0.001195428 5.7726017e-20)
(0.0036168104 -0.00087918461 -3.6544153e-21)
(0.0026855813 -0.00051435747 1.4754743e-20)
(0.001039877 -0.00015403578 -2.0274894e-21)
(-0.0015068859 0.0001018564 2.9101241e-21)
(-0.0051560504 0.00010939131 -1.8151574e-21)
(-0.01025354 -0.00034436138 3.3883638e-21)
(-0.016780248 -0.0015616632 -1.0444584e-22)
(-0.024207129 -0.0037263925 3.8261308e-20)
(-0.032123234 -0.0069411787 -1.4731768e-20)
(-0.039972532 -0.011190416 1.3281669e-20)
(-0.047276459 -0.016362906 -8.5237846e-20)
(-0.053585184 -0.022244592 -1.3728078e-20)
(-0.058600097 -0.02857679 1.2026977e-19)
(-0.062101666 -0.035063693 -1.0220733e-19)
(-0.064018386 -0.04142197 -1.9401232e-21)
(-0.064329037 -0.047356981 3.0643887e-20)
(-0.063153833 -0.052645916 -2.746045e-20)
(-0.060577247 -0.057027256 -5.2136623e-21)
(-0.056812167 -0.060345541 -3.065774e-21)
(-0.05209504 -0.062490446 -3.0528283e-21)
(-0.046603854 -0.06330436 -5.1698413e-21)
(-0.040613488 -0.062769025 7.1104285e-22)
(-0.034355455 -0.060849868 5.3173218e-20)
(-0.028073274 -0.057572992 -7.8632076e-20)
(-0.021996564 -0.052995829 -8.2463062e-20)
(-0.016339798 -0.04721073 -3.3123626e-20)
(-0.011297567 -0.040342836 -7.5419283e-20)
(-0.0070393731 -0.032544302 1.6748899e-20)
(-0.0037041439 -0.023992735 2.429084e-20)
(-0.0014053047 -0.014896654 -3.76674e-20)
(-0.0002050326 -0.0054367716 -5.0241808e-21)
(3.4270624e-05 0.0019292925 -1.0513433e-21)
(0.00011185625 0.0025523319 -6.2776008e-23)
(0.00022507347 0.0031601159 -3.6119201e-21)
(0.00037161696 0.0037379661 1.2137795e-20)
(0.00054839721 0.0042712715 -8.586286e-21)
(0.00075062239 0.0047454138 -2.629368e-20)
(0.00097184276 0.0051466082 4.9930646e-21)
(0.0012038755 0.0054624484 1.9825673e-20)
(0.0014376019 0.0056827284 -1.8728265e-20)
(0.0016627971 0.0057998573 4.208145e-20)
(0.0018689078 0.0058100835 7.6730642e-22)
(0.0020455394 0.0057134161 -2.624471e-20)
(0.0021834319 0.0055147328 -4.2870755e-20)
(0.0022752462 0.0052237778 3.4869453e-20)
(0.0023155682 0.0048532149 -3.6754855e-20)
(0.0023032711 0.004421967 -5.9200351e-20)
(0.0022409643 0.0039516689 3.8808546e-20)
(0.0021350842 0.0034652908 -6.2260337e-20)
(0.0019964216 0.0029868309 -8.2309205e-20)
(0.0018389382 0.0025384861 5.3373604e-20)
(0.0016805736 0.002141362 6.7995851e-20)
(0.0015417182 0.00181294 6.0856246e-20)
(0.0014467463 0.0015689138 4.9958337e-20)
(0.00142236 0.0014206231 1.1790657e-20)
(0.001496963 0.0013747259 2.0050965e-20)
(0.0016921526 0.0014261361 -4.2878879e-21)
(0.0020106802 0.0015516196 3.8725128e-20)
(0.0024317195 0.0017129256 -1.0354099e-20)
(0.0029064308 0.0018609883 -8.1405988e-21)
(0.0033679886 0.0019492763 5.6159207e-20)
(0.0037621493 0.0019537033 -7.341966e-20)
(0.004070681 0.0018788167 -2.2134616e-21)
(0.0042829287 0.0017356839 3.6592795e-20)
(0.0043415498 0.0015205965 1.9108991e-20)
(0.0041397972 0.0012268262 -6.0901543e-20)
(0.0035242504 0.00085846222 3.8649356e-21)
(0.0023193293 0.00044757852 1.1410524e-20)
(0.00030824832 5.8075753e-05 2.1557882e-21)
(-0.0026901328 -0.00019546919 -3.1015609e-21)
(-0.0068322487 -0.00015071024 1.9381713e-21)
(-0.012482618 0.00041503828 -3.6212009e-21)
(-0.019538471 0.0018149166 2.9415632e-20)
(-0.027373451 0.0042103176 -4.0785342e-20)
(-0.035542085 0.0076763526 1.5652439e-20)
(-0.043468842 0.012166033 -1.4054994e-20)
(-0.050713652 0.017549454 8.9788704e-20)
(-0.056832411 0.023588648 1.4388469e-20)
(-0.061565281 0.030018981 -1.2542346e-19)
(-0.064726327 0.036541979 1.0603053e-19)
(-0.066273199 0.042877443 2.0021402e-21)
(-0.066200103 0.048731105 -3.1441502e-20)
(-0.064664006 0.053901707 2.800159e-20)
(-0.061731669 0.058110854 -4.2448495e-20)
(-0.057643626 0.06122581 3.0476545e-21)
(-0.052659625 0.063164775 -3.7876179e-21)
(-0.04692611 0.063739077 5.6154073e-21)
(-0.04074167 0.062964018 -7.4212048e-22)
(-0.034330886 0.060802986 -5.4834655e-20)
(-0.027937828 0.057291462 8.0548497e-20)
(-0.021789906 0.052493532 8.4072697e-20)
(-0.016098077 0.046506847 3.3641453e-20)
(-0.011053154 0.03946266 7.6346529e-20)
(-0.0068195588 0.031516867 -1.6904562e-20)
(-0.003530876 0.02285203 4.8489286e-20)
(-0.0012944199 0.013674489 3.7812228e-20)
(-0.00016816279 0.0041860238 5.0335031e-21)
)
;
    }
    frontAndBack
    {
        type            empty;
    }
}


// ************************************************************************* //
