/*--------------------------------*- C++ -*----------------------------------*\
  =========                 |
  \\      /  F ield         | OpenFOAM: The Open Source CFD Toolbox
   \\    /   O peration     | Website:  https://openfoam.org
    \\  /    A nd           | Version:  13
     \\/     M anipulation  |
\*---------------------------------------------------------------------------*/
FoamFile
{
    format      ascii;
    class       volVectorField;
    location    "23.801456";
    object      wallShearStress;
}
// * * * * * * * * * * * * * * * * * * * * * * * * * * * * * * * * * * * * * //

dimensions      [0 2 -2 0 0 0 0];

internalField   uniform (0 0 0);

boundaryField
{
    inlet
    {
        type            calculated;
        value           uniform (0 0 0);
    }
    outlet
    {
        type            calculated;
        value           uniform (0 0 0);
    }
    cylinder
    {
        type            calculated;
        value           nonuniform List<vector> 
132
(
(-3.0130308e-06 0.00062553276 -2.401937e-22)
(-1.8211509e-06 0.00017383592 6.8371486e-23)
(2.4986228e-05 -0.00028005233 3.7736798e-21)
(7.6075378e-05 -0.00072795055 -1.2655625e-20)
(0.00015216818 -0.0011607112 8.9280684e-21)
(0.00025087738 -0.0015688202 2.7266788e-20)
(0.00036931279 -0.0019430413 -5.1645386e-21)
(0.00050351611 -0.0022745073 -2.0457505e-20)
(0.00064850233 -0.0025551761 1.9283871e-20)
(0.00079845461 -0.0027783082 -4.3251332e-20)
(0.00094707696 -0.0029387329 -7.8750191e-22)
(0.0010877484 -0.00303351 2.6907738e-20)
(0.0012138993 -0.0030619322 4.3927754e-20)
(0.0013197256 -0.0030264463 -3.5723614e-20)
(0.0014002324 -0.00293161 3.7665264e-20)
(0.0014525744 -0.0027859244 6.0706624e-20)
(0.0014750767 -0.0025985848 -3.9836052e-20)
(0.0014694757 -0.0023827051 6.3989553e-20)
(0.0014394873 -0.0021515682 8.4719672e-20)
(0.0013914234 -0.0019189488 -5.5022697e-20)
(0.0013351355 -0.001699725 -7.0209479e-20)
(0.0012819864 -0.0015064299 2.4717374e-23)
(0.0012467752 -0.0013514312 1.0204094e-20)
(0.0012467521 -0.0012451479 -1.2226218e-20)
(0.0013013136 -0.0011954717 -2.0811739e-20)
(0.0014293054 -0.0012052842 4.4529101e-21)
(0.0016430462 -0.001268564 -4.0214755e-20)
(0.0019384543 -0.0013658575 1.0745291e-20)
(0.0022962528 -0.0014702957 8.436639e-21)
(0.0026815623 -0.0015516127 -5.8086029e-20)
(0.0030550999 -0.0015858544 7.5752302e-20)
(0.0033944661 -0.0015658276 2.2906697e-21)
(0.0036882962 -0.001493558 1.6492827e-20)
(0.003903199 -0.0013654791 -1.9515074e-20)
(0.0039611037 -0.0011715805 6.1907926e-20)
(0.0037305152 -0.00090506387 -3.9086017e-21)
(0.0030494938 -0.00058090869 1.5738675e-20)
(0.0017111889 -0.00024234415 -2.1574383e-21)
(-0.00048806161 2.0348119e-05 3.0910655e-21)
(-0.0037795949 7.5162713e-05 -1.9259288e-21)
(-0.0085077819 -0.00028897563 3.5948643e-21)
(-0.014666502 -0.0013676286 -1.1090396e-22)
(-0.021758012 -0.0033517663 4.069824e-20)
(-0.029353023 -0.0063446311 -1.5701059e-20)
(-0.036895338 -0.010330492 1.4185106e-20)
(-0.043891977 -0.015192687 -9.1222838e-20)
(-0.049903704 -0.020717237 -1.4725818e-20)
(-0.054651801 -0.026651876 1.2935926e-19)
(-0.057935337 -0.032711484 -1.1033379e-19)
(-0.059706377 -0.038631878 -2.1054472e-21)
(-0.059954871 -0.044136603 3.3530659e-20)
(-0.058816281 -0.049029759 -3.047008e-20)
(-0.056372939 -0.053068883 -5.9404719e-21)
(-0.052822066 -0.056106789 -3.7262927e-21)
(-0.048400754 -0.058058533 -5.3146698e-21)
(-0.043274147 -0.058781053 -3.3677128e-21)
(-0.037695376 -0.058258685 6.2473748e-22)
(-0.031879118 -0.056463577 4.9667977e-20)
(-0.02604888 -0.053421229 -7.536224e-20)
(-0.020415194 -0.049185946 -8.0144707e-20)
(-0.015174325 -0.043843686 -3.2470972e-20)
(-0.010503935 -0.037509704 -7.4359934e-20)
(-0.0065587243 -0.030324036 1.6580726e-20)
(-0.0034655483 -0.022449279 2.4118598e-20)
(-0.00132704 -0.014077358 -3.748347e-20)
(-0.00019969871 -0.0053702484 -5.0081542e-21)
(2.0227034e-05 0.0010705565 -1.104937e-21)
(6.6911283e-05 0.0015088995 -6.580567e-23)
(0.00013850274 0.001936206 -3.7759895e-21)
(0.0002334573 0.0023434274 1.2653092e-20)
(0.00034982919 0.0027215522 -8.9245399e-21)
(0.00048463205 0.0030615809 -2.7247802e-20)
(0.00063385023 0.0033549453 5.1587243e-21)
(0.00079246107 0.0035939178 2.0422738e-20)
(0.00095461826 0.0037719324 -1.923695e-20)
(0.0011139948 0.003884134 4.3106809e-20)
(0.0012638077 0.0039275021 7.8404011e-22)
(0.0013974379 0.0039017823 -2.6755068e-20)
(0.0015085908 0.0038088736 -4.3616895e-20)
(0.0015922623 0.0036542946 3.541565e-20)
(0.0016446154 0.0034455521 -3.7278471e-20)
(0.0016637902 0.0031928626 -5.9978536e-20)
(0.0016503374 0.0029088143 3.9287793e-20)
(0.0016077079 0.0026080259 -6.2995985e-20)
(0.0015422471 0.0023060761 -8.3256892e-20)
(0.0014623411 0.0020174463 5.3982009e-20)
(0.0013792333 0.0017563548 6.8773013e-20)
(0.0013061922 0.0015351708 6.1559396e-20)
(0.0012593122 0.0013651285 5.0544594e-20)
(0.0012573036 0.0012556141 1.1930956e-20)
(0.0013207426 0.0012130931 2.0291382e-20)
(0.0014696896 0.0012390188 -4.3388017e-21)
(0.001714893 0.0013236942 3.9169417e-20)
(0.0020513149 0.0014450928 -1.0464829e-20)
(0.002451274 0.0015694031 -8.2181843e-21)
(0.0028702588 0.0016607765 5.6607639e-20)
(0.0032659882 0.0016954077 -7.3874019e-20)
(0.0036138737 0.0016672069 -2.2227557e-21)
(0.0039007446 0.001579866 3.6664647e-20)
(0.0040833011 0.0014289178 1.9098183e-20)
(0.0040746989 0.0012058092 -6.0701362e-20)
(0.0037338566 0.00090684797 3.8417766e-21)
(0.0028857733 0.00055144744 1.1314693e-20)
(0.0013131543 0.00019040779 2.1338572e-21)
(-0.0011827578 -7.4274013e-05 -3.0678035e-21)
(-0.0048143638 -0.00010030992 1.9179031e-21)
(-0.0099321953 0.00033469814 -3.5901346e-21)
(-0.016457113 0.0015321361 2.925755e-20)
(-0.023826217 0.003667914 -4.0723302e-20)
(-0.03159039 0.0068256958 1.5690943e-20)
(-0.039158259 0.0109617 -1.4139339e-20)
(-0.046071455 0.015944892 9.0598926e-20)
(-0.051907621 0.021546234 1.4554368e-20)
(-0.056412724 0.027507785 -1.271109e-19)
(-0.059416819 0.033545211 1.0763044e-19)
(-0.060891961 0.039396332 2.035168e-21)
(-0.060842984 0.044787818 -3.201102e-20)
(-0.059427818 0.049537016 2.8569436e-20)
(-0.056719345 0.053392358 -4.3482042e-20)
(-0.05293639 0.056225708 3.1515059e-21)
(-0.048329754 0.057970724 -4.2186881e-21)
(-0.043042503 0.058463522 5.4115191e-21)
(-0.037343543 0.057711776 -7.3458572e-22)
(-0.03144394 0.055689205 -5.4631326e-20)
(-0.025566373 0.052427445 8.0456184e-20)
(-0.019919824 0.047987179 8.407428e-20)
(-0.014697324 0.042458531 3.3657994e-20)
(-0.010073325 0.03596215 7.6388291e-20)
(-0.0061980705 0.028641048 -1.6909765e-20)
(-0.0031937512 0.020662421 4.8480677e-20)
(-0.0011577705 0.012213984 3.7777866e-20)
(-0.00014408954 0.0034845293 5.0240046e-21)
)
;
    }
    frontAndBack
    {
        type            empty;
    }
}


// ************************************************************************* //
