/*--------------------------------*- C++ -*----------------------------------*\
  =========                 |
  \\      /  F ield         | OpenFOAM: The Open Source CFD Toolbox
   \\    /   O peration     | Website:  https://openfoam.org
    \\  /    A nd           | Version:  13
     \\/     M anipulation  |
\*---------------------------------------------------------------------------*/
FoamFile
{
    format      ascii;
    class       volVectorField;
    location    "44.197933";
    object      wallShearStress;
}
// * * * * * * * * * * * * * * * * * * * * * * * * * * * * * * * * * * * * * //

dimensions      [0 2 -2 0 0 0 0];

internalField   uniform (0 0 0);

boundaryField
{
    inlet
    {
        type            calculated;
        value           uniform (0 0 0);
    }
    outlet
    {
        type            calculated;
        value           uniform (0 0 0);
    }
    cylinder
    {
        type            calculated;
        value           nonuniform List<vector> 
132
(
(2.9037134e-05 -0.0018976662 -2.9043646e-22)
(9.0815087e-05 -0.0021439873 8.2745586e-23)
(0.0001669206 -0.0023784098 4.5681859e-21)
(0.00025612306 -0.0025963459 -1.5321203e-20)
(0.00035703109 -0.0027934256 1.080584e-20)
(0.00046773718 -0.0029652906 3.2981514e-20)
(0.00058581972 -0.0031079755 -6.2408978e-21)
(0.00070842909 -0.0032179477 -2.4688584e-20)
(0.0008324028 -0.003292383 2.3233856e-20)
(0.00095426014 -0.0033292401 -5.2009279e-20)
(0.0010704332 -0.0033276174 -9.4492436e-22)
(0.0011773648 -0.0032876088 3.2207985e-20)
(0.0012718788 -0.0032109135 5.2447747e-20)
(0.0013511289 -0.0031001014 -4.2541685e-20)
(0.0014132012 -0.0029595594 4.4736785e-20)
(0.0014570056 -0.0027945764 7.1920536e-20)
(0.0014826918 -0.0026116489 -4.7078786e-20)
(0.0014920169 -0.0024185394 7.5451168e-20)
(0.0014880491 -0.002223166 9.9683592e-20)
(0.0014758652 -0.0020342582 -6.4619759e-20)
(0.0014621761 -0.0018602511 -8.2318882e-20)
(0.0014559564 -0.0017097053 2.896879e-23)
(0.0014682729 -0.0015905564 1.1933383e-20)
(0.0015125714 -0.0015099922 -1.4285192e-20)
(0.0016039428 -0.0014732916 -2.4299964e-20)
(0.0017574753 -0.0014822653 5.1968202e-21)
(0.0019843374 -0.0015325867 -4.691812e-20)
(0.0022887245 -0.0016132329 1.2533413e-20)
(0.0026564912 -0.0017014372 9.8391841e-21)
(0.0030598515 -0.0017707797 -6.7732997e-20)
(0.0034662856 -0.0017994111 8.8324941e-20)
(0.0038420307 -0.0017723881 2.670826e-21)
(0.0041560856 -0.0016832273 1.9231965e-20)
(0.0043538008 -0.0015235572 -2.2760761e-20)
(0.0043453611 -0.0012858798 7.2219706e-20)
(0.0039870572 -0.00096826199 -4.5608178e-21)
(0.0030977398 -0.00059173786 1.8369173e-20)
(0.0014509738 -0.00020960906 -2.5183149e-21)
(-0.0011594732 7.1175835e-05 3.6073463e-21)
(-0.0049527714 0.00010275441 -2.246313e-21)
(-0.010293743 -0.00034711542 4.1874061e-21)
(-0.017089315 -0.0015911103 -1.2888278e-22)
(-0.024756794 -0.0038112596 4.7169023e-20)
(-0.03282872 -0.0070932902 -1.8140854e-20)
(-0.040685159 -0.01138905 1.634088e-20)
(-0.047870576 -0.016567529 -1.0486464e-19)
(-0.053942546 -0.022391046 -1.6907077e-20)
(-0.058640357 -0.028594259 1.4860766e-19)
(-0.061797062 -0.034889385 -1.2709565e-19)
(-0.063374583 -0.041003062 -2.4398378e-21)
(-0.063391572 -0.046664572 3.9284818e-20)
(-0.061986232 -0.051670484 -3.6391198e-20)
(-0.059262521 -0.055787672 -7.3614959e-21)
(-0.055425048 -0.058870441 -5.0096609e-21)
(-0.050710652 -0.060828421 -9.683496e-21)
(-0.04529629 -0.061527206 9.4905604e-23)
(-0.039436944 -0.060950025 4.5992099e-22)
(-0.033351844 -0.059072165 4.3014737e-20)
(-0.027267585 -0.055921195 -6.920305e-20)
(-0.021397334 -0.051553527 -7.5818225e-20)
(-0.015939754 -0.046057624 -3.1266537e-20)
(-0.011074325 -0.039550629 -7.2430616e-20)
(-0.0069577018 -0.032175993 1.6278696e-20)
(-0.0037179057 -0.024097394 2.3813403e-20)
(-0.0014591129 -0.015515119 -3.7159561e-20)
(-0.00023653089 -0.0065761696 -4.9793764e-21)
(-1.8966876e-05 -0.0016413639 -1.3347435e-21)
(-5.3007896e-05 -0.0013745398 -7.9392226e-23)
(-7.2433651e-05 -0.0010988432 -4.54896e-21)
(-7.6405553e-05 -0.0008173985 1.5217941e-20)
(-6.4630144e-05 -0.0005356299 -1.0714101e-20)
(-3.71825e-05 -0.00025775859 -3.2648874e-20)
(5.3135614e-06 1.1452816e-05 6.169192e-21)
(6.1503019e-05 0.00026735139 2.4376106e-20)
(0.00013022571 0.0005053853 -2.2918493e-20)
(0.0002090816 0.00072145286 5.1270584e-20)
(0.00029556024 0.00091207693 9.3118109e-22)
(0.00038681304 0.0010745306 -3.1739514e-20)
(0.00047995603 0.0012070189 -5.1700115e-20)
(0.00057212543 0.0013088022 4.1960064e-20)
(0.00066072648 0.0013803843 -4.4163368e-20)
(0.0007436371 0.0014234567 -7.1076616e-20)
(0.00081955403 0.0014410934 4.658641e-20)
(0.00088809524 0.0014373952 -7.4768684e-20)
(0.00095034584 0.001417866 -9.893113e-20)
(0.0010087025 0.0013885668 6.4230689e-20)
(0.0010677618 0.001356832 8.1946479e-20)
(0.0011338282 0.0013299514 7.3458113e-20)
(0.0012157769 0.0013157004 6.0399823e-20)
(0.0013239977 0.0013206066 1.4276419e-20)
(0.001469946 0.0013493294 2.4309543e-20)
(0.0016645453 0.00140332 -5.2032248e-21)
(0.0019127886 0.0014771034 4.7006651e-20)
(0.0022130469 0.0015599484 -1.2562857e-20)
(0.0025552576 0.0016367979 -9.8646791e-21)
(0.0029203344 0.0016902718 6.7913329e-20)
(0.0032834918 0.00170472 -8.8555848e-20)
(0.0036181514 0.0016692895 -2.6620572e-21)
(0.003889612 0.0015755683 4.3866432e-20)
(0.0040293651 0.0014105291 2.2822615e-20)
(0.0039320205 0.0011644963 -7.2429959e-20)
(0.0034435892 0.00083795419 4.5748436e-21)
(0.0023810698 0.00045817534 1.3437611e-20)
(0.0005133123 8.4782773e-05 2.5252883e-21)
(-0.0023541606 -0.00016909837 -3.6138714e-21)
(-0.0063945659 -0.00013960813 2.2467193e-21)
(-0.01197919 0.00039944096 -4.1762193e-21)
(-0.018955709 0.0017615081 3.3754422e-20)
(-0.02667638 0.0041035294 -4.6577857e-20)
(-0.034662065 0.0074863433 1.7795517e-20)
(-0.042326406 0.01184617 -1.5912784e-20)
(-0.049235061 0.017037539 1.012702e-19)
(-0.054962437 0.022811219 1.6177581e-20)
(-0.059289108 0.028907519 -1.4071024e-19)
(-0.062066435 0.035038474 1.188586e-19)
(-0.063285743 0.040942638 2.2470409e-21)
(-0.062963644 0.046346621 -3.5445431e-20)
(-0.061278637 0.051077704 3.1893897e-20)
(-0.058294025 0.054872606 -4.9456652e-20)
(-0.054248035 0.057617006 3.7749351e-21)
(-0.049405263 0.059258945 -6.9079934e-21)
(-0.043889575 0.059612187 4.0118179e-21)
(-0.037986363 0.058703252 -6.7491437e-22)
(-0.031905017 0.056503656 -5.2518732e-20)
(-0.025870333 0.053048295 7.8779937e-20)
(-0.020092833 0.048400954 8.309404e-20)
(-0.014766237 0.042653666 3.3436959e-20)
(-0.010065921 0.035930065 7.6102147e-20)
(-0.0061425749 0.028375488 -1.6869708e-20)
(-0.0031186042 0.020159926 4.838272e-20)
(-0.0010915587 0.011471338 3.7683476e-20)
(-0.00011679447 0.0025150404 5.0053594e-21)
)
;
    }
    frontAndBack
    {
        type            empty;
    }
}


// ************************************************************************* //
