/*--------------------------------*- C++ -*----------------------------------*\
  =========                 |
  \\      /  F ield         | OpenFOAM: The Open Source CFD Toolbox
   \\    /   O peration     | Website:  https://openfoam.org
    \\  /    A nd           | Version:  13
     \\/     M anipulation  |
\*---------------------------------------------------------------------------*/
FoamFile
{
    format      ascii;
    class       volVectorField;
    location    "48.001166";
    object      wallShearStress;
}
// * * * * * * * * * * * * * * * * * * * * * * * * * * * * * * * * * * * * * //

dimensions      [0 2 -2 0 0 0 0];

internalField   uniform (0 0 0);

boundaryField
{
    inlet
    {
        type            calculated;
        value           uniform (0 0 0);
    }
    outlet
    {
        type            calculated;
        value           uniform (0 0 0);
    }
    cylinder
    {
        type            calculated;
        value           nonuniform List<vector> 
132
(
(1.3757146e-07 0.00023928439 -3.0244143e-22)
(4.6754546e-06 -3.5221368e-05 8.6377857e-23)
(2.5388242e-05 -0.00031968993 4.7808452e-21)
(6.292744e-05 -0.00060977559 -1.6076874e-20)
(0.00011771267 -0.00090037806 1.1370102e-20)
(0.00018956928 -0.0011858405 3.4803847e-20)
(0.00027764214 -0.0014600746 -6.6055852e-21)
(0.00038027862 -0.0017168262 -2.6213441e-20)
(0.00049516339 -0.0019498599 2.4749626e-20)
(0.00061924135 -0.0021532535 -5.5589828e-20)
(0.00074878093 -0.0023217345 -1.0134303e-21)
(0.000879533 -0.0024509724 3.4667426e-20)
(0.0010069642 -0.0025379689 5.6654129e-20)
(0.0011264834 -0.0025812159 -4.6117048e-20)
(0.0012338687 -0.0025811669 4.8666469e-20)
(0.0013254802 -0.00254001 7.8503493e-20)
(0.0013989464 -0.0024623126 -5.1554693e-20)
(0.0014531321 -0.0023540991 8.2876153e-20)
(0.0014889167 -0.0022234252 1.098013e-19)
(0.0015091859 -0.0020794789 -7.1359713e-20)
(0.0015194461 -0.0019326965 -9.1109669e-20)
(0.001527797 -0.001793907 3.2101927e-23)
(0.0015451871 -0.0016739386 1.3255261e-20)
(0.0015848457 -0.0015823913 -1.5889014e-20)
(0.0016623031 -0.0015272857 -2.7056774e-20)
(0.0017921704 -0.0015120085 5.7910211e-21)
(0.0019854338 -0.0015339517 -5.2310947e-20)
(0.0022462151 -0.0015837394 1.397847e-20)
(0.0025690659 -0.0016457639 1.0974296e-20)
(0.002934931 -0.0016986658 -7.5539723e-20)
(0.0033106859 -0.0017187317 9.8482699e-20)
(0.0036609998 -0.0016889477 2.9769427e-21)
(0.0039500828 -0.0015999128 2.1425156e-20)
(0.0041164275 -0.0014407507 -2.5337749e-20)
(0.0040593626 -0.0012017755 8.0313222e-20)
(0.0036288547 -0.00088224815 -5.0642119e-21)
(0.0026455211 -0.00050733086 2.0353453e-20)
(0.00087856092 -0.0001332895 -2.7824015e-21)
(-0.0018728792 0.00013143741 3.9708971e-21)
(-0.0058028352 0.0001246014 -2.4617018e-21)
(-0.01128944 -0.00037805419 4.5639359e-21)
(-0.018211851 -0.001693691 -1.3959105e-22)
(-0.025952982 -0.0039936087 5.076962e-20)
(-0.034038626 -0.0073530436 -1.9407823e-20)
(-0.041861768 -0.011717216 1.7388387e-20)
(-0.048986314 -0.016952624 -1.1106723e-19)
(-0.054965174 -0.022814047 -1.78364e-20)
(-0.059552478 -0.029037686 1.5630767e-19)
(-0.06259244 -0.035337213 -1.3339342e-19)
(-0.064051124 -0.04143967 -2.5579482e-21)
(-0.063952781 -0.047076683 4.1192739e-20)
(-0.062440127 -0.052047907 -3.8234639e-20)
(-0.059613799 -0.056117452 -7.7740046e-21)
(-0.055684705 -0.05914542 -5.3571555e-21)
(-0.050892243 -0.061045426 -1.0774886e-20)
(-0.045406234 -0.061675691 8.8540933e-22)
(-0.039486858 -0.061026262 4.2606108e-22)
(-0.033352099 -0.059071596 4.1815975e-20)
(-0.027228746 -0.055840328 -6.8266695e-20)
(-0.021330084 -0.05138996 -7.5301126e-20)
(-0.015854555 -0.045809356 -3.1169198e-20)
(-0.010981763 -0.039216984 -7.2366276e-20)
(-0.0068680257 -0.031756231 1.628699e-20)
(-0.0036414599 -0.023592766 2.3846204e-20)
(-0.0014056889 -0.014923631 -3.72305e-20)
(-0.00021709858 -0.0059099142 -4.9902225e-21)
(1.0176073e-05 0.00050260209 -1.3865726e-21)
(3.3806892e-05 0.00075540146 -8.2277147e-23)
(7.1380263e-05 0.00099569202 -4.7027226e-21)
(0.00012149058 0.001219091 1.5692905e-20)
(0.00018269031 0.0014216276 -1.1020028e-20)
(0.00025310914 0.0015996982 -3.3491716e-20)
(0.00033051609 0.0017502803 6.3109649e-21)
(0.00041239742 0.0018710492 2.4864548e-20)
(0.00049606381 0.0019605098 -2.3308015e-20)
(0.00057878871 0.0020181249 5.1980768e-20)
(0.00065792043 0.0020443431 9.4111367e-22)
(0.00073108082 0.0020407155 -3.1970811e-20)
(0.00079630021 0.0020097371 -5.1902542e-20)
(0.00085224109 0.0019549425 4.1981732e-20)
(0.00089828685 0.0018807402 -4.403696e-20)
(0.0009347875 0.0017924279 -7.0636952e-20)
(0.00096308294 0.0016957942 4.6148507e-20)
(0.00098568268 0.0015970551 -7.383631e-20)
(0.0010063699 0.0015026638 -9.7413598e-20)
(0.0010301993 0.0014189457 6.3075715e-20)
(0.0010638298 0.0013522583 8.0279019e-20)
(0.0011156004 0.0013086763 7.1810559e-20)
(0.0011957161 0.0012938301 5.8938719e-20)
(0.0013159827 0.0013122358 1.3910392e-20)
(0.0014887379 0.001366067 2.3659033e-20)
(0.0017235139 0.0014524634 -5.0598147e-21)
(0.0020250699 0.0015632727 4.5687304e-20)
(0.0023842769 0.0016802409 -1.2207729e-20)
(0.0027839817 0.0017830675 -9.5858361e-21)
(0.0031980048 0.0018509306 6.6007843e-20)
(0.0035927808 0.0018653829 -8.6101874e-20)
(0.0039458393 0.0018205909 -2.5894204e-21)
(0.0042301446 0.0017135803 4.2694657e-20)
(0.0043780247 0.0015325728 2.2231738e-20)
(0.0042795827 0.0012673051 -7.064002e-20)
(0.0037735583 0.00091792029 4.4692329e-21)
(0.0026697907 0.00051289246 1.3156112e-20)
(0.00072921748 0.00011444304 2.4792154e-21)
(-0.0022429733 -0.00015979224 -3.5595807e-21)
(-0.0064298123 -0.00013958903 2.2211113e-21)
(-0.012201066 0.00040725258 -4.1453352e-21)
(-0.019388308 0.0018018252 3.3642421e-20)
(-0.027313111 0.0042014302 -4.6597597e-20)
(-0.035487269 0.0076644202 1.7861073e-20)
(-0.043314732 0.012122418 -1.6015414e-20)
(-0.05033848 0.01741893 1.0215557e-19)
(-0.056146041 0.023302087 1.6351793e-20)
(-0.060518413 0.029506509 -1.4247242e-19)
(-0.063307515 0.03573875 1.2055651e-19)
(-0.064513412 0.041736563 2.2833123e-21)
(-0.064155388 0.047223592 -3.6100136e-20)
(-0.062415606 0.052025213 3.2585447e-20)
(-0.05936362 0.055879358 -5.0809489e-20)
(-0.055241578 0.058672268 3.9253312e-21)
(-0.050312153 0.060346849 -7.5964421e-21)
(-0.044706323 0.060721822 3.6368987e-21)
(-0.038709729 0.059821616 -6.5846008e-22)
(-0.032534324 0.057618901 -5.1934744e-20)
(-0.026406619 0.054149063 7.8339457e-20)
(-0.020538652 0.049476458 8.2878496e-20)
(-0.015125566 0.043693981 3.341172e-20)
(-0.010343918 0.036926052 7.6136223e-20)
(-0.0063454606 0.029318993 -1.689085e-20)
(-0.0032534857 0.021043612 4.8469117e-20)
(-0.0011663856 0.012290685 3.7762659e-20)
(-0.00013880976 0.003255323 5.0164486e-21)
)
;
    }
    frontAndBack
    {
        type            empty;
    }
}


// ************************************************************************* //
