/*--------------------------------*- C++ -*----------------------------------*\
  =========                 |
  \\      /  F ield         | OpenFOAM: The Open Source CFD Toolbox
   \\    /   O peration     | Website:  https://openfoam.org
    \\  /    A nd           | Version:  13
     \\/     M anipulation  |
\*---------------------------------------------------------------------------*/
FoamFile
{
    format      ascii;
    class       volVectorField;
    location    "34.703768";
    object      wallShearStress;
}
// * * * * * * * * * * * * * * * * * * * * * * * * * * * * * * * * * * * * * //

dimensions      [0 2 -2 0 0 0 0];

internalField   uniform (0 0 0);

boundaryField
{
    inlet
    {
        type            calculated;
        value           uniform (0 0 0);
    }
    outlet
    {
        type            calculated;
        value           uniform (0 0 0);
    }
    cylinder
    {
        type            calculated;
        value           nonuniform List<vector> 
132
(
(-2.2910461e-06 0.00044114478 -2.6818513e-22)
(-2.0628948e-06 0.00013669682 7.6124725e-23)
(1.5109801e-05 -0.00016465531 4.1883609e-21)
(4.7984736e-05 -0.00045844893 -1.3998904e-20)
(9.6938212e-05 -0.00073964596 9.8400308e-21)
(0.0001603721 -0.0010032998 2.9936682e-20)
(0.00023651131 -0.0012447936 -5.6473727e-21)
(0.00032309589 -0.0014599031 -2.227656e-20)
(0.00041745609 -0.0016450142 2.0908512e-20)
(0.00051660006 -0.0017973173 -4.6691947e-20)
(0.00061734297 -0.0019149348 -8.4652547e-22)
(0.00071644662 -0.001997166 2.880039e-20)
(0.00081092436 -0.0020444155 4.6825772e-20)
(0.00089818321 -0.0020584914 -3.7933223e-20)
(0.0009761714 -0.0020423094 3.9851114e-20)
(0.0010437992 -0.0020002631 6.4019575e-20)
(0.0011009049 -0.0019375575 -4.1886874e-20)
(0.0011487953 -0.0018606864 6.7112879e-20)
(0.0011902479 -0.0017768101 8.8661604e-20)
(0.0012299199 -0.0016938408 -5.7480127e-20)
(0.001274537 -0.0016201011 -7.3240349e-20)
(0.0013330616 -0.0015639532 2.5793058e-23)
(0.0014166351 -0.0015331954 1.0625277e-20)
(0.0015384107 -0.001534451 -1.2725609e-20)
(0.0017115126 -0.0015709669 -2.1659745e-20)
(0.0019464643 -0.0016408517 4.6353175e-21)
(0.0022479312 -0.0017357821 -4.1881327e-20)
(0.0026093065 -0.0018392234 1.1197978e-20)
(0.0030125731 -0.0019298318 8.7993231e-21)
(0.0034263162 -0.0019834061 -6.064172e-20)
(0.0038151365 -0.0019811789 7.9177227e-20)
(0.004149281 -0.0019148753 2.3977052e-21)
(0.0043953354 -0.0017809902 1.7295683e-20)
(0.004486956 -0.0015712474 -2.0513097e-20)
(0.0043182749 -0.001279339 6.5250788e-20)
(0.0037368004 -0.00090959951 -4.1318949e-21)
(0.0025668599 -0.00049393845 1.6686974e-20)
(0.00058877346 -9.568531e-05 -2.2933932e-21)
(-0.0023813281 0.00017094269 3.2913989e-21)
(-0.0065201262 0.00014240374 -2.0520536e-21)
(-0.012192333 -0.00040643806 3.8263346e-21)
(-0.019305059 -0.0017940404 -1.1771338e-22)
(-0.027240389 -0.0041906232 4.3016076e-20)
(-0.03554635 -0.0076780156 -1.6515036e-20)
(-0.043637961 -0.012213958 1.4848733e-20)
(-0.05106286 -0.017670878 -9.507697e-20)
(-0.05736644 -0.023811156 -1.5288503e-20)
(-0.062277373 -0.030367076 1.3391062e-19)
(-0.065603674 -0.037038215 -1.1396755e-19)
(-0.067291536 -0.04353727 -2.1722993e-21)
(-0.067341364 -0.049572278 3.4594303e-20)
(-0.065888303 -0.054923388 -3.1485052e-20)
(-0.063024015 -0.059328858 -6.1673396e-21)
(-0.05897369 -0.062640014 -3.9194095e-21)
(-0.053981797 -0.064752466 -5.9284848e-21)
(-0.048224003 -0.065504116 -2.9099033e-21)
(-0.041983015 -0.06488497 6.0422957e-22)
(-0.035491065 -0.062860865 4.8880691e-20)
(-0.028993914 -0.059461042 -7.4660544e-20)
(-0.02272238 -0.054744978 -7.9658337e-20)
(-0.016891926 -0.048807112 -3.2331249e-20)
(-0.011697848 -0.041774353 -7.4111894e-20)
(-0.0073103613 -0.033801168 1.6533004e-20)
(-0.0038686902 -0.025066159 2.405157e-20)
(-0.001486944 -0.01578292 -3.7371841e-20)
(-0.00022622155 -0.0061225232 -4.9908021e-21)
(1.4061375e-05 0.00074594887 -1.2369242e-21)
(4.6716156e-05 0.0010520929 -7.3842019e-23)
(9.7252714e-05 0.0013576096 -4.246739e-21)
(0.00016531485 0.001657253 1.4259923e-20)
(0.00025036595 0.0019454659 -1.0076878e-20)
(0.00035122701 0.0022164259 -3.0819188e-20)
(0.0004660411 0.0024642651 5.8441352e-21)
(0.00059221286 0.0026833191 2.3170153e-20)
(0.00072657814 0.0028683474 -2.1854878e-20)
(0.00086541723 0.0030147908 4.9037623e-20)
(0.001004548 0.0031190858 8.9303871e-22)
(0.0011395384 0.0031789 -3.0514555e-20)
(0.001265988 0.003193479 -4.9810582e-20)
(0.0013797492 0.0031636399 4.0499469e-20)
(0.0014774477 0.0030923416 -4.2688822e-20)
(0.0015565269 0.0029840018 -6.8782914e-20)
(0.0016160488 0.0028453414 4.5121081e-20)
(0.0016566622 0.0026844353 -7.2458457e-20)
(0.0016810958 0.0025107579 -9.5905773e-20)
(0.0016947067 0.0023352081 6.2274784e-20)
(0.0017053687 0.0021690598 7.9450156e-20)
(0.0017239295 0.0020238643 7.121299e-20)
(0.0017640134 0.0019104824 5.8546309e-20)
(0.0018411461 0.0018376624 1.3837026e-20)
(0.0019712283 0.0018104702 2.3561968e-20)
(0.0021678176 0.0018283741 -5.044298e-21)
(0.0024377496 0.0018830771 4.5593153e-20)
(0.0027735283 0.0019555352 -1.2195658e-20)
(0.0031547821 0.0020213567 -9.5884042e-21)
(0.0035484425 0.002054459 6.6124642e-20)
(0.0039124188 0.0020320586 -8.6406903e-20)
(0.004209495 0.0019431262 -2.6038887e-21)
(0.0043913347 0.0017800763 4.3031979e-20)
(0.0043712443 0.0015318329 2.2461659e-20)
(0.0040294379 0.0011954959 -7.1539584e-20)
(0.0032021965 0.00078237064 4.5354267e-21)
(0.0017079261 0.00033471529 1.3369723e-20)
(-0.00067346337 -7.1181334e-05 2.5204586e-21)
(-0.0041365115 -0.00031115269 -3.6149163e-21)
(-0.0087658261 -0.00020124298 2.2502146e-21)
(-0.014936671 0.0004923118 -4.182783e-21)
(-0.022487491 0.0020852944 3.3765492e-20)
(-0.030685761 0.0047162592 -4.6502549e-20)
(-0.039087563 0.0084387199 1.7729647e-20)
(-0.047121021 0.013185302 -1.5822801e-20)
(-0.054327196 0.018797088 1.0052958e-19)
(-0.060305012 0.025026483 1.6043136e-20)
(-0.064825572 0.031605375 -1.3944949e-19)
(-0.06771681 0.038227248 1.1778976e-19)
(-0.06897283 0.044621254 2.2277049e-21)
(-0.068588491 0.050486696 -3.5172523e-20)
(-0.066753552 0.055641185 3.1700604e-20)
(-0.063517266 0.059789524 -4.9296008e-20)
(-0.059145067 0.062818685 3.7882342e-21)
(-0.053908286 0.064660765 -7.1275328e-21)
(-0.047931337 0.065102765 3.7752748e-21)
(-0.041532098 0.06418397 -6.5786409e-22)
(-0.034930005 0.061862463 -5.1559959e-20)
(-0.028371253 0.058178597 7.7617281e-20)
(-0.022083331 0.053198545 8.2066385e-20)
(-0.016277091 0.047021743 3.3088969e-20)
(-0.011143379 0.039781724 7.5446992e-20)
(-0.006846344 0.031635889 -1.6754596e-20)
(-0.0035193213 0.02276882 4.8143473e-20)
(-0.0012693083 0.013386688 3.7575385e-20)
(-0.00015483944 0.0037018931 5.0027516e-21)
)
;
    }
    frontAndBack
    {
        type            empty;
    }
}


// ************************************************************************* //
