/*--------------------------------*- C++ -*----------------------------------*\
  =========                 |
  \\      /  F ield         | OpenFOAM: The Open Source CFD Toolbox
   \\    /   O peration     | Website:  https://openfoam.org
    \\  /    A nd           | Version:  13
     \\/     M anipulation  |
\*---------------------------------------------------------------------------*/
FoamFile
{
    format      ascii;
    class       volVectorField;
    location    "49.696287";
    object      wallShearStress;
}
// * * * * * * * * * * * * * * * * * * * * * * * * * * * * * * * * * * * * * //

dimensions      [0 2 -2 0 0 0 0];

internalField   uniform (0 0 0);

boundaryField
{
    inlet
    {
        type            calculated;
        value           uniform (0 0 0);
    }
    outlet
    {
        type            calculated;
        value           uniform (0 0 0);
    }
    cylinder
    {
        type            calculated;
        value           nonuniform List<vector> 
132
(
(4.9381009e-05 -0.0033602969 -3.1822598e-22)
(0.00015222954 -0.0036340669 9.0512419e-23)
(0.00027071248 -0.0038802269 4.9888088e-21)
(0.00040223096 -0.0040930762 -1.6703714e-20)
(0.00054396809 -0.0042677017 1.1760634e-20)
(0.0006925378 -0.0043996729 3.5832531e-20)
(0.00084404597 -0.0044855748 -6.7681427e-21)
(0.00099435783 -0.0045230247 -2.672484e-20)
(0.0011391559 -0.0045109356 2.510252e-20)
(0.001274133 -0.0044496639 -5.608398e-20)
(0.0013952372 -0.0043410935 -1.0169946e-21)
(0.0014989751 -0.0041888508 3.4595027e-20)
(0.0015825693 -0.0039979561 5.6224122e-20)
(0.0016443274 -0.0037750654 -4.5516184e-20)
(0.0016838645 -0.0035282062 4.7774376e-20)
(0.0017022375 -0.0032663599 7.6664382e-20)
(0.0017021734 -0.0029993002 -5.0098221e-20)
(0.0016881736 -0.0027371994 8.0162896e-20)
(0.001666589 -0.002490249 1.0575676e-19)
(0.0016458813 -0.0022685935 -6.847005e-20)
(0.0016365561 -0.0020817535 -8.7130345e-20)
(0.001651721 -0.0019389045 3.0652032e-23)
(0.001706507 -0.0018476608 1.2612084e-20)
(0.0018180321 -0.0018137762 -1.5092128e-20)
(0.0020022654 -0.0018380064 -2.5670978e-20)
(0.0022703638 -0.001913894 5.4915364e-21)
(0.0026232966 -0.0020255664 -4.9610857e-20)
(0.0030479502 -0.0021484053 1.3266227e-20)
(0.0035113357 -0.0022494943 1.0428339e-20)
(0.0039665798 -0.0022964537 -7.190326e-20)
(0.0043778046 -0.0022737493 9.3929916e-20)
(0.0047118987 -0.0021749988 2.8462609e-21)
(0.004924856 -0.0019961776 2.0546011e-20)
(0.0049356879 -0.0017292343 -2.4387219e-20)
(0.0046192748 -0.0013697314 7.7638975e-20)
(0.0038018925 -0.00092737784 -4.920464e-21)
(0.0022903313 -0.00044461967 1.9885827e-20)
(-0.00015014463 4.2376135e-08 -2.7342001e-21)
(-0.0037156248 0.000276173 3.9233388e-21)
(-0.0085226013 0.00019235663 -2.4442933e-21)
(-0.014959697 -0.00049484119 4.5500032e-21)
(-0.022855093 -0.0021206819 -1.39575e-22)
(-0.031454091 -0.0048355201 5.0833564e-20)
(-0.040289763 -0.008699311 -1.9447124e-20)
(-0.048760038 -0.013644592 1.7426909e-20)
(-0.056381448 -0.019508462 -1.1128125e-19)
(-0.062733216 -0.026035212 -1.7870014e-20)
(-0.06757201 -0.032945437 1.5655434e-19)
(-0.07072083 -0.039924165 -1.335999e-19)
(-0.072161263 -0.046685186 -2.5616252e-21)
(-0.071906302 -0.052930233 4.1252269e-20)
(-0.07011231 -0.058442317 -3.8287464e-20)
(-0.066882057 -0.062958919 -7.7840823e-21)
(-0.062452781 -0.066333932 -5.3637011e-21)
(-0.057077695 -0.068464981 -1.0777976e-20)
(-0.050939967 -0.069192582 8.6552668e-22)
(-0.044326892 -0.068507165 4.2859408e-22)
(-0.037477006 -0.066378554 4.2005247e-20)
(-0.030640186 -0.062838136 -6.8555417e-20)
(-0.024051238 -0.057948405 -7.5614398e-20)
(-0.017929132 -0.051807161 -3.1298918e-20)
(-0.012471893 -0.044544 -7.2669937e-20)
(-0.0078526077 -0.036318152 1.6355662e-20)
(-0.0042122407 -0.027309995 2.3947423e-20)
(-0.001667175 -0.017745119 -3.7387756e-20)
(-0.00027669002 -0.0077748735 -5.0109882e-21)
(-3.7653374e-05 -0.0030619126 -1.4648472e-21)
(-0.00010821203 -0.0027384961 -8.7275695e-23)
(-0.00016078552 -0.0023915157 -5.009281e-21)
(-0.00019340626 -0.0020256749 1.6787732e-20)
(-0.00020465083 -0.0016471318 -1.1841124e-20)
(-0.00019348633 -0.0012605977 -3.6152442e-20)
(-0.000160216 -0.00087576625 6.8448277e-21)
(-0.00010518149 -0.00049787343 2.7101352e-20)
(-2.9803316e-05 -0.00013474592 -2.5535047e-20)
(6.3137624e-05 0.00020673068 5.7249342e-20)
(0.00017091728 0.00052022171 1.0420606e-21)
(0.00028983224 0.00080013346 -3.5600705e-20)
(0.00041584102 0.0010421629 -5.8121098e-20)
(0.00054480079 0.0012436006 4.7277253e-20)
(0.00067276211 0.0014034798 -4.986867e-20)
(0.00079640737 0.0015228808 -8.0427314e-20)
(0.00091335293 0.0016047727 5.2819773e-20)
(0.0010227408 0.0016543055 -8.4928708e-20)
(0.0011254133 0.0016782097 -1.1256216e-19)
(0.0012246043 0.0016850478 7.318967e-20)
(0.0013257388 0.0016840131 9.3497993e-20)
(0.0014369387 0.0016849448 8.3908056e-20)
(0.0015681256 0.0016965764 6.9059412e-20)
(0.0017300828 0.0017253879 1.6337248e-20)
(0.0019324732 0.0017738816 2.7840451e-20)
(0.0021810407 0.0018390163 -5.9634377e-21)
(0.002475872 0.0019124525 5.3915138e-20)
(0.0028088962 0.0019806958 -1.4421068e-20)
(0.0031657195 0.0020287184 -1.1333784e-20)
(0.0035228937 0.0020399944 7.8105469e-20)
(0.0038528158 0.0020013574 -1.0196393e-19)
(0.0041165094 0.0019004989 -3.069259e-21)
(0.0042498381 0.0017232128 5.0655347e-20)
(0.0041494609 0.0014549846 2.6398275e-20)
(0.0036805552 0.0010935266 -8.3907822e-20)
(0.0026660087 0.00065432436 5.3059593e-21)
(0.00091770662 0.0001879454 1.5590613e-20)
(-0.0017869187 -0.00021890117 2.9273762e-21)
(-0.0056440358 -0.00043093571 -4.178091e-21)
(-0.01068828 -0.00025183723 2.5858557e-21)
(-0.017318906 0.00056711764 -4.7743025e-21)
(-0.02529265 0.0023424425 3.8245305e-20)
(-0.033828267 0.0051964556 -5.2270846e-20)
(-0.04247765 0.0091678605 1.9779849e-20)
(-0.050605242 0.014157983 -1.7527806e-20)
(-0.057807469 0.019999202 1.106855e-19)
(-0.06369001 0.026428361 1.756694e-20)
(-0.068035684 0.033167735 -1.520462e-19)
(-0.070703332 0.039910624 1.2800517e-19)
(-0.071698557 0.046382228 2.4164387e-21)
(-0.071025782 0.052278466 -3.8143943e-20)
(-0.068904716 0.057432127 3.4476691e-20)
(-0.065363255 0.061524955 -5.4016361e-20)
(-0.060693065 0.064460843 4.2482242e-21)
(-0.055188409 0.066194162 -8.9040619e-21)
(-0.048942455 0.066473914 2.995322e-21)
(-0.042301484 0.065370639 -6.3341526e-22)
(-0.035480416 0.062834603 -5.1155565e-20)
(-0.028730335 0.058911791 7.7854476e-20)
(-0.022281294 0.05367149 8.2727632e-20)
(-0.016346165 0.047216006 3.343247e-20)
(-0.011117805 0.039682748 7.6294658e-20)
(-0.006761762 0.031232557 -1.6941131e-20)
(-0.0034122961 0.022053953 4.8640099e-20)
(-0.001177202 0.012354195 3.7908911e-20)
(-0.00011729773 0.0023671646 5.0369856e-21)
)
;
    }
    frontAndBack
    {
        type            empty;
    }
}


// ************************************************************************* //
