/*--------------------------------*- C++ -*----------------------------------*\
  =========                 |
  \\      /  F ield         | OpenFOAM: The Open Source CFD Toolbox
   \\    /   O peration     | Website:  https://openfoam.org
    \\  /    A nd           | Version:  13
     \\/     M anipulation  |
\*---------------------------------------------------------------------------*/
FoamFile
{
    format      ascii;
    class       volVectorField;
    location    "16.703772";
    object      wallShearStress;
}
// * * * * * * * * * * * * * * * * * * * * * * * * * * * * * * * * * * * * * //

dimensions      [0 2 -2 0 0 0 0];

internalField   uniform (0 0 0);

boundaryField
{
    inlet
    {
        type            calculated;
        value           uniform (0 0 0);
    }
    outlet
    {
        type            calculated;
        value           uniform (0 0 0);
    }
    cylinder
    {
        type            calculated;
        value           nonuniform List<vector> 
132
(
(4.2412254e-05 -0.0004978019 -1.6199593e-22)
(0.00018250225 -0.0035884677 4.6428487e-23)
(0.00049202488 -0.0066315852 2.6014855e-21)
(0.00096403484 -0.0095391806 -8.9029753e-21)
(0.0015819227 -0.012223861 6.4428613e-21)
(0.0023190445 -0.014599155 2.0263435e-20)
(0.0031396241 -0.016587629 -3.9624282e-21)
(0.0039981137 -0.01812013 -1.6220861e-20)
(0.0048427511 -0.01913552 1.5793628e-20)
(0.0056131838 -0.019582118 -3.651632e-20)
(0.0062443475 -0.019424704 -6.8290011e-22)
(0.006673676 -0.01865983 2.3868198e-20)
(0.0068494148 -0.017324917 3.9627327e-20)
(0.0067388345 -0.015500963 -3.2575056e-20)
(0.0063369864 -0.013313006 3.4502837e-20)
(0.0056685416 -0.010914461 5.5544442e-20)
(0.0047896614 -0.0084750398 -3.6223493e-20)
(0.0037803947 -0.0061613875 5.7611366e-20)
(0.0027310882 -0.0041078958 7.5338959e-20)
(0.0017324237 -0.0024095374 -4.8280349e-20)
(0.00085303327 -0.0011018827 -6.0799525e-20)
(0.00013687832 -0.00017418157 2.1129495e-23)
(-0.00041081673 0.00043635657 8.6362573e-21)
(-0.00079742234 0.00079136817 -1.0250066e-20)
(-0.0010327231 0.00094786352 -1.7300877e-20)
(-0.0010417721 0.00088194051 3.6709091e-21)
(-0.00078744269 0.00061591229 -3.2899671e-20)
(-4.7672833e-05 4.4663624e-05 8.7294998e-21)
(0.0010265698 -0.00064714833 6.8348164e-21)
(0.0020963626 -0.0012061871 -4.706702e-20)
(0.0029173116 -0.0015115127 6.1545635e-20)
(0.00336046 -0.0015500414 1.8652517e-21)
(0.0035783573 -0.0014496772 1.3442652e-20)
(0.0037261736 -0.0013035355 -1.5895905e-20)
(0.0038586022 -0.0011402232 5.0374614e-20)
(0.0038460516 -0.00093099621 -3.1773266e-21)
(0.0035129427 -0.00066534988 1.2787828e-20)
(0.0026535681 -0.00036585616 -1.7531905e-21)
(0.0010567674 -9.9122306e-05 2.5152322e-21)
(-0.0015170748 2.0716834e-05 -1.5717853e-21)
(-0.0054440791 -0.00018510511 2.9489041e-21)
(-0.010841285 -0.0010162683 -9.1744155e-23)
(-0.01735436 -0.0026787151 3.4011984e-20)
(-0.0245991 -0.0053223918 -1.3269564e-20)
(-0.03201959 -0.0089706028 1.2125887e-20)
(-0.039133605 -0.013550152 -7.883865e-20)
(-0.045438316 -0.018868318 -1.2845533e-20)
(-0.050580873 -0.024671952 1.1370219e-19)
(-0.0543235 -0.030677049 -9.74637e-20)
(-0.056563918 -0.036603018 -1.8635288e-21)
(-0.057275627 -0.042168164 2.9606041e-20)
(-0.056560507 -0.047152769 -2.6647862e-20)
(-0.054510933 -0.051319108 -5.0748644e-21)
(-0.051305738 -0.054498773 -2.9798064e-21)
(-0.047180179 -0.05659676 -2.8914978e-21)
(-0.042317436 -0.057483583 -5.2205922e-21)
(-0.036956666 -0.057118794 7.1059785e-22)
(-0.03132442 -0.055482718 5.308977e-20)
(-0.025645515 -0.052595457 -7.8548933e-20)
(-0.020134391 -0.048510772 -8.2453099e-20)
(-0.014990679 -0.043314425 -3.3156151e-20)
(-0.010394745 -0.037121274 -7.5582382e-20)
(-0.006503823 -0.030072148 1.6805987e-20)
(-0.0034466522 -0.022329898 2.4406072e-20)
(-0.0013273761 -0.01408837 -3.7900061e-20)
(-0.0002031945 -0.0055076893 -5.0633053e-21)
(7.0523799e-05 0.0025835468 -7.4443379e-22)
(0.00026546196 0.0056273184 -4.4595029e-23)
(0.00062498953 0.0085747764 -2.5889474e-21)
(0.0011380136 0.011337986 8.8324908e-21)
(0.001783502 0.013828953 -6.37473e-21)
(0.0025304478 0.015962829 -1.9989464e-20)
(0.0033386526 0.017665696 3.89613e-21)
(0.0041594117 0.018872403 1.5891237e-20)
(0.0049382712 0.019530827 -1.5410295e-20)
(0.0056141093 0.019600918 3.5472336e-20)
(0.006124268 0.019065046 6.6028891e-22)
(0.006412097 0.017940958 -2.2960237e-20)
(0.0064364474 0.016291637 -3.7925611e-20)
(0.0061786308 0.014222501 3.1020326e-20)
(0.0056495447 0.011877747 -3.2700711e-20)
(0.0048902742 0.0094228684 -5.2420567e-20)
(0.0039681077 0.0070273931 3.4065005e-20)
(0.0029692775 0.0048447834 -5.4031363e-20)
(0.0019819646 0.0029861286 -7.0523476e-20)
(0.0010826232 0.0015116103 4.5145996e-20)
(0.00032522876 0.00042987189 5.6825936e-20)
(-0.00027221874 -0.00030875057 5.0317517e-20)
(-0.0007119573 -0.00076452011 4.0920903e-20)
(-0.0010133806 -0.0010085797 9.5790173e-21)
(-0.0011592855 -0.0010657211 1.6162919e-20)
(-0.0010662946 -0.00090495077 -3.4274427e-21)
(-0.00058223527 -0.00045981224 3.0699783e-20)
(0.0003355716 0.00022469929 -8.1585557e-21)
(0.0014752984 0.00093510772 -6.3959152e-21)
(0.0025014263 0.0014421976 4.4143836e-20)
(0.0031724461 0.0016455001 -5.77841e-20)
(0.0035054231 0.0016177948 -1.7427071e-21)
(0.0036699662 0.0014870182 2.8758834e-20)
(0.0038217102 0.0013370085 1.4969034e-20)
(0.0039401264 0.0011645673 -4.7534023e-20)
(0.0038711729 0.00093765664 3.006727e-21)
(0.0034282234 0.00065031671 8.8555327e-21)
(0.0024082587 0.00033401382 1.6716418e-21)
(0.00059699147 6.350011e-05 -2.4090924e-21)
(-0.0022482895 -3.7957733e-05 1.5124682e-21)
(-0.0064932525 0.00022065501 -2.8505423e-21)
(-0.012199467 0.0011412469 2.3465869e-20)
(-0.018963598 0.002924854 -3.3048411e-20)
(-0.026358692 0.0057007942 1.2892371e-20)
(-0.033811475 0.0094703214 -1.1760167e-20)
(-0.040868926 0.014149081 7.6199305e-20)
(-0.047010748 0.019519288 1.2349687e-20)
(-0.051926931 0.025325903 -1.0856136e-19)
(-0.055407357 0.031286519 9.2185909e-20)
(-0.057366915 0.037120112 1.740738e-21)
(-0.057796605 0.042549234 -2.7154055e-20)
(-0.056826101 0.047371755 2.3761387e-20)
(-0.054530769 0.051335164 -3.4520073e-20)
(-0.051115518 0.05429423 2.1756503e-21)
(-0.046828781 0.056172485 2.6168879e-22)
(-0.041824405 0.056810837 7.936693e-21)
(-0.036369261 0.056207581 -8.5396903e-22)
(-0.03067798 0.054333816 -5.9466831e-20)
(-0.024977014 0.051219736 8.5010912e-20)
(-0.019478243 0.046923917 8.738619e-20)
(-0.014378063 0.041536339 3.4633748e-20)
(-0.0098535572 0.035177132 7.8090369e-20)
(-0.0060574067 0.027989712 -1.7210734e-20)
(-0.0031137065 0.020141686 4.9196473e-20)
(-0.0011213483 0.011820973 3.8259966e-20)
(-0.00013573535 0.0032202159 5.0820617e-21)
)
;
    }
    frontAndBack
    {
        type            empty;
    }
}


// ************************************************************************* //
