/*--------------------------------*- C++ -*----------------------------------*\
  =========                 |
  \\      /  F ield         | OpenFOAM: The Open Source CFD Toolbox
   \\    /   O peration     | Website:  https://openfoam.org
    \\  /    A nd           | Version:  13
     \\/     M anipulation  |
\*---------------------------------------------------------------------------*/
FoamFile
{
    format      ascii;
    class       volVectorField;
    location    "2.201079";
    object      wallShearStress;
}
// * * * * * * * * * * * * * * * * * * * * * * * * * * * * * * * * * * * * * //

dimensions      [0 2 -2 0 0 0 0];

internalField   uniform (0 0 0);

boundaryField
{
    inlet
    {
        type            calculated;
        value           uniform (0 0 0);
    }
    outlet
    {
        type            calculated;
        value           uniform (0 0 0);
    }
    cylinder
    {
        type            calculated;
        value           nonuniform List<vector> 
132
(
(0.000111809 -0.001788431 -3.0680293e-22)
(0.00046885004 -0.0093239921 8.8195882e-23)
(0.0012351261 -0.016688937 5.0025663e-21)
(0.0023842427 -0.023620623 -1.7446183e-20)
(0.0038600403 -0.029854459 1.2927583e-20)
(0.0055758754 -0.035132477 4.1725947e-20)
(0.0074143086 -0.03922192 -8.3712272e-21)
(0.0092388423 -0.041928248 -3.5063391e-20)
(0.010895928 -0.043115115 3.4778355e-20)
(0.012228457 -0.042723935 -8.1456269e-20)
(0.013092477 -0.040791562 -1.533879e-21)
(0.013376213 -0.037462123 5.3653687e-20)
(0.013022171 -0.032995942 8.8668883e-20)
(0.012040613 -0.027748088 -7.2229027e-20)
(0.010520036 -0.022142759 7.5567222e-20)
(0.0086167437 -0.016622283 1.1997067e-19)
(0.0065214166 -0.011564083 -7.7163335e-20)
(0.0044399165 -0.0072569213 1.212105e-19)
(0.0025499992 -0.0038554387 1.5694236e-19)
(0.00096017371 -0.0013608292 -9.9866758e-20)
(-0.00027457446 0.00032460965 -1.251736e-19)
(-0.0011644358 0.001352695 4.3562328e-23)
(-0.0016878034 0.0018239351 1.7678118e-20)
(-0.0016847376 0.0016879268 -2.0917509e-20)
(-0.0011145629 0.001041076 -3.521336e-20)
(0.00039572494 -0.00030842651 7.4686636e-21)
(0.0024909335 -0.0019012449 -6.7291603e-20)
(0.0044681508 -0.0031372748 1.8032318e-20)
(0.0057669146 -0.0036926164 1.4247928e-20)
(0.0063235105 -0.00366444 -9.8633055e-20)
(0.0064999468 -0.0033803705 1.2920189e-19)
(0.0065208774 -0.0030138456 3.9232719e-21)
(0.0063762757 -0.0025883423 2.8410723e-20)
(0.0058460051 -0.002053062 -3.3874525e-20)
(0.0047134353 -0.001404788 1.0849992e-19)
(0.0027090971 -0.00067276023 -6.9267043e-21)
(-0.00037993871 4.5789236e-05 2.8216236e-20)
(-0.004752339 0.00061032613 -3.9094368e-21)
(-0.010463083 0.00081148494 5.6443972e-21)
(-0.017491226 0.00042751682 -3.5285305e-21)
(-0.026142333 -0.00084489079 6.5656756e-21)
(-0.035774039 -0.0033023344 -2.0025358e-22)
(-0.045380285 -0.0069595607 7.2277754e-20)
(-0.054530732 -0.011757961 -2.7318515e-20)
(-0.062605379 -0.01750454 2.4148998e-20)
(-0.069323191 -0.023971273 -1.5213485e-19)
(-0.074419731 -0.030868739 -2.4115207e-20)
(-0.077797961 -0.037915926 2.0894903e-19)
(-0.079424678 -0.044823807 -1.7674376e-19)
(-0.079372774 -0.051338093 -3.3699101e-21)
(-0.077715289 -0.057194879 5.4196038e-20)
(-0.074676098 -0.062236404 -5.0572184e-20)
(-0.070342353 -0.066206973 -1.0446741e-20)
(-0.06496538 -0.068994502 -7.499078e-21)
(-0.058828968 -0.070558275 -1.699485e-20)
(-0.052069576 -0.070720199 4.8512961e-21)
(-0.044978499 -0.069508019 2.9055011e-22)
(-0.037773352 -0.066897573 3.8916855e-20)
(-0.030687082 -0.062928586 -6.8456758e-20)
(-0.023937509 -0.057668497 -7.7938808e-20)
(-0.01772648 -0.051215036 -3.2790348e-20)
(-0.012236966 -0.043696824 -7.682369e-20)
(-0.007627814 -0.035266777 1.7378463e-20)
(-0.0040290389 -0.026100763 2.551092e-20)
(-0.0015460029 -0.016406899 -3.9864136e-20)
(-0.0002348973 -0.0063528219 -5.3403358e-21)
(0.00016490819 0.005739395 -1.4173422e-21)
(0.00062430729 0.013156156 -8.608058e-23)
(0.0014800347 0.020279972 -5.1038325e-21)
(0.0026956058 0.026851799 1.7883536e-20)
(0.004205303 0.03261565 -1.3296202e-20)
(0.0059138312 0.037328065 -4.2971064e-20)
(0.0076985084 0.040776768 8.6155898e-21)
(0.0094206776 0.042793877 3.6005895e-20)
(0.010928538 0.043277145 -3.5588768e-20)
(0.01207242 0.042206398 8.2993261e-20)
(0.0127225 0.03966228 1.5554071e-21)
(0.012786734 0.035831097 -5.4132361e-20)
(0.012233829 0.031015232 -8.9034605e-20)
(0.011096747 0.025586767 7.2223707e-20)
(0.009491444 0.019987189 -7.5303533e-20)
(0.0075779649 0.014626407 -1.1927896e-19)
(0.0055471644 0.0098431881 7.661903e-20)
(0.0035955567 0.0058837398 -1.2033214e-19)
(0.0018676645 0.0028316279 -1.5588043e-19)
(0.00044929468 0.00065239302 9.9285328e-20)
(-0.00062520115 -0.00077421004 1.2456213e-19)
(-0.0013680748 -0.0015948735 1.100627e-19)
(-0.0017405563 -0.0018840882 8.9318984e-20)
(-0.0015629784 -0.0015705816 2.0848619e-20)
(-0.00065543732 -0.0006233023 3.5116561e-20)
(0.0010658414 0.00087312406 -7.4657325e-21)
(0.0031572155 0.0024182793 6.7404587e-20)
(0.0049365089 0.0034712939 -1.8096117e-20)
(0.0059378962 0.0038050257 -1.4305273e-20)
(0.0063360947 0.0036727054 9.8998013e-20)
(0.0064719674 0.003366162 -1.2973014e-19)
(0.0064497207 0.0029814501 -3.9194174e-21)
(0.0062254993 0.0025281229 6.5033046e-20)
(0.0055430422 0.001948381 3.4134056e-20)
(0.0042008978 0.0012550342 -1.0950971e-19)
(0.0019264279 0.00048562298 7.00276e-21)
(-0.0014795606 -0.00025041814 2.0833637e-20)
(-0.0062255672 -0.0008067588 3.9615455e-21)
(-0.012249624 -0.00095463582 -5.7217794e-21)
(-0.019575108 -0.00048290118 3.5752082e-21)
(-0.028455929 0.00091591649 -6.6420264e-21)
(-0.038196427 0.0035228961 5.3304503e-20)
(-0.047785604 0.0073254877 -7.2695144e-20)
(-0.056794387 0.012243605 2.7368902e-20)
(-0.064650689 0.01807419 -2.4093884e-20)
(-0.071092678 0.02458021 1.5108033e-19)
(-0.075875839 0.031469968 2.3831282e-20)
(-0.078933362 0.038466655 -2.0536266e-19)
(-0.080238391 0.045280531 1.72642e-19)
(-0.079885883 0.051667545 3.2677416e-21)
(-0.077941445 0.057358933 -5.2066997e-20)
(-0.074661794 0.062222177 4.7999994e-20)
(-0.070103776 0.065979828 -7.838662e-20)
(-0.064535278 0.068535208 6.7575552e-21)
(-0.058263314 0.069877101 -1.9528524e-20)
(-0.05139092 0.069795363 -2.3010427e-21)
(-0.044229101 0.068346442 -4.2539874e-22)
(-0.036988835 0.065504059 -4.4937245e-20)
(-0.029902184 0.061314018 7.4573945e-20)
(-0.023184967 0.05584914 8.2618334e-20)
(-0.017035709 0.049210686 3.4194236e-20)
(-0.01163425 0.04153219 7.9209364e-20)
(-0.0071350548 0.032968673 -1.7763843e-20)
(-0.003663799 0.023700682 5.1350065e-20)
(-0.0013208437 0.013929343 4.0207191e-20)
(-0.00016133408 0.003859055 5.3585329e-21)
)
;
    }
    frontAndBack
    {
        type            empty;
    }
}


// ************************************************************************* //
