/*--------------------------------*- C++ -*----------------------------------*\
  =========                 |
  \\      /  F ield         | OpenFOAM: The Open Source CFD Toolbox
   \\    /   O peration     | Website:  https://openfoam.org
    \\  /    A nd           | Version:  13
     \\/     M anipulation  |
\*---------------------------------------------------------------------------*/
FoamFile
{
    format      ascii;
    class       volVectorField;
    location    "43.900533";
    object      wallShearStress;
}
// * * * * * * * * * * * * * * * * * * * * * * * * * * * * * * * * * * * * * //

dimensions      [0 2 -2 0 0 0 0];

internalField   uniform (0 0 0);

boundaryField
{
    inlet
    {
        type            calculated;
        value           uniform (0 0 0);
    }
    outlet
    {
        type            calculated;
        value           uniform (0 0 0);
    }
    cylinder
    {
        type            calculated;
        value           nonuniform List<vector> 
132
(
(3.8727833e-05 -0.0025767487 -3.0053723e-22)
(0.00012055113 -0.002858385 8.5735258e-23)
(0.00021895692 -0.0031261317 4.7392893e-21)
(0.00033252139 -0.0033745549 -1.5915387e-20)
(0.00045959437 -0.0035983259 1.1239009e-20)
(0.00059789491 -0.0037921155 3.4345583e-20)
(0.00074445429 -0.0039510025 -6.5066994e-21)
(0.0008959057 -0.0040705884 -2.5769089e-20)
(0.001048336 -0.0041472595 2.4276551e-20)
(0.001197508 -0.0041785123 -5.4397356e-20)
(0.0013390131 -0.0041630398 -9.892093e-22)
(0.001468567 -0.0041011495 3.3745825e-20)
(0.0015822013 -0.0039946714 5.4993124e-20)
(0.0016766023 -0.0038471618 -4.4635525e-20)
(0.0017493905 -0.0036638509 4.6965759e-20)
(0.001799504 -0.0034516849 7.5540497e-20)
(0.0018275054 -0.0032191575 -4.9468865e-20)
(0.0018357642 -0.0029758473 7.9308448e-20)
(0.0018287345 -0.0027321999 1.048094e-19)
(0.0018132727 -0.0024993054 -6.7958401e-20)
(0.0017986001 -0.0022881731 -8.6589768e-20)
(0.0017969457 -0.0021099487 3.0474659e-23)
(0.0018228384 -0.0019744039 1.2557565e-20)
(0.0018934476 -0.0018899329 -1.5036261e-20)
(0.0020257499 -0.0018604938 -2.5586779e-20)
(0.0022337227 -0.0018838213 5.4747735e-21)
(0.0025241205 -0.0019495871 -4.9461867e-20)
(0.0028918841 -0.0020387387 1.3225218e-20)
(0.0033115912 -0.0021216375 1.039429e-20)
(0.0037396696 -0.0021650255 -7.1654104e-20)
(0.0041401504 -0.0021501766 9.3584978e-20)
(0.0044735845 -0.0020648598 2.8351588e-21)
(0.0046896159 -0.0019007245 2.0459321e-20)
(0.0047120084 -0.0016507677 -2.4272649e-20)
(0.0044232947 -0.0013115033 7.7222544e-20)
(0.0036567518 -0.00089181645 -4.8896803e-21)
(0.0022257886 -0.00043178773 1.9739302e-20)
(-9.8789645e-05 -5.9568738e-06 -2.7104453e-21)
(-0.0035108503 0.0002606121 3.883558e-21)
(-0.0081337731 0.00018320898 -2.4157998e-21)
(-0.014351049 -0.00047503083 4.4900267e-21)
(-0.022013927 -0.0020429768 -1.3754422e-22)
(-0.030401115 -0.0046740582 5.0039843e-20)
(-0.039054886 -0.0084331454 -1.9128085e-20)
(-0.04738477 -0.013260243 1.7131844e-20)
(-0.054912841 -0.019000837 -1.0936109e-19)
(-0.06121625 -0.025406296 -1.7557981e-20)
(-0.0660461 -0.032202105 1.537976e-19)
(-0.069220215 -0.039077636 -1.3122431e-19)
(-0.07071282 -0.045748684 -2.5153993e-21)
(-0.070532015 -0.051919152 4.048793e-20)
(-0.068827532 -0.057371863 -3.7544115e-20)
(-0.065699213 -0.061845892 -7.6200242e-21)
(-0.061381229 -0.065196164 -5.2310436e-21)
(-0.056119949 -0.067316451 -1.0390751e-20)
(-0.050097675 -0.068048718 6.2311677e-22)
(-0.043600382 -0.067384504 4.3645449e-22)
(-0.036863055 -0.065291203 4.213945e-20)
(-0.030134198 -0.061800387 -6.8473298e-20)
(-0.023646613 -0.056973307 -7.5378316e-20)
(-0.017617679 -0.050906763 -3.1171622e-20)
(-0.012244064 -0.043729461 -7.2342341e-20)
(-0.0076974423 -0.035598919 1.6279957e-20)
(-0.0041178481 -0.026694886 2.3839167e-20)
(-0.0016204094 -0.017238912 -3.7230757e-20)
(-0.00026462909 -0.0073894754 -4.9926005e-21)
(-2.7228746e-05 -0.0022836404 -1.3793753e-21)
(-7.7325731e-05 -0.0019785188 -8.1939859e-23)
(-0.00011095215 -0.0016633106 -4.6886151e-21)
(-0.00012728158 -0.0013429349 1.5663958e-20)
(-0.00012579768 -0.0010208472 -1.1013181e-20)
(-0.00010694175 -0.00070467523 -3.351506e-20)
(-7.1225897e-05 -0.00039800265 6.3244278e-21)
(-1.9950595e-05 -0.00010613087 2.4956711e-20)
(4.5112264e-05 0.0001662362 -2.3434702e-20)
(0.00012161111 0.00041526076 5.2362082e-20)
(0.0002074832 0.00063753575 9.4991618e-22)
(0.00029976928 0.00083075803 -3.2342237e-20)
(0.00039574186 0.00099365832 -5.2628482e-20)
(0.00049281145 0.0011261356 4.2674061e-20)
(0.00058890776 0.0012293231 -4.4877635e-20)
(0.0006825221 0.0013055673 -7.2173626e-20)
(0.00077312363 0.0013585936 4.7275997e-20)
(0.00086125478 0.0013930949 -7.5836451e-20)
(0.00094912792 0.0014151543 -1.0030326e-19)
(0.0010404293 0.0014312923 6.510236e-20)
(0.0011411187 0.0014490411 8.3043028e-20)
(0.0012589988 0.0014757343 7.4435847e-20)
(0.0014035155 0.0015178549 6.1206679e-20)
(0.0015849205 0.0015799606 1.4469781e-20)
(0.0018121631 0.0016627995 2.4646772e-20)
(0.0020893008 0.0017610709 -5.2779639e-21)
(0.0024158107 0.0018655516 4.7711787e-20)
(0.0027804327 0.0019602504 -1.2761733e-20)
(0.0031627445 0.0020265633 -1.0030278e-20)
(0.0035414316 0.0020505587 6.9129169e-20)
(0.0038901387 0.0020205935 -9.0257837e-20)
(0.0041764757 0.0019279583 -2.7174557e-21)
(0.0043480716 0.0017626363 4.4864338e-20)
(0.0043124705 0.0015114223 2.3392833e-20)
(0.0039425298 0.0011700881 -7.4418513e-20)
(0.0030666548 0.00075003578 4.7118457e-21)
(0.0014993703 0.0002960494 1.3869779e-20)
(-0.00098296054 -0.00011213788 2.610546e-21)
(-0.0045786301 -0.00034614325 -3.7374405e-21)
(-0.0093570692 -0.00021656672 2.3219618e-21)
(-0.01570464 0.00051660358 -4.3067201e-21)
(-0.023432831 0.0021721179 3.4680146e-20)
(-0.031786763 0.0048846678 -4.7644843e-20)
(-0.040316294 0.0087031667 1.811898e-20)
(-0.048424432 0.013549338 -1.6128494e-20)
(-0.055663501 0.019258798 1.0221586e-19)
(-0.061633076 0.025576635 1.6269273e-20)
(-0.066108007 0.032229644 -1.4104252e-19)
(-0.068925014 0.038908337 1.1878817e-19)
(-0.070086456 0.045340755 2.2393137e-21)
(-0.069586056 0.051220045 -3.520935e-20)
(-0.067635856 0.056375702 3.1565806e-20)
(-0.064263509 0.060490901 -4.8614946e-20)
(-0.059758402 0.063469197 3.6674735e-21)
(-0.054405815 0.065256486 -6.2962424e-21)
(-0.048303384 0.065606892 4.4140564e-21)
(-0.041792947 0.064585739 -6.9702579e-22)
(-0.035089299 0.062142953 -5.3540501e-20)
(-0.028442576 0.058322828 7.9865146e-20)
(-0.022082157 0.053193057 8.3972784e-20)
(-0.016220486 0.046854519 3.3720796e-20)
(-0.011050053 0.039442987 7.6634995e-20)
(-0.0067362515 0.031117876 -1.6968494e-20)
(-0.003413272 0.022065949 4.8620687e-20)
(-0.001189075 0.01249358 3.7838588e-20)
(-0.00012423347 0.0026274515 5.0222871e-21)
)
;
    }
    frontAndBack
    {
        type            empty;
    }
}


// ************************************************************************* //
