/*--------------------------------*- C++ -*----------------------------------*\
  =========                 |
  \\      /  F ield         | OpenFOAM: The Open Source CFD Toolbox
   \\    /   O peration     | Website:  https://openfoam.org
    \\  /    A nd           | Version:  13
     \\/     M anipulation  |
\*---------------------------------------------------------------------------*/
FoamFile
{
    format      ascii;
    class       volVectorField;
    location    "39.795939";
    object      wallShearStress;
}
// * * * * * * * * * * * * * * * * * * * * * * * * * * * * * * * * * * * * * //

dimensions      [0 2 -2 0 0 0 0];

internalField   uniform (0 0 0);

boundaryField
{
    inlet
    {
        type            calculated;
        value           uniform (0 0 0);
    }
    outlet
    {
        type            calculated;
        value           uniform (0 0 0);
    }
    cylinder
    {
        type            calculated;
        value           nonuniform List<vector> 
132
(
(1.2303087e-05 -0.00063269158 -2.8483829e-22)
(4.0890536e-05 -0.00091848829 8.0851818e-23)
(8.5465559e-05 -0.001193806 4.4476951e-21)
(0.0001448217 -0.0014536974 -1.4863411e-20)
(0.00021763977 -0.0016935089 1.0445799e-20)
(0.00030209178 -0.0019088143 3.1772074e-20)
(0.00039586393 -0.0020956663 -5.9918022e-21)
(0.0004962586 -0.0022507321 -2.3626415e-20)
(0.00060026401 -0.0023714659 2.2165555e-20)
(0.00070469216 -0.0024562851 -4.9473164e-20)
(0.00080627699 -0.0025046647 -8.9642378e-22)
(0.00090201015 -0.0025173077 3.0476967e-20)
(0.00098916984 -0.0024960365 4.9514913e-20)
(0.001065629 -0.0024440304 -4.0079597e-20)
(0.0011299875 -0.0023655371 4.2070458e-20)
(0.0011818837 -0.0022660117 6.752587e-20)
(0.0012221503 -0.0021518447 -4.4141739e-20)
(0.0012530414 -0.0020302371 7.0663298e-20)
(0.0012784371 -0.0019089982 9.327153e-20)
(0.0013039776 -0.001796229 -6.0419178e-20)
(0.0013373435 -0.0017002062 -7.6926351e-20)
(0.0013884706 -0.0016291165 2.7078442e-23)
(0.0014694325 -0.0015903954 1.1145496e-20)
(0.0015941611 -0.0015900347 -1.3341797e-20)
(0.0017765047 -0.0016305392 -2.2699144e-20)
(0.0020270312 -0.0017086526 4.8562858e-21)
(0.0023502767 -0.0018146986 -4.3869135e-20)
(0.0027357344 -0.0019282766 1.1728459e-20)
(0.0031611422 -0.0020249922 9.2160871e-21)
(0.003594303 -0.0020806873 -6.3516959e-20)
(0.0039949185 -0.0020746254 8.2938437e-20)
(0.0043328709 -0.0019997104 2.5118371e-21)
(0.0045757711 -0.0018542362 1.8121175e-20)
(0.0046515553 -0.0016290679 -2.149566e-20)
(0.0044488941 -0.0013182872 6.8389603e-20)
(0.0038099506 -0.00092779088 -4.3316671e-21)
(0.0025529953 -0.00049203685 1.7498057e-20)
(0.00045178508 -7.8138834e-05 -2.4054289e-21)
(-0.0026780642 0.00019356475 3.4526771e-21)
(-0.0070039029 0.00015399309 -2.1527144e-21)
(-0.012897702 -0.00042911709 4.0133896e-21)
(-0.02024311 -0.001880468 -1.2341601e-22)
(-0.028386971 -0.0043662004 4.5074837e-20)
(-0.036859482 -0.0079607921 -1.7293592e-20)
(-0.045071817 -0.01261449 1.5539813e-20)
(-0.052578783 -0.018194708 -9.9462829e-20)
(-0.058915595 -0.024453217 -1.5991696e-20)
(-0.063820437 -0.031118596 1.4012819e-19)
(-0.067110144 -0.037887893 -1.193855e-19)
(-0.068734844 -0.044470324 -2.280363e-21)
(-0.068703489 -0.050574309 3.6449619e-20)
(-0.067155181 -0.05597885 -3.3388722e-20)
(-0.064186079 -0.060422301 -6.6210821e-21)
(-0.060025504 -0.063756832 -4.3263291e-21)
(-0.054920756 -0.065878486 -7.2980898e-21)
(-0.049049147 -0.066624768 -1.8397806e-21)
(-0.04269628 -0.065987293 5.5424518e-22)
(-0.036095841 -0.063932159 4.6912692e-20)
(-0.02949534 -0.060489708 -7.2897596e-20)
(-0.023126883 -0.055720165 -7.8473694e-20)
(-0.017207204 -0.049719108 -3.2021079e-20)
(-0.011932566 -0.04261429 -7.3657145e-20)
(-0.0074741906 -0.034561717 1.6470832e-20)
(-0.0039719281 -0.025740607 2.4001723e-20)
(-0.0015406935 -0.016368294 -3.7338931e-20)
(-0.00024109594 -0.00660957 -4.9905419e-21)
(-8.839306e-07 -0.00033854199 -1.3137919e-21)
(2.1015476e-06 -3.5222536e-05 -7.8435001e-23)
(2.2787707e-05 0.00027562582 -4.5111153e-21)
(6.1148852e-05 0.00058937846 1.514879e-20)
(0.00011791291 0.00090061594 -1.0706053e-20)
(0.00019245921 0.0012034384 -3.2747916e-20)
(0.00028367056 0.0014917103 6.2110177e-21)
(0.00038971124 0.0017592565 2.4630606e-20)
(0.00050794403 0.0020001295 -2.3239523e-20)
(0.0006352225 0.0022088266 5.2163981e-20)
(0.00076776969 0.002380634 9.5038635e-22)
(0.00090138837 0.0025118866 -3.2491208e-20)
(0.0010317223 0.0026003479 -5.3068001e-20)
(0.0011544852 0.0026453089 4.3175476e-20)
(0.0012659003 0.0026480429 -4.5540779e-20)
(0.0013629207 0.0026115512 -7.3430363e-20)
(0.0014438895 0.0025411281 4.8205379e-20)
(0.0015085944 0.002443562 -7.7467592e-20)
(0.0015590153 0.0023276089 -1.0260972e-19)
(0.0015994937 0.0022032952 6.6672819e-20)
(0.0016370091 0.0020814933 8.5115006e-20)
(0.0016815995 0.0019736428 7.6333728e-20)
(0.0017456263 0.0018901487 6.2787622e-20)
(0.0018433598 0.0018395713 1.4845693e-20)
(0.001989452 0.001827046 2.5288163e-20)
(0.0021947713 0.0018510905 -5.4152405e-21)
(0.0024649226 0.0019041686 4.8953387e-20)
(0.0027920936 0.0019688079 -1.309509e-20)
(0.003156613 0.0020227283 -1.0294709e-20)
(0.0035321057 0.0020451362 7.0979326e-20)
(0.0038842049 0.0020174813 -9.2719974e-20)
(0.0041705832 0.0019252709 -2.7931347e-21)
(0.0043328533 0.0017565673 4.6138737e-20)
(0.0042812308 0.0015006196 2.4068817e-20)
(0.0038923766 0.0011554036 -7.6598344e-20)
(0.0029965279 0.00073321612 4.8511279e-21)
(0.0014105811 0.00027944525 1.4281205e-20)
(-0.0010866432 -0.00012603903 2.6877438e-21)
(-0.0046915436 -0.00035530257 -3.8468129e-21)
(-0.0094667503 -0.00021977542 2.3886993e-21)
(-0.015797293 0.00051927222 -4.4274253e-21)
(-0.023495066 0.0021775898 3.5624559e-20)
(-0.031806398 0.0048874196 -4.8906044e-20)
(-0.040288493 0.0086969425 1.858869e-20)
(-0.048350929 0.013528584 -1.6542664e-20)
(-0.055550091 0.019219417 1.0485602e-19)
(-0.061489706 0.025517054 1.6700355e-20)
(-0.065945482 0.032150378 -1.4496283e-19)
(-0.068755727 0.038812796 1.2234789e-19)
(-0.069919121 0.045232575 2.3139503e-21)
(-0.069433445 0.051107843 -3.6573271e-20)
(-0.067499173 0.056261936 3.3061098e-20)
(-0.064156432 0.060390417 -5.1741003e-20)
(-0.059682748 0.063389112 4.0440761e-21)
(-0.054355544 0.06519657 -8.2268189e-21)
(-0.048286846 0.065584944 3.2063706e-21)
(-0.041805853 0.064606324 -6.3395403e-22)
(-0.035129589 0.062215152 -5.0737352e-20)
(-0.028506039 0.058454089 7.7000882e-20)
(-0.022163329 0.053390144 8.1747366e-20)
(-0.016312913 0.047123751 3.3035548e-20)
(-0.011146202 0.039789661 7.5424416e-20)
(-0.0068277282 0.031546372 -1.6761736e-20)
(-0.0034910799 0.022579756 4.8179353e-20)
(-0.0012434283 0.013096297 3.7603647e-20)
(-0.00014395172 0.003315291 5.0052193e-21)
)
;
    }
    frontAndBack
    {
        type            empty;
    }
}


// ************************************************************************* //
