/*--------------------------------*- C++ -*----------------------------------*\
  =========                 |
  \\      /  F ield         | OpenFOAM: The Open Source CFD Toolbox
   \\    /   O peration     | Website:  https://openfoam.org
    \\  /    A nd           | Version:  13
     \\/     M anipulation  |
\*---------------------------------------------------------------------------*/
FoamFile
{
    format      ascii;
    class       volVectorField;
    location    "49.899831";
    object      wallShearStress;
}
// * * * * * * * * * * * * * * * * * * * * * * * * * * * * * * * * * * * * * //

dimensions      [0 2 -2 0 0 0 0];

internalField   uniform (0 0 0);

boundaryField
{
    inlet
    {
        type            calculated;
        value           uniform (0 0 0);
    }
    outlet
    {
        type            calculated;
        value           uniform (0 0 0);
    }
    cylinder
    {
        type            calculated;
        value           nonuniform List<vector> 
132
(
(4.2854657e-05 -0.0028768409 -3.1783236e-22)
(0.00013261004 -0.0031554305 9.0270639e-23)
(0.00023802291 -0.0034066591 4.9685894e-21)
(0.00035650198 -0.003624913 -1.6612971e-20)
(0.00048525767 -0.0038054098 1.1680882e-20)
(0.00062096031 -0.0039439439 3.5542646e-20)
(0.00075986959 -0.0040373665 -6.7048327e-21)
(0.00089789287 -0.0040836014 -2.6442599e-20)
(0.0010309279 -0.004081946 2.4808651e-20)
(0.001154906 -0.0040330136 -5.5367047e-20)
(0.0012660695 -0.0039390256 -1.0029829e-21)
(0.0013612164 -0.0038037626 3.4085899e-20)
(0.0014379561 -0.0036325268 5.5348753e-20)
(0.0014949005 -0.0034319147 -4.4772507e-20)
(0.0015319473 -0.0032097856 4.6960722e-20)
(0.0015504484 -0.0029749642 7.531185e-20)
(0.0015532621 -0.0027367425 -4.9187466e-20)
(0.0015449744 -0.0025047964 7.8668455e-20)
(0.0015318869 -0.0022886961 1.0374322e-19)
(0.0015222327 -0.0020978478 -6.7143698e-20)
(0.0015263238 -0.0019411825 -8.5418407e-20)
(0.0015567247 -0.0018270066 3.0049888e-23)
(0.0016281869 -0.0017624661 1.2359209e-20)
(0.001756918 -0.0017524291 -1.478748e-20)
(0.0019580123 -0.0017970555 -2.5150114e-20)
(0.0022419559 -0.0018896913 5.3796992e-21)
(0.0026081432 -0.0020137005 -4.8597658e-20)
(0.0030416508 -0.0021438881 1.2994761e-20)
(0.0035090994 -0.0022480398 1.0214339e-20)
(0.0039655311 -0.0022958424 -7.0423098e-20)
(0.0043780099 -0.002273845 9.1990352e-20)
(0.0047151312 -0.0021764638 2.7873059e-21)
(0.0049330373 -0.0019994435 2.0119605e-20)
(0.0049525618 -0.0017350555 -2.3880897e-20)
(0.0046497028 -0.0013786059 7.6031366e-20)
(0.0038502183 -0.00093890578 -4.8192145e-21)
(0.0023612785 -0.00045778931 1.9481094e-20)
(-5.2903749e-05 -1.2837601e-05 -2.6794932e-21)
(-0.0035852306 0.00026583135 3.8466947e-21)
(-0.0083616612 0.00018815762 -2.3979963e-21)
(-0.014769313 -0.00048883205 4.4670999e-21)
(-0.02263849 -0.0021007758 -1.3714836e-22)
(-0.031221256 -0.0047998872 4.9989981e-20)
(-0.040049201 -0.0086475066 -1.9138324e-20)
(-0.048519881 -0.013577476 1.7160661e-20)
(-0.05614807 -0.019427785 -1.0962828e-19)
(-0.062511163 -0.025943175 -1.7608592e-20)
(-0.067363863 -0.032844056 1.5426008e-19)
(-0.070527929 -0.039815356 -1.3159906e-19)
(-0.071984005 -0.046570585 -2.5214434e-21)
(-0.071744076 -0.052810888 4.0551757e-20)
(-0.069965057 -0.058319638 -3.7553994e-20)
(-0.066748372 -0.062833124 -7.6038527e-21)
(-0.062330941 -0.066204567 -5.1964543e-21)
(-0.056968215 -0.068333712 -1.0190662e-20)
(-0.050841912 -0.069059435 3.8252166e-22)
(-0.044239198 -0.068371668 4.5252846e-22)
(-0.037399276 -0.0662409 4.30158e-20)
(-0.030571864 -0.062698013 -6.953676e-20)
(-0.023992014 -0.057805662 -7.6339075e-20)
(-0.017878783 -0.051661547 -3.1511006e-20)
(-0.01243034 -0.044395301 -7.3025602e-20)
(-0.0078198601 -0.036166065 1.6413196e-20)
(-0.0041884227 -0.027154373 2.4005554e-20)
(-0.0016525167 -0.017585155 -3.7444291e-20)
(-0.00027177973 -0.0076111779 -5.0144139e-21)
(-3.0982328e-05 -0.0025739245 -1.465129e-21)
(-8.7972467e-05 -0.0022461124 -8.7419455e-23)
(-0.00012647103 -0.001894834 -5.0250781e-21)
(-0.00014451907 -0.0015253646 1.6866289e-20)
(-0.00014051122 -0.0011419723 -1.1914797e-20)
(-0.00011390302 -0.00075356852 -3.64332e-20)
(-6.4452407e-05 -0.00036647053 6.9084299e-21)
(6.9884221e-06 1.1509127e-05 2.739401e-20)
(9.8276018e-05 0.0003726399 -2.5848545e-20)
(0.00020704092 0.00070923078 5.8032965e-20)
(0.00032970566 0.0010141772 1.057704e-21)
(0.00046206669 0.0012813417 -3.6180211e-20)
(0.00059947731 0.0015060002 -5.913375e-20)
(0.00073714986 0.0016851702 4.8149639e-20)
(0.00087055151 0.001817943 -5.0833947e-20)
(0.00099579348 0.0019055824 -8.2046231e-20)
(0.0011101877 0.0019517925 5.3916873e-20)
(0.0012125532 0.001962338 -8.6736064e-20)
(0.0013039844 0.001945391 -1.150019e-19)
(0.0013877484 0.0019103472 7.4796011e-20)
(0.0014701318 0.0018681805 9.5568054e-20)
(0.0015600294 0.0018299662 8.5773941e-20)
(0.0016683874 0.0018056648 7.0598414e-20)
(0.001807505 0.0018031212 1.6701297e-20)
(0.0019883691 0.0018256036 2.846021e-20)
(0.0022184966 0.0018708925 -6.0960873e-21)
(0.0024999538 0.0019312342 5.5114066e-20)
(0.0028247552 0.0019919806 -1.4742285e-20)
(0.0031767464 0.0020358317 -1.1587049e-20)
(0.0035330547 0.0020458925 7.9858371e-20)
(0.0038630572 0.0020066999 -1.0426518e-19)
(0.0041234427 0.001903756 -3.1389518e-21)
(0.0042480147 0.0017225702 5.1811857e-20)
(0.0041328507 0.0014493043 2.70032e-20)
(0.0036429497 0.0010825846 -8.583413e-20)
(0.0025998695 0.00063854801 5.4276391e-21)
(0.00081552425 0.00016895412 1.5946396e-20)
(-0.0019320244 -0.00023820047 2.993562e-21)
(-0.0058369935 -0.00044635423 -4.2711348e-21)
(-0.010929866 -0.00025833956 2.6422424e-21)
(-0.017610196 0.00057613118 -4.875506e-21)
(-0.02562575 0.002372825 3.9028918e-20)
(-0.03418994 0.0052515447 -5.3303895e-20)
(-0.042855313 0.0092489129 2.0157502e-20)
(-0.050984957 0.014263814 -1.7852981e-20)
(-0.058179643 0.020127591 1.1269716e-19)
(-0.064047109 0.026576132 1.7883502e-20)
(-0.068372417 0.033331529 -1.548061e-19)
(-0.071017085 0.040087417 1.3039356e-19)
(-0.071987473 0.046568862 2.4639769e-21)
(-0.071289963 0.052472704 -3.896359e-20)
(-0.069143762 0.057631204 3.5325284e-20)
(-0.065578681 0.061727636 -5.567426e-20)
(-0.060885927 0.064665618 4.4362565e-21)
(-0.055358974 0.066398746 -9.8033554e-21)
(-0.049092618 0.066677941 2.4700291e-21)
(-0.042432298 0.065572942 -6.0785111e-22)
(-0.035593125 0.063034449 -5.0099758e-20)
(-0.028826144 0.059108608 7.6853955e-20)
(-0.022361315 0.053864765 8.200943e-20)
(-0.016411469 0.047405392 3.3229357e-20)
(-0.011169384 0.039867986 7.5968465e-20)
(-0.0068005222 0.031413443 -1.6891479e-20)
(-0.0034390988 0.022230427 4.8549768e-20)
(-0.00119278 0.012526443 3.7873151e-20)
(-0.00012211496 0.002534283 5.0363831e-21)
)
;
    }
    frontAndBack
    {
        type            empty;
    }
}


// ************************************************************************* //
