/*--------------------------------*- C++ -*----------------------------------*\
  =========                 |
  \\      /  F ield         | OpenFOAM: The Open Source CFD Toolbox
   \\    /   O peration     | Website:  https://openfoam.org
    \\  /    A nd           | Version:  13
     \\/     M anipulation  |
\*---------------------------------------------------------------------------*/
FoamFile
{
    format      ascii;
    class       volVectorField;
    location    "0.999737";
    object      wallShearStress;
}
// * * * * * * * * * * * * * * * * * * * * * * * * * * * * * * * * * * * * * //

dimensions      [0 2 -2 0 0 0 0];

internalField   uniform (0 0 0);

boundaryField
{
    inlet
    {
        type            calculated;
        value           uniform (0 0 0);
    }
    outlet
    {
        type            calculated;
        value           uniform (0 0 0);
    }
    cylinder
    {
        type            calculated;
        value           nonuniform List<vector> 
132
(
(3.9262064e-05 -0.00062888297 -1.8195333e-22)
(0.00016262288 -0.0032156688 5.2304475e-23)
(0.00043060828 -0.0057958655 2.9622278e-21)
(0.00084327441 -0.0083265721 -1.0325798e-20)
(0.0013964001 -0.010765766 7.6635228e-21)
(0.0020815663 -0.013073498 2.4866982e-20)
(0.00288505 -0.015212218 -5.0420657e-21)
(0.0037909763 -0.017145645 -2.1484596e-20)
(0.0047780401 -0.018838391 2.1842301e-20)
(0.005820222 -0.020256573 -5.285347e-20)
(0.0068867246 -0.021368166 -1.0356961e-21)
(0.0079428027 -0.022146068 3.8046795e-20)
(0.008950062 -0.022568207 6.6415083e-20)
(0.0098708945 -0.022627333 -5.7437061e-20)
(0.010666262 -0.022321559 6.3988861e-20)
(0.011309745 -0.021680808 1.0821925e-19)
(0.011776588 -0.020735903 -7.3969979e-20)
(0.012058241 -0.019542158 1.2286844e-19)
(0.012157244 -0.018162303 1.6699419e-19)
(0.012081526 -0.016654975 -1.1060736e-19)
(0.011864761 -0.015100426 -1.4309588e-19)
(0.011539303 -0.013559166 5.0523079e-23)
(0.011143097 -0.01208336 2.1109464e-20)
(0.010705701 -0.01070324 -2.5394238e-20)
(0.01024628 -0.0094307347 -4.3388958e-20)
(0.0097658053 -0.0082580348 9.3292071e-21)
(0.0092462005 -0.0071638662 -8.485939e-20)
(0.0086499604 -0.0061193965 2.290623e-20)
(0.007924946 -0.0050968559 1.8230289e-20)
(0.0070075624 -0.0040749328 -1.2766631e-19)
(0.0058271698 -0.0030434947 1.6989669e-19)
(0.004305296 -0.0020044112 5.2575387e-21)
(0.0023592817 -0.00097464787 3.8817316e-20)
(-9.8442552e-05 1.2498649e-05 -4.7131399e-20)
(-0.0031469496 0.00090797988 1.5325079e-19)
(-0.0068622295 0.0016336529 -9.8848143e-21)
(-0.011269623 0.002092756 4.0437502e-20)
(-0.016407504 0.0021794697 -5.587733e-21)
(-0.022167577 0.0017638709 7.9901336e-21)
(-0.028531618 0.00073380745 -4.9184069e-21)
(-0.035698557 -0.0011240775 8.9623579e-21)
(-0.043245094 -0.0039708195 -2.6678349e-22)
(-0.050494406 -0.0077266078 9.4009088e-20)
(-0.057242237 -0.012329777 -3.4732441e-20)
(-0.063125604 -0.017639601 3.0093021e-20)
(-0.067994112 -0.023501838 -1.8633476e-19)
(-0.071635479 -0.029706529 -2.9131543e-20)
(-0.073971265 -0.036045688 2.4976237e-19)
(-0.074929632 -0.042283467 -2.0978458e-19)
(-0.0745398 -0.048209952 -3.9865784e-21)
(-0.072808385 -0.053582484 6.4189561e-20)
(-0.069913549 -0.058266899 -6.0334186e-20)
(-0.065862613 -0.061990645 -1.2673154e-20)
(-0.060883529 -0.064660279 -9.4358582e-21)
(-0.055223999 -0.066235514 -2.3343342e-20)
(-0.048959544 -0.066497291 9.7331173e-21)
(-0.042374039 -0.065484416 6.3707352e-23)
(-0.035657094 -0.063150868 2.9926546e-20)
(-0.029026584 -0.059524698 -6.0211854e-20)
(-0.022687779 -0.054658856 -7.2139563e-20)
(-0.016833737 -0.04863669 -3.114834e-20)
(-0.011642163 -0.041573527 -7.408585e-20)
(-0.0072692153 -0.033609047 1.6916563e-20)
(-0.0038452046 -0.024908869 2.4979338e-20)
(-0.0014769197 -0.015671158 -3.9171203e-20)
(-0.00022466359 -0.0060665364 -5.2565386e-21)
(5.7086076e-05 0.0019459821 -8.4022367e-22)
(0.00021565656 0.0045135197 -5.0961549e-23)
(0.00051721554 0.0070556741 -3.0185329e-21)
(0.0009603774 0.0095307686 1.0577967e-20)
(0.0015396754 0.011899134 -7.8881478e-21)
(0.0022452592 0.014122263 -2.5684567e-20)
(0.0030627538 0.016164257 5.219003e-21)
(0.0039750541 0.017989521 2.2259557e-20)
(0.0049598516 0.019564137 -2.2627561e-20)
(0.0059900512 0.020854904 5.4699701e-20)
(0.0070344529 0.021832604 1.0700726e-21)
(0.0080577683 0.022471796 -3.9218664e-20)
(0.0090223005 0.022754774 -6.8273064e-20)
(0.0098922909 0.02268024 5.88649e-20)
(0.010627421 0.022243535 -6.5369256e-20)
(0.011213092 0.021498018 -1.1017608e-19)
(0.011622485 0.020466749 7.507166e-20)
(0.011847736 0.019202654 -1.2429927e-19)
(0.011900656 0.017780191 -1.6846122e-19)
(0.01178946 0.016253109 1.1129823e-19)
(0.011553211 0.0147043 1.4369969e-19)
(0.011221227 0.013185529 1.2979656e-19)
(0.010829943 0.01174373 1.0723134e-19)
(0.010403882 0.010401385 2.5432804e-20)
(0.0099569705 0.0091643989 4.3465409e-20)
(0.0094838899 0.0080197331 -9.3523194e-21)
(0.0089610051 0.0069431918 8.5159069e-20)
(0.0083464662 0.0059052313 -2.3016206e-20)
(0.0075853695 0.0048792992 -1.8342653e-20)
(0.006612514 0.0038464297 1.2862727e-19)
(0.005356252 0.0027993356 -1.7139456e-19)
(0.0037372313 0.0017428507 -5.2785954e-21)
(0.0016726103 0.00069726224 8.9274618e-20)
(-0.00092443911 -0.00030051211 4.7678899e-20)
(-0.0041292871 -0.0011971356 -1.5508251e-19)
(-0.0080125765 -0.001910608 1.000281e-20)
(-0.012591967 -0.0023406287 2.9828274e-20)
(-0.01789429 -0.0023788833 5.6465065e-21)
(-0.023797149 -0.0018953955 -8.0633358e-21)
(-0.030272408 -0.00078050841 4.9547271e-21)
(-0.037506896 0.0011790364 -9.0085172e-21)
(-0.045073156 0.0041370342 7.0574531e-20)
(-0.052281363 0.0079986179 -9.3960909e-20)
(-0.058926534 0.012691177 3.4603904e-20)
(-0.064661532 0.018066882 -2.9878204e-20)
(-0.069342842 0.023966111 1.8431787e-19)
(-0.072768401 0.030174439 2.8698937e-20)
(-0.074872748 0.036483075 -2.4493792e-19)
(-0.075590329 0.042654398 2.0465516e-19)
(-0.074966143 0.048483764 3.8649615e-21)
(-0.073000122 0.053721604 -6.1738728e-20)
(-0.069905595 0.058258287 5.7445282e-20)
(-0.065652789 0.061790774 -9.5717273e-20)
(-0.060501319 0.064252159 8.6311864e-21)
(-0.054723117 0.065632257 -2.8001253e-20)
(-0.048349926 0.065666424 -7.0090776e-21)
(-0.041695465 0.064432508 -2.0668156e-22)
(-0.034941283 0.061879265 -3.6279225e-20)
(-0.028305793 0.058041867 6.6641435e-20)
(-0.021992941 0.052978858 7.7043913e-20)
(-0.016192793 0.046776748 3.2616293e-20)
(-0.011080392 0.039555739 7.6576379e-20)
(-0.0068079351 0.031457487 -1.7318378e-20)
(-0.0035018115 0.022652042 5.0327511e-20)
(-0.0012644398 0.013332633 3.952848e-20)
(-0.00015496355 0.0037035754 5.2753039e-21)
)
;
    }
    frontAndBack
    {
        type            empty;
    }
}


// ************************************************************************* //
