/*--------------------------------*- C++ -*----------------------------------*\
  =========                 |
  \\      /  F ield         | OpenFOAM: The Open Source CFD Toolbox
   \\    /   O peration     | Website:  https://openfoam.org
    \\  /    A nd           | Version:  13
     \\/     M anipulation  |
\*---------------------------------------------------------------------------*/
FoamFile
{
    format      ascii;
    class       volVectorField;
    location    "40.295918";
    object      wallShearStress;
}
// * * * * * * * * * * * * * * * * * * * * * * * * * * * * * * * * * * * * * //

dimensions      [0 2 -2 0 0 0 0];

internalField   uniform (0 0 0);

boundaryField
{
    inlet
    {
        type            calculated;
        value           uniform (0 0 0);
    }
    outlet
    {
        type            calculated;
        value           uniform (0 0 0);
    }
    cylinder
    {
        type            calculated;
        value           nonuniform List<vector> 
132
(
(-3.4526856e-06 0.00052963084 -2.8698886e-22)
(-5.8675909e-06 0.00023381339 8.1388257e-23)
(7.6114156e-06 -5.7766393e-05 4.4739781e-21)
(3.6339902e-05 -0.00034055853 -1.4939311e-20)
(8.0294306e-05 -0.000609746 1.0490769e-20)
(0.00013781972 -0.00086073445 3.1884363e-20)
(0.00020710583 -0.0010893116 -6.0086202e-21)
(0.00028594397 -0.0012917371 -2.3676905e-20)
(0.00037178297 -0.0014649449 2.2199579e-20)
(0.00046181016 -0.0016067164 -4.9523265e-20)
(0.00055312103 -0.0017158088 -8.9694116e-22)
(0.00064288497 -0.0017920747 3.0484044e-20)
(0.00072849341 -0.001836514 4.9514197e-20)
(0.00080783242 -0.0018513277 -4.0073037e-20)
(0.00087942505 -0.0018397836 4.2061239e-20)
(0.00094266865 -0.0018063117 6.7513124e-20)
(0.00099797516 -0.0017562065 -4.4138301e-20)
(0.0010471271 -0.0016957636 7.0670255e-20)
(0.0010933498 -0.0016318486 9.3302291e-20)
(0.001141588 -0.0015718207 -6.0455449e-20)
(0.0011987306 -0.0015233186 -7.6995226e-20)
(0.0012737554 -0.0014939132 2.7113464e-23)
(0.0013777158 -0.0014905976 1.116221e-20)
(0.0015231017 -0.0015187274 -1.3365586e-20)
(0.0017222018 -0.0015803855 -2.2745168e-20)
(0.0019836133 -0.0016718688 4.8670884e-21)
(0.0023106266 -0.0017840088 -4.3972147e-20)
(0.0026927521 -0.0018979855 1.1756477e-20)
(0.0031089397 -0.0019915926 9.2375538e-21)
(0.0035308136 -0.0020439682 -6.3654693e-20)
(0.0039221109 -0.002036823 8.3098802e-20)
(0.0042545851 -0.0019635651 2.5159921e-21)
(0.0044957289 -0.0018217792 1.8145444e-20)
(0.0045727341 -0.0016014515 -2.151669e-20)
(0.0043739169 -0.0012960835 6.8427683e-20)
(0.0037418437 -0.0009112646 -4.3319297e-21)
(0.0024956886 -0.00048116085 1.7489046e-20)
(0.00041016352 -7.241121e-05 -2.4026146e-21)
(-0.0026994069 0.00019542589 3.4461478e-21)
(-0.0069997309 0.00015405037 -2.1470085e-21)
(-0.012863123 -0.0004278861 3.999515e-21)
(-0.020175545 -0.001874162 -1.2288883e-22)
(-0.028288109 -0.0043509877 4.4847922e-20)
(-0.036731586 -0.0079331819 -1.7194307e-20)
(-0.044919096 -0.012571805 1.5440132e-20)
(-0.052406547 -0.01813517 -9.8757178e-20)
(-0.05872794 -0.024375356 -1.586677e-20)
(-0.063621875 -0.031021797 1.3891908e-19)
(-0.066904195 -0.037771631 -1.182362e-19)
(-0.068525352 -0.044334779 -2.2554773e-21)
(-0.068492182 -0.050418734 3.5985312e-20)
(-0.066946742 -0.055805057 -3.2873828e-20)
(-0.063980087 -0.060228285 -6.4870851e-21)
(-0.059824033 -0.063542729 -4.1964155e-21)
(-0.054728499 -0.065647711 -6.8202604e-21)
(-0.04886534 -0.066374871 -2.2482067e-21)
(-0.042523366 -0.065719753 5.7522925e-22)
(-0.035935123 -0.063647088 4.7828216e-20)
(-0.029348292 -0.060187576 -7.3813708e-20)
(-0.022994968 -0.05540155 -7.9169208e-20)
(-0.017091787 -0.049384469 -3.222995e-20)
(-0.011835082 -0.042264387 -7.4016042e-20)
(-0.0073959599 -0.034197 1.6530313e-20)
(-0.0039143397 -0.025362118 2.4063342e-20)
(-0.0015049881 -0.015975062 -3.7400932e-20)
(-0.00022921705 -0.0062067129 -4.9945948e-21)
(1.5078217e-05 0.00082713016 -1.3247693e-21)
(4.9742864e-05 0.0011271065 -7.9150878e-23)
(0.0001020628 0.0014277041 -4.5557588e-21)
(0.00017179976 0.0017237348 1.5309571e-20)
(0.00025852234 0.0020096134 -1.0826813e-20)
(0.0003611474 0.0022794182 -3.313683e-20)
(0.00047788827 0.0025271146 6.2879678e-21)
(0.00060617886 0.0027468348 2.4946103e-20)
(0.00074293671 0.0029330681 -2.35444e-20)
(0.00088439576 0.0030809853 5.2858479e-20)
(0.0010263263 0.003186749 9.6311721e-22)
(0.0011642236 0.0032477813 -3.2924877e-20)
(0.0012935907 0.0032631113 -5.3767954e-20)
(0.0014101864 0.0032334246 4.3733605e-20)
(0.0015105363 0.0031615862 -4.6113084e-20)
(0.0015920446 0.0030520764 -7.4321508e-20)
(0.0016537105 0.0029116312 4.8766391e-20)
(0.0016963077 0.0027486481 -7.8328318e-20)
(0.0017226668 0.0025728092 -1.0369305e-19)
(0.0017384033 0.0023953738 6.7340758e-20)
(0.0017516243 0.0022278376 8.5923453e-20)
(0.0017736365 0.0020821579 7.7022548e-20)
(0.0018181866 0.001969094 6.3327903e-20)
(0.0019010327 0.0018973852 1.4968234e-20)
(0.0020380805 0.001871849 2.549005e-20)
(0.0022412832 0.0018903574 -5.4574614e-21)
(0.0025169843 0.0019443517 4.9330697e-20)
(0.0028553465 0.0020133461 -1.3196171e-20)
(0.003234014 0.0020722713 -1.0375135e-20)
(0.0036224976 0.0020974577 7.1545916e-20)
(0.0039828814 0.0020687589 -9.3480629e-20)
(0.0042720123 0.0019721413 -2.8167374e-21)
(0.0044317296 0.0017967074 4.6541663e-20)
(0.0043719285 0.0015324622 2.4286895e-20)
(0.0039684096 0.001178018 -7.7321866e-20)
(0.0030495177 0.00074622265 4.8991358e-21)
(0.0014305062 0.00028345676 1.4429833e-20)
(-0.001111242 -0.00012902233 2.7172233e-21)
(-0.0047717944 -0.00036146436 -3.8912446e-21)
(-0.0096102653 -0.00022324271 2.4176731e-21)
(-0.016013748 0.00052625288 -4.4836514e-21)
(-0.023784438 0.0022042552 3.6095268e-20)
(-0.03216086 0.0049417131 -4.9574458e-20)
(-0.040698346 0.008785215 1.8850189e-20)
(-0.048798629 0.013653623 -1.67818e-20)
(-0.056023482 0.019382985 1.0641959e-19)
(-0.061976365 0.025718783 1.6958539e-20)
(-0.066434054 0.032388368 -1.473133e-19)
(-0.06923833 0.039085047 1.2445959e-19)
(-0.07038785 0.045535662 2.3573887e-21)
(-0.069884097 0.05143944 -3.7344444e-20)
(-0.067925684 0.056617361 3.3878857e-20)
(-0.064557759 0.060768176 -5.3375264e-20)
(-0.060056575 0.06378617 4.2326845e-21)
(-0.054698117 0.065607547 -9.143026e-21)
(-0.048598737 0.066008727 2.6645588e-21)
(-0.042085923 0.065039392 -6.0733452e-22)
(-0.035377684 0.062654908 -4.9629737e-20)
(-0.028722231 0.058897955 7.5946574e-20)
(-0.02234795 0.053835687 8.0989167e-20)
(-0.016466537 0.047568732 3.2821367e-20)
(-0.011269588 0.040232019 7.5082087e-20)
(-0.0069217767 0.031984178 -1.6710139e-20)
(-0.0035568646 0.023011278 4.8087382e-20)
(-0.0012820957 0.01352078 3.7569085e-20)
(-0.0001561023 0.0037273222 5.0050189e-21)
)
;
    }
    frontAndBack
    {
        type            empty;
    }
}


// ************************************************************************* //
