/*--------------------------------*- C++ -*----------------------------------*\
  =========                 |
  \\      /  F ield         | OpenFOAM: The Open Source CFD Toolbox
   \\    /   O peration     | Website:  https://openfoam.org
    \\  /    A nd           | Version:  13
     \\/     M anipulation  |
\*---------------------------------------------------------------------------*/
FoamFile
{
    format      ascii;
    class       volVectorField;
    location    "29.700593";
    object      wallShearStress;
}
// * * * * * * * * * * * * * * * * * * * * * * * * * * * * * * * * * * * * * //

dimensions      [0 2 -2 0 0 0 0];

internalField   uniform (0 0 0);

boundaryField
{
    inlet
    {
        type            calculated;
        value           uniform (0 0 0);
    }
    outlet
    {
        type            calculated;
        value           uniform (0 0 0);
    }
    cylinder
    {
        type            calculated;
        value           nonuniform List<vector> 
132
(
(-5.9645813e-06 0.00073560045 -2.4969378e-22)
(-1.2902047e-05 0.00042275884 7.1024825e-23)
(-3.3206912e-06 0.0001054476 3.9163755e-21)
(2.4535127e-05 -0.00021137208 -1.3119615e-20)
(6.9757105e-05 -0.00052236482 9.2440675e-21)
(0.000132345 -0.00082177103 2.8192859e-20)
(0.00021055636 -0.0011038246 -5.3319366e-21)
(0.00030238191 -0.0013629749 -2.1087133e-20)
(0.00040518127 -0.0015939767 1.9844787e-20)
(0.00051572031 -0.0017921656 -4.4435799e-20)
(0.00063032184 -0.0019537355 -8.0776932e-22)
(0.00074507078 -0.0020758541 2.7556782e-20)
(0.00085593072 -0.002157064 4.4922067e-20)
(0.00095895207 -0.0021972073 -3.6484431e-20)
(0.0010507252 -0.0021979756 3.8423179e-20)
(0.0011283777 -0.0021622641 6.1868827e-20)
(0.0011903796 -0.0020951745 -4.0566635e-20)
(0.0012360836 -0.0020024332 6.5125109e-20)
(0.0012668697 -0.0018917703 8.6185541e-20)
(0.0012857358 -0.0017714964 -5.5959925e-20)
(0.0012976556 -0.0016504593 -7.1394113e-20)
(0.0013101235 -0.0015381629 2.5147245e-23)
(0.0013327763 -0.0014436404 1.0376002e-20)
(0.0013778685 -0.0013755118 -1.2433245e-20)
(0.001459762 -0.0013409361 -2.1166253e-20)
(0.0015930647 -0.0013437293 4.5292678e-21)
(0.0017894508 -0.0013822059 -4.0906348e-20)
(0.0020537061 -0.0014476724 1.0929619e-20)
(0.0023802068 -0.0015244709 8.580203e-21)
(0.0027491331 -0.0015908621 -5.9062092e-20)
(0.0031292167 -0.0016242815 7.7010319e-20)
(0.0034881111 -0.0016089405 2.3285113e-21)
(0.0037975011 -0.0015377605 1.6765508e-20)
(0.0040154226 -0.0014048029 -1.9839571e-20)
(0.0040612835 -0.0012013434 6.2947546e-20)
(0.0038024981 -0.00092273097 -3.9752019e-21)
(0.0030746412 -0.00058604033 1.6012158e-20)
(0.0016661045 -0.00023680564 -2.1958465e-21)
(-0.00062733704 3.05719e-05 3.1475534e-21)
(-0.0040354934 8.1114182e-05 -1.962024e-21)
(-0.0089038948 -0.00030217082 3.6636718e-21)
(-0.015207247 -0.0014175094 -1.1304741e-22)
(-0.022423395 -0.0034536881 4.1483196e-20)
(-0.030114407 -0.0065085908 -1.6000233e-20)
(-0.037717768 -0.010560131 1.4450132e-20)
(-0.044738967 -0.015485288 -9.2887799e-20)
(-0.050743925 -0.021065323 -1.4988766e-20)
(-0.055461091 -0.027045836 1.3163285e-19)
(-0.058695775 -0.03314018 -1.1226588e-19)
(-0.06040703 -0.039084607 -2.1428528e-21)
(-0.060589086 -0.044602926 3.4152852e-20)
(-0.059381891 -0.049500744 -3.1087102e-20)
(-0.056869441 -0.053535822 -6.0822806e-21)
(-0.053252014 -0.056563066 -3.8489518e-21)
(-0.048767878 -0.058498544 -5.7120082e-21)
(-0.043581936 -0.059198808 -3.0688253e-21)
(-0.03794879 -0.058650049 6.1128638e-22)
(-0.032083122 -0.056824647 4.9156207e-20)
(-0.026208729 -0.053748823 -7.4916213e-20)
(-0.020536242 -0.049477389 -7.9848972e-20)
(-0.01526196 -0.044096726 -3.2392368e-20)
(-0.010563554 -0.037722465 -7.4236155e-20)
(-0.0065957262 -0.030495014 1.6560472e-20)
(-0.0034853028 -0.022577207 2.4094714e-20)
(-0.0013349567 -0.014161475 -3.7448897e-20)
(-0.00020107224 -0.0054090081 -5.0031715e-21)
(1.8063638e-05 0.0010418545 -1.1492893e-21)
(5.8511039e-05 0.0013421354 -6.8474288e-23)
(0.0001161548 0.0016342211 -3.9302203e-21)
(0.0001899787 0.0019126934 1.3171354e-20)
(0.0002787829 0.0021721821 -9.2897161e-21)
(0.00038075254 0.0024073177 -2.8357762e-20)
(0.0004934641 0.00261298 5.3673028e-21)
(0.00061388263 0.0027845311 2.1240341e-20)
(0.00073850068 0.0029179733 -1.9998138e-20)
(0.00086348866 0.0030102739 4.4791166e-20)
(0.00098470729 0.0030593989 8.142942e-22)
(0.0010980597 0.0030648739 -2.7775284e-20)
(0.0011995638 0.0030274119 -4.5263392e-20)
(0.0012858883 0.0029497435 3.6742516e-20)
(0.0013543348 0.0028358397 -3.8668694e-20)
(0.0014032732 0.0026912511 -6.2212769e-20)
(0.0014324586 0.0025230432 4.0754245e-20)
(0.0014432516 0.0023394698 -6.5359912e-20)
(0.0014389389 0.002149846 -8.6406038e-20)
(0.001424492 0.0019635449 5.6044166e-20)
(0.001407099 0.0017902969 7.1429862e-20)
(0.0013959941 0.0016394068 6.3966205e-20)
(0.0014028807 0.0015198061 5.2545002e-20)
(0.0014417304 0.001439314 1.2408914e-20)
(0.0015283338 0.001403827 2.1113648e-20)
(0.0016780785 0.0014152347 -4.5164405e-21)
(0.0019020966 0.0014689716 4.0785454e-20)
(0.0022031451 0.0015528167 -1.0898465e-20)
(0.0025657446 0.001643257 -8.5590758e-21)
(0.0029589693 0.0017123957 5.8951968e-20)
(0.003349605 0.001738884 -7.6926571e-20)
(0.0037057558 0.0017096029 -2.3146142e-21)
(0.0039968503 0.001618854 3.8183452e-20)
(0.0041694838 0.0014592389 1.9892393e-20)
(0.0041315968 0.0012229288 -6.3237531e-20)
(0.0037384164 0.00090840726 4.0029814e-21)
(0.0028129958 0.00053837676 1.1791151e-20)
(0.0011324195 0.00016684624 2.2238305e-21)
(-0.0014996956 -0.00010032374 -3.1967821e-21)
(-0.0052840442 -0.00011180514 1.9978571e-21)
(-0.010577753 0.00035527566 -3.7372698e-21)
(-0.017270791 0.0016069261 3.0422752e-20)
(-0.024772644 0.0038126532 -4.2288508e-20)
(-0.032627059 0.0070487095 1.6269481e-20)
(-0.040230058 0.011260871 -1.4639039e-20)
(-0.047142664 0.016314822 9.3683961e-20)
(-0.052942466 0.021974758 1.5034289e-20)
(-0.057384848 0.027980856 -1.3123217e-19)
(-0.060312531 0.034050023 1.1111798e-19)
(-0.06170083 0.039918859 2.1028152e-21)
(-0.061563022 0.045317129 -3.3142482e-20)
(-0.060058766 0.050062297 2.9702531e-20)
(-0.057263953 0.053904437 -4.5612687e-20)
(-0.053400577 0.056718225 3.3844117e-21)
(-0.048720021 0.058438379 -5.2867041e-21)
(-0.043364194 0.058900047 4.8138403e-21)
(-0.037603676 0.058113416 -7.0674122e-22)
(-0.031649339 0.056052636 -5.3529931e-20)
(-0.025723846 0.052750053 7.9454123e-20)
(-0.020036129 0.048267068 8.3379857e-20)
(-0.014778999 0.0426942 3.346618e-20)
(-0.01012676 0.036152634 7.6080677e-20)
(-0.0062294383 0.028785682 -1.6860885e-20)
(-0.0032090509 0.020760945 4.8378723e-20)
(-0.0011628076 0.012266307 3.7718931e-20)
(-0.00014452638 0.0034914914 5.0179661e-21)
)
;
    }
    frontAndBack
    {
        type            empty;
    }
}


// ************************************************************************* //
