/*--------------------------------*- C++ -*----------------------------------*\
  =========                 |
  \\      /  F ield         | OpenFOAM: The Open Source CFD Toolbox
   \\    /   O peration     | Website:  https://openfoam.org
    \\  /    A nd           | Version:  13
     \\/     M anipulation  |
\*---------------------------------------------------------------------------*/
FoamFile
{
    format      ascii;
    class       volVectorField;
    location    "26.303814";
    object      wallShearStress;
}
// * * * * * * * * * * * * * * * * * * * * * * * * * * * * * * * * * * * * * //

dimensions      [0 2 -2 0 0 0 0];

internalField   uniform (0 0 0);

boundaryField
{
    inlet
    {
        type            calculated;
        value           uniform (0 0 0);
    }
    outlet
    {
        type            calculated;
        value           uniform (0 0 0);
    }
    cylinder
    {
        type            calculated;
        value           nonuniform List<vector> 
132
(
(1.6758806e-05 -0.00089895462 -2.4572525e-22)
(5.5348508e-05 -0.0012505675 6.9999813e-23)
(0.00011415561 -0.0015964032 3.8650084e-21)
(0.00019228177 -0.0019299264 -1.2966348e-20)
(0.0002885879 -0.0022445367 9.14919e-21)
(0.00040117228 -0.0025335069 2.794315e-20)
(0.00052736148 -0.0027902914 -5.2918914e-21)
(0.00066369725 -0.0030087717 -2.0955217e-20)
(0.00080603778 -0.0031835383 1.9743174e-20)
(0.00094978727 -0.0033101705 -4.4251844e-20)
(0.0010898922 -0.0033855128 -8.0507252e-22)
(0.0012211707 -0.0034080363 2.7481418e-20)
(0.0013386001 -0.0033780361 4.4816918e-20)
(0.0014376243 -0.0032977137 -3.6405519e-20)
(0.0015147428 -0.0031717609 3.8338724e-20)
(0.0015671294 -0.0030056796 6.1718547e-20)
(0.001594198 -0.0028082064 -4.0451232e-20)
(0.0015971264 -0.002589284 6.4902821e-20)
(0.0015788962 -0.0023594239 8.5832256e-20)
(0.0015450465 -0.0021302698 -5.5687577e-20)
(0.0015030393 -0.0019129737 -7.0989282e-20)
(0.0014630918 -0.00171885 2.4980645e-23)
(0.0014374824 -0.0015579437 1.030073e-20)
(0.0014413721 -0.0014395678 -1.2334076e-20)
(0.0014918304 -0.0013708109 -2.0984096e-20)
(0.0016066768 -0.0013553729 4.4878693e-21)
(0.0018003898 -0.0013906112 -4.0516342e-20)
(0.0020757076 -0.0014630125 1.0822883e-20)
(0.0024245576 -0.001552673 8.4957991e-21)
(0.0028192494 -0.0016312989 -5.8488522e-20)
(0.0032185514 -0.0016706096 7.6281485e-20)
(0.0035882787 -0.0016551636 2.3071773e-21)
(0.0039020116 -0.0015801221 1.6617903e-20)
(0.0041212512 -0.0014418472 -1.9672876e-20)
(0.0041686719 -0.0012330783 6.2448454e-20)
(0.0039113691 -0.00094904392 -3.9460537e-21)
(0.0031834365 -0.00060652541 1.5906562e-20)
(0.0017723268 -0.00025115133 -2.1833435e-21)
(-0.0005275368 2.2624102e-05 3.1329914e-21)
(-0.003947708 7.8729297e-05 -1.9553055e-21)
(-0.008834468 -0.00029999904 3.6561449e-21)
(-0.01516229 -0.0014135348 -1.1298393e-22)
(-0.022408098 -0.0034515002 4.1520054e-20)
(-0.030132284 -0.0065125907 -1.603655e-20)
(-0.037769962 -0.010574853 1.4501793e-20)
(-0.044825128 -0.01551513 -9.333657e-20)
(-0.050862122 -0.0211145 -1.5079914e-20)
(-0.055608003 -0.027117589 1.3260535e-19)
(-0.058867848 -0.033237448 -1.1325982e-19)
(-0.060599359 -0.039209173 -2.1656028e-21)
(-0.0607983 -0.044757082 3.4595679e-20)
(-0.059601521 -0.049683987 -3.1594834e-20)
(-0.057097497 -0.053750729 -6.2177097e-21)
(-0.05348405 -0.056809764 -3.9828119e-21)
(-0.048997504 -0.058774289 -6.2107717e-21)
(-0.043807649 -0.059505789 -2.639167e-21)
(-0.03816623 -0.058986595 5.8915833e-22)
(-0.032289148 -0.057190196 4.8194097e-20)
(-0.026400218 -0.054142382 -7.3963198e-20)
(-0.020710236 -0.04989776 -7.9138976e-20)
(-0.01541577 -0.044542813 -3.2185706e-20)
(-0.010694542 -0.03819278 -7.3898863e-20)
(-0.0067015484 -0.030988547 1.6509308e-20)
(-0.0035636185 -0.02309214 2.4050414e-20)
(-0.0013837207 -0.014698869 -3.7422209e-20)
(-0.00021732403 -0.0059610319 -5.0050752e-21)
(-3.0238741e-06 -0.0005443192 -1.129524e-21)
(-3.2519721e-06 -0.00018604133 -6.7214316e-23)
(1.6391187e-05 0.00017273862 -3.8532475e-21)
(5.5311953e-05 0.00052625546 1.2899712e-20)
(0.00011397125 0.00086795284 -9.0893901e-21)
(0.00019060586 0.001191114 -2.7723513e-20)
(0.00028316358 0.0014892308 5.243786e-21)
(0.00038885337 0.0017560891 2.0741341e-20)
(0.0005041974 0.0019860376 -1.9522202e-20)
(0.00062507818 0.0021743644 4.3719737e-20)
(0.00074707163 0.0023174182 7.9485352e-22)
(0.00086554392 0.0024130579 -2.7118849e-20)
(0.00097584964 0.0024606399 -4.4211063e-20)
(0.0010738121 0.0024615992 3.5907743e-20)
(0.0011558205 0.0024189166 -3.7815057e-20)
(0.0012195619 0.0023379825 -6.0885281e-20)
(0.0012638075 0.0022253017 3.9917496e-20)
(0.001289128 0.0020891455 -6.4073254e-20)
(0.0012980514 0.0019390087 -8.4779219e-20)
(0.0012951499 0.0017850176 5.503608e-20)
(0.0012875759 0.0016380521 7.0202083e-20)
(0.0012843689 0.0015081831 6.2913769e-20)
(0.0012975778 0.0014056007 5.1714872e-20)
(0.0013413204 0.0013389366 1.2219826e-20)
(0.0014317366 0.0013149475 2.0801585e-20)
(0.00158396 0.0013357071 -4.451278e-21)
(0.0018075555 0.0013958344 4.0206988e-20)
(0.0021034755 0.0014824926 -1.0745484e-20)
(0.0024552017 0.0015724309 -8.4391644e-21)
(0.0028327274 0.0016393411 5.8122342e-20)
(0.003206011 0.001664338 -7.5831063e-20)
(0.0035486321 0.0016370831 -2.2810753e-21)
(0.0038334351 0.0015526069 3.7618431e-20)
(0.0040077009 0.0014025484 1.9590271e-20)
(0.0039806534 0.0011781817 -6.2246718e-20)
(0.0036111077 0.00087740938 3.9378387e-21)
(0.0027250197 0.0005214823 1.1590574e-20)
(0.001103813 0.00016253396 2.184072e-21)
(-0.0014487105 -9.6722624e-05 -3.1365463e-21)
(-0.0051342284 -0.00010851098 1.9582134e-21)
(-0.010308237 0.00034638828 -3.6593359e-21)
(-0.016875837 0.0015703857 2.9760077e-20)
(-0.024264077 0.0037346457 -4.1334442e-20)
(-0.032024568 0.0069188611 1.5891685e-20)
(-0.03955986 0.011073619 -1.4289956e-20)
(-0.046426183 0.016067213 9.1385083e-20)
(-0.052204067 0.021668653 1.4652648e-20)
(-0.056644207 0.027620075 -1.2774442e-19)
(-0.059584101 0.033639106 1.0797639e-19)
(-0.060997234 0.039463931 2.0380367e-21)
(-0.060891786 0.044823256 -3.1990582e-20)
(-0.059427173 0.049536005 2.8477193e-20)
(-0.056674764 0.053349911 -4.3160631e-20)
(-0.052856928 0.056140844 3.100007e-21)
(-0.048224517 0.057843989 -3.8985495e-21)
(-0.042916387 0.058291653 5.6404441e-21)
(-0.037204079 0.057495594 -7.4772383e-22)
(-0.031297443 0.055428964 -5.5256121e-20)
(-0.025418842 0.052123924 8.1124521e-20)
(-0.019776909 0.047641589 8.4608414e-20)
(-0.014564223 0.042072191 3.3824436e-20)
(-0.0099549138 0.035536658 7.6680749e-20)
(-0.0060988858 0.0281781 -1.695834e-20)
(-0.0031180012 0.020163934 4.8577554e-20)
(-0.0011094192 0.01168061 3.7821565e-20)
(-0.00012779098 0.0029250024 5.025574e-21)
)
;
    }
    frontAndBack
    {
        type            empty;
    }
}


// ************************************************************************* //
