/*--------------------------------*- C++ -*----------------------------------*\
  =========                 |
  \\      /  F ield         | OpenFOAM: The Open Source CFD Toolbox
   \\    /   O peration     | Website:  https://openfoam.org
    \\  /    A nd           | Version:  13
     \\/     M anipulation  |
\*---------------------------------------------------------------------------*/
FoamFile
{
    format      ascii;
    class       volVectorField;
    location    "39.200547";
    object      wallShearStress;
}
// * * * * * * * * * * * * * * * * * * * * * * * * * * * * * * * * * * * * * //

dimensions      [0 2 -2 0 0 0 0];

internalField   uniform (0 0 0);

boundaryField
{
    inlet
    {
        type            calculated;
        value           uniform (0 0 0);
    }
    outlet
    {
        type            calculated;
        value           uniform (0 0 0);
    }
    cylinder
    {
        type            calculated;
        value           nonuniform List<vector> 
132
(
(2.6218476e-05 -0.001660165 -2.8312128e-22)
(8.2690519e-05 -0.0019381865 8.0520134e-23)
(0.00015505833 -0.0022025389 4.4378408e-21)
(0.00024189284 -0.0024481971 -1.4858817e-20)
(0.0003416147 -0.0026704527 1.046226e-20)
(0.00045210279 -0.0028647259 3.1880825e-20)
(0.00057074678 -0.0030269526 -6.0230562e-21)
(0.00069447659 -0.0031536072 -2.379034e-20)
(0.00081985742 -0.0032420816 2.2355687e-20)
(0.00094332265 -0.0032905919 -4.9973707e-20)
(0.0010612486 -0.0032987007 -9.0675831e-22)
(0.0011700648 -0.0032669385 3.0868532e-20)
(0.0012667123 -0.0031976247 5.0209102e-20)
(0.0013485234 -0.0030938906 -4.0683275e-20)
(0.0014139408 -0.0029608643 4.2741979e-20)
(0.0014623071 -0.0028044717 6.8655705e-20)
(0.0014943161 -0.0026318045 -4.4908291e-20)
(0.001512455 -0.0024512878 7.1926685e-20)
(0.0015206685 -0.0022714415 9.497602e-20)
(0.0015251806 -0.0021016835 -6.1541143e-20)
(0.001534171 -0.0019511975 -7.8370474e-20)
(0.0015584263 -0.0018292848 2.7581547e-23)
(0.001611079 -0.0017444286 1.135688e-20)
(0.0017074048 -0.0017036447 -1.3595077e-20)
(0.0018629386 -0.0017104181 -2.312968e-20)
(0.0020908816 -0.0017628781 4.94824e-21)
(0.0023974957 -0.0018514185 -4.469892e-20)
(0.0027730878 -0.0019547425 1.195048e-20)
(0.0031957131 -0.0020471865 9.3911667e-21)
(0.0036313103 -0.0021021159 -6.473197e-20)
(0.0040360272 -0.002095977 8.4540365e-20)
(0.0043759475 -0.0020196184 2.5609092e-21)
(0.0046158501 -0.0018705363 1.8479414e-20)
(0.0046828292 -0.0016401065 -2.192542e-20)
(0.0044658435 -0.0013234242 6.9770713e-20)
(0.0038066385 -0.00092715427 -4.4198801e-21)
(0.0025229905 -0.0004865922 1.7856536e-20)
(0.00038783318 -6.9759465e-05 -2.4548317e-21)
(-0.0027830021 0.00020178773 3.5234441e-21)
(-0.0071510799 0.00015763297 -2.1965309e-21)
(-0.013090362 -0.00043520905 4.0940383e-21)
(-0.02047843 -0.0019020571 -1.2584916e-22)
(-0.02865371 -0.0044069584 4.5946409e-20)
(-0.037148212 -0.0080228966 -1.7622048e-20)
(-0.045373753 -0.012698752 1.5831025e-20)
(-0.052881626 -0.018299272 -1.0131703e-19)
(-0.059213134 -0.024576472 -1.6292366e-20)
(-0.064108621 -0.031258897 1.4282458e-19)
(-0.067385072 -0.038042926 -1.2178807e-19)
(-0.068995347 -0.044638718 -2.3295423e-21)
(-0.068949316 -0.050755158 3.7323009e-20)
(-0.067384546 -0.056169964 -3.4318087e-20)
(-0.064401338 -0.060624928 -6.8534917e-21)
(-0.060226975 -0.063970833 -4.5447843e-21)
(-0.055106269 -0.066101076 -8.0777576e-21)
(-0.049220972 -0.066858295 -1.1903337e-21)
(-0.042853916 -0.066231128 5.2164134e-22)
(-0.036239433 -0.064186796 4.5519731e-20)
(-0.029624714 -0.06075548 -7.1529806e-20)
(-0.023241683 -0.055997412 -7.7453172e-20)
(-0.017306935 -0.05000825 -3.1719617e-20)
(-0.012016502 -0.042915576 -7.3147502e-20)
(-0.0075415029 -0.034875566 1.6387862e-20)
(-0.0040215871 -0.026066989 2.3917607e-20)
(-0.001571584 -0.01670862 -3.7257378e-20)
(-0.00025144612 -0.0069610453 -4.9857508e-21)
(-1.4861476e-05 -0.0013706735 -1.3033926e-21)
(-4.0035715e-05 -0.0010690331 -7.7665163e-23)
(-4.8375589e-05 -0.00075664012 -4.4581569e-21)
(-3.8884895e-05 -0.0004377763 1.4942025e-20)
(-1.1068465e-05 -0.00011777101 -1.0539758e-20)
(3.4836439e-05 0.00019784154 -3.217902e-20)
(9.8060885e-05 0.00050376609 6.0921368e-21)
(0.00017770398 0.00079397552 2.4117397e-20)
(0.00027148011 0.0010628849 -2.2718142e-20)
(0.0003767499 0.0013053054 5.0916569e-20)
(0.00049032023 0.0015167211 9.2639646e-22)
(0.00060872753 0.0016935085 -3.1631847e-20)
(0.00072822381 0.0018331609 -5.1609391e-20)
(0.00084513194 0.0019346446 4.1950995e-20)
(0.00095603444 0.0019983292 -4.4216848e-20)
(0.0010582839 0.0020265199 -7.1255144e-20)
(0.0011500383 0.0020228333 4.6758087e-20)
(0.0012311625 0.0019931659 -7.5121363e-20)
(0.0013028335 0.0019441949 -9.9487543e-20)
(0.0013687947 0.0018846349 6.4641224e-20)
(0.0014351034 0.0018239496 8.2525047e-20)
(0.0015100299 0.0017715173 7.4018066e-20)
(0.0016049208 0.0017371094 6.0891152e-20)
(0.0017314764 0.0017273355 1.4399398e-20)
(0.0019026722 0.0017468959 2.4531209e-20)
(0.0021267274 0.0017933939 -5.2537204e-21)
(0.0024078057 0.0018598675 4.7495777e-20)
(0.0027388058 0.0019311538 -1.2704996e-20)
(0.0031009444 0.001987031 -9.9870821e-21)
(0.0034718572 0.0020102411 6.8846751e-20)
(0.0038192606 0.0019837265 -8.9915705e-20)
(0.0041054265 0.0018951246 -2.7080234e-21)
(0.0042770546 0.0017338273 4.4722425e-20)
(0.0042439856 0.0014873986 2.3324898e-20)
(0.0038834389 0.0011525074 -7.4216823e-20)
(0.0030284342 0.00074059364 4.6996062e-21)
(0.0014969265 0.00029528222 1.3834065e-20)
(-0.00093154412 -0.00010563181 2.6036398e-21)
(-0.0044538838 -0.00033652771 -3.7269992e-21)
(-0.0091424336 -0.00021138257 2.3149979e-21)
(-0.015378684 0.00050605631 -4.2928066e-21)
(-0.022989289 0.0021311872 3.4563038e-20)
(-0.031231257 0.0047995045 -4.7479766e-20)
(-0.039660632 0.0085618798 1.8057882e-20)
(-0.047699027 0.01334662 -1.6078518e-20)
(-0.054891272 0.018991875 1.0193859e-19)
(-0.060839178 0.025247567 1.6235324e-20)
(-0.065316868 0.031844332 -1.4085722e-19)
(-0.068155717 0.038474464 1.1875898e-19)
(-0.06935504 0.04486798 2.2418587e-21)
(-0.068907304 0.050720837 -3.532044e-20)
(-0.067014636 0.055858287 3.1756042e-20)
(-0.063712758 0.05997293 -4.9177385e-20)
(-0.05927975 0.062961194 3.7520605e-21)
(-0.053994399 0.064763435 -6.8258463e-21)
(-0.047965318 0.06514819 4.0265384e-21)
(-0.04152307 0.064169183 -6.7391615e-22)
(-0.034883983 0.061779932 -5.2389282e-20)
(-0.028295945 0.058022869 7.8566231e-20)
(-0.021987049 0.052964868 8.2870439e-20)
(-0.016168632 0.046705982 3.3352923e-20)
(-0.011032108 0.039380778 7.5933783e-20)
(-0.0067420081 0.031147528 -1.6839307e-20)
(-0.003431896 0.022191824 4.8320983e-20)
(-0.0012090491 0.012719269 3.766072e-20)
(-0.00013324784 0.0029525246 5.0064969e-21)
)
;
    }
    frontAndBack
    {
        type            empty;
    }
}


// ************************************************************************* //
