/*--------------------------------*- C++ -*----------------------------------*\
  =========                 |
  \\      /  F ield         | OpenFOAM: The Open Source CFD Toolbox
   \\    /   O peration     | Website:  https://openfoam.org
    \\  /    A nd           | Version:  13
     \\/     M anipulation  |
\*---------------------------------------------------------------------------*/
FoamFile
{
    format      ascii;
    class       volVectorField;
    location    "1.899221";
    object      wallShearStress;
}
// * * * * * * * * * * * * * * * * * * * * * * * * * * * * * * * * * * * * * //

dimensions      [0 2 -2 0 0 0 0];

internalField   uniform (0 0 0);

boundaryField
{
    inlet
    {
        type            calculated;
        value           uniform (0 0 0);
    }
    outlet
    {
        type            calculated;
        value           uniform (0 0 0);
    }
    cylinder
    {
        type            calculated;
        value           nonuniform List<vector> 
132
(
(0.00010534995 -0.0016926839 -3.358358e-22)
(0.00044104396 -0.0087640369 9.6482189e-23)
(0.001163673 -0.015712303 5.4614826e-21)
(0.0022546867 -0.022322302 -1.8998244e-20)
(0.003670926 -0.028373389 1.4038943e-20)
(0.0053431341 -0.033644193 4.5202522e-20)
(0.0071740983 -0.037924901 -9.0532416e-21)
(0.0090466085 -0.041026807 -3.7895295e-20)
(0.010823642 -0.042797941 3.760719e-20)
(0.012357261 -0.043141373 -8.8230123e-20)
(0.013501841 -0.042033684 -1.6657379e-21)
(0.014130518 -0.039541333 5.8466527e-20)
(0.014155555 -0.035835038 9.6971834e-20)
(0.013546375 -0.031186854 -7.9253925e-20)
(0.01234165 -0.025949294 8.3123255e-20)
(0.01066121 -0.020539664 1.3209358e-19)
(0.008662532 -0.015335281 -8.4888818e-20)
(0.0065443106 -0.0106708 1.3295215e-19)
(0.004511103 -0.0067890274 1.7131234e-19)
(0.0027118077 -0.0037745528 -1.0831659e-19)
(0.0012547225 -0.0016219737 -1.3478996e-19)
(0.00019280655 -0.00024387949 4.6710965e-23)
(-0.00042810441 0.00045546609 1.8766965e-20)
(-0.00048420009 0.00048719829 -2.2082385e-20)
(2.0908878e-05 -5.3920645e-06 -3.7014458e-20)
(0.0012591923 -0.0010441009 7.8259306e-21)
(0.0030089437 -0.0023060037 -7.0297458e-20)
(0.0047413613 -0.0033320199 1.8798462e-20)
(0.0059824095 -0.0038306399 1.4832929e-20)
(0.0066325351 -0.0038428142 -1.0269387e-19)
(0.0068693092 -0.003572389 1.3464217e-19)
(0.0068395798 -0.0031620618 4.0943741e-21)
(0.0065234961 -0.0026497911 2.969826e-20)
(0.0057352505 -0.0020165074 -3.547405e-20)
(0.0042823016 -0.0012798416 1.1385343e-19)
(0.001914406 -0.00048330555 -7.2834879e-21)
(-0.00156881 0.00026676175 2.9722822e-20)
(-0.0063688277 0.00082590535 -4.1226058e-21)
(-0.012414318 0.00096801989 5.9546417e-21)
(-0.019734727 0.00048733047 -3.7203246e-21)
(-0.02859253 -0.00091992325 6.910421e-21)
(-0.038300137 -0.0035322188 -2.1023777e-22)
(-0.047871208 -0.0073385072 7.5645109e-20)
(-0.05688971 -0.012264066 -2.8497089e-20)
(-0.064785808 -0.01811202 2.5115312e-20)
(-0.071299621 -0.024652223 -1.57762e-19)
(-0.076181182 -0.03159725 -2.4947289e-20)
(-0.079354703 -0.038672795 2.1571065e-19)
(-0.080787329 -0.045591276 -1.8217548e-19)
(-0.080560242 -0.052104828 -3.4695565e-21)
(-0.078742699 -0.057949898 5.576829e-20)
(-0.075563048 -0.062974685 -5.2050148e-20)
(-0.071102335 -0.066921484 -1.0766469e-20)
(-0.065610177 -0.069678622 -7.7566035e-21)
(-0.059372723 -0.07120989 -1.7759129e-20)
(-0.052521854 -0.071334011 5.3611098e-21)
(-0.045349419 -0.070080835 2.7134386e-22)
(-0.038071521 -0.067425313 3.8377536e-20)
(-0.030920765 -0.06340752 -6.821495e-20)
(-0.02411456 -0.058094812 -7.7989749e-20)
(-0.017854588 -0.051584979 -3.2882145e-20)
(-0.012323817 -0.044006802 -7.7133313e-20)
(-0.0076811905 -0.035513418 1.7461476e-20)
(-0.0040569137 -0.026281145 2.5644487e-20)
(-0.0015565642 -0.016518731 -4.0083536e-20)
(-0.00023646724 -0.0063945066 -5.3704094e-21)
(0.00015478392 0.0053647954 -1.5508971e-21)
(0.00058637214 0.012340251 -9.4048305e-23)
(0.001394719 0.019093656 -5.563583e-21)
(0.002552992 0.025411322 1.9440551e-20)
(0.0040099155 0.03107742 -1.4414923e-20)
(0.005688513 0.035878513 -4.6486443e-20)
(0.0074853047 0.039617392 9.308914e-21)
(0.0092800389 0.042122718 3.8899339e-20)
(0.010934311 0.043266127 -3.8490405e-20)
(0.012303864 0.042980727 8.9954069e-20)
(0.01325248 0.041279437 1.6908258e-21)
(0.013667889 0.038265671 -5.9058887e-20)
(0.01348556 0.034155061 -9.7482866e-20)
(0.012694449 0.029238873 7.9319015e-20)
(0.011366073 0.02390677 -8.286036e-20)
(0.009626254 0.018552981 -1.312898e-19)
(0.0076415034 0.013533302 8.4193135e-20)
(0.0056136934 0.0091587478 -1.3174242e-19)
(0.003718242 0.0056005009 -1.6973521e-19)
(0.0020897072 0.0029136214 1.0738121e-19)
(0.0008093422 0.0010517833 1.3375584e-19)
(-7.3950662e-05 -7.3176144e-05 1.1732262e-19)
(-0.0005026366 -0.00054272647 9.459124e-20)
(-0.00037171034 -0.00038327536 2.1968739e-20)
(0.00037573681 0.00032871179 3.686714e-20)
(0.0017919529 0.0014921467 -7.8115747e-21)
(0.0035662138 0.002738123 7.0346637e-20)
(0.0051512406 0.003623866 -1.8845306e-20)
(0.006181148 0.0039604002 -1.4884842e-20)
(0.0066731357 0.0038675384 1.030566e-19)
(0.0068294104 0.0035523402 -1.3520027e-19)
(0.0067232802 0.0031090559 -4.0909184e-21)
(0.0063031197 0.0025614955 6.7997634e-20)
(0.0053510405 0.0018835081 3.5759251e-20)
(0.0036698001 0.0011006379 -1.1495227e-19)
(0.001021738 0.00026960711 7.3658971e-21)
(-0.0027751102 -0.00049159236 2.1950088e-20)
(-0.0079178096 -0.0010325667 4.1777484e-21)
(-0.014277297 -0.0011174601 -6.0343776e-21)
(-0.021869927 -0.0005438089 3.7672588e-21)
(-0.030928262 0.00099146211 -6.9851831e-21)
(-0.040716653 0.0037520641 5.5902286e-20)
(-0.050237164 0.0076983217 -7.5993814e-20)
(-0.059113056 0.01274104 2.8521975e-20)
(-0.066782195 0.018667986 -2.5035371e-20)
(-0.073017224 0.025243262 1.5655245e-19)
(-0.077591564 0.032179548 2.4637642e-20)
(-0.080445567 0.039201861 -2.1190182e-19)
(-0.081564072 0.046027177 1.77879e-19)
(-0.081039629 0.052412508 3.3635379e-21)
(-0.078942232 0.058094392 -5.3574883e-20)
(-0.075522991 0.062938991 4.9408628e-20)
(-0.070841808 0.066673734 -8.0842281e-20)
(-0.065164452 0.06920276 7.00078e-21)
(-0.058792942 0.070511782 -2.051873e-20)
(-0.051831768 0.070393662 -2.7722558e-21)
(-0.044590455 0.06890448 -4.0803246e-22)
(-0.037279084 0.066017773 -4.4473236e-20)
(-0.030129349 0.061779581 7.4403292e-20)
(-0.023356684 0.056262591 8.2720311e-20)
(-0.017159513 0.049568169 3.4300559e-20)
(-0.011717696 0.041829963 7.9542614e-20)
(-0.0071858397 0.033203248 -1.7850547e-20)
(-0.0036898364 0.023869011 5.1622013e-20)
(-0.0013303005 0.014029035 4.0429745e-20)
(-0.00016254274 0.0038884972 5.3887615e-21)
)
;
    }
    frontAndBack
    {
        type            empty;
    }
}


// ************************************************************************* //
