/*--------------------------------*- C++ -*----------------------------------*\
  =========                 |
  \\      /  F ield         | OpenFOAM: The Open Source CFD Toolbox
   \\    /   O peration     | Website:  https://openfoam.org
    \\  /    A nd           | Version:  13
     \\/     M anipulation  |
\*---------------------------------------------------------------------------*/
FoamFile
{
    format      ascii;
    class       volVectorField;
    location    "29.000118";
    object      wallShearStress;
}
// * * * * * * * * * * * * * * * * * * * * * * * * * * * * * * * * * * * * * //

dimensions      [0 2 -2 0 0 0 0];

internalField   uniform (0 0 0);

boundaryField
{
    inlet
    {
        type            calculated;
        value           uniform (0 0 0);
    }
    outlet
    {
        type            calculated;
        value           uniform (0 0 0);
    }
    cylinder
    {
        type            calculated;
        value           nonuniform List<vector> 
132
(
(-4.021743e-06 0.00060117483 -2.4885284e-22)
(-7.64751e-06 0.00028241955 7.0733587e-23)
(6.5783734e-06 -3.759301e-05 3.8972351e-21)
(3.8056722e-05 -0.00035396052 -1.3045659e-20)
(8.7301993e-05 -0.00066107786 9.1846589e-21)
(0.00015288648 -0.00095324759 2.7989772e-20)
(0.00023317147 -0.0012249196 -5.2893586e-21)
(0.00032589171 -0.0014707686 -2.0902173e-20)
(0.00042820035 -0.0016859395 1.9655053e-20)
(0.00053674311 -0.0018662836 -4.3975788e-20)
(0.00064774672 -0.0020086028 -7.9877885e-22)
(0.00075736279 -0.002110808 2.7228126e-20)
(0.00086168082 -0.0021721443 4.4351554e-20)
(0.0009570422 -0.0021933244 -3.5993419e-20)
(0.0010403391 -0.0021766597 3.7877861e-20)
(0.0011092203 -0.0021258906 6.0947209e-20)
(0.0011625515 -0.0020464663 -3.993534e-20)
(0.0012002241 -0.0019445518 6.4071243e-20)
(0.0012240938 -0.0018280444 8.4741683e-20)
(0.0012376879 -0.001705386 -5.4993835e-20)
(0.0012463843 -0.0015852802 -7.0129344e-20)
(0.0012578374 -0.0014767514 2.4696355e-23)
(0.0012818586 -0.0013884093 1.0184795e-20)
(0.0013307138 -0.0013283123 -1.2200832e-20)
(0.0014186823 -0.0013030395 -2.0766271e-20)
(0.0015602053 -0.0013158305 4.442985e-21)
(0.0017669583 -0.001364655 -4.0122991e-20)
(0.0020420637 -0.0014393148 1.0719727e-20)
(0.0023795246 -0.0015239228 8.4152205e-21)
(0.0027572437 -0.0015955023 -5.7927405e-20)
(0.0031413633 -0.0016305706 7.5532541e-20)
(0.0035030683 -0.001615827 2.2838587e-21)
(0.0038157835 -0.0015451463 1.6444655e-20)
(0.0040377058 -0.0014125629 -1.9461204e-20)
(0.0040908296 -0.0012100091 6.1753884e-20)
(0.0038435711 -0.00093256581 -3.9005643e-21)
(0.0031310578 -0.0005965414 1.5716054e-20)
(0.0017421978 -0.00024692561 -2.1561296e-21)
(-0.00052828155 2.288357e-05 3.0923483e-21)
(-0.0039124151 7.8024047e-05 -1.9289579e-21)
(-0.0087555406 -0.0002973305 3.605083e-21)
(-0.015037006 -0.0014019285 -1.1135578e-22)
(-0.022240139 -0.0034257276 4.0904846e-20)
(-0.029926852 -0.0064683022 -1.579287e-20)
(-0.03753397 -0.010508901 1.4275565e-20)
(-0.044565926 -0.01542556 -9.1833948e-20)
(-0.050586375 -0.021000144 -1.4827154e-20)
(-0.055321491 -0.026977965 1.3026136e-19)
(-0.058575193 -0.033072282 -1.1111119e-19)
(-0.060305103 -0.039018823 -2.1204918e-21)
(-0.060504814 -0.044541036 3.3777455e-20)
(-0.059313699 -0.049444032 -3.0708177e-20)
(-0.056815748 -0.053485396 -5.9927308e-21)
(-0.053210833 -0.056519433 -3.7687675e-21)
(-0.048737342 -0.058462017 -5.440081e-21)
(-0.043560521 -0.059169817 -3.2849204e-21)
(-0.037934798 -0.05862852 6.2166561e-22)
(-0.032075067 -0.05681048 4.9581935e-20)
(-0.026205239 -0.053741771 -7.5319641e-20)
(-0.020536071 -0.049477095 -8.0141325e-20)
(-0.015264006 -0.044102781 -3.2476995e-20)
(-0.01056683 -0.037734356 -7.4378221e-20)
(-0.0065993923 -0.03051225 1.6583904e-20)
(-0.0034886121 -0.022599161 2.4119734e-20)
(-0.001337323 -0.014187786 -3.7476543e-20)
(-0.00020191816 -0.005438103 -5.0055986e-21)
(1.648135e-05 0.00091608434 -1.1463026e-21)
(5.3966561e-05 0.0012277977 -6.8349553e-23)
(0.00010942118 0.001534107 -3.926222e-21)
(0.00018204835 0.0018293704 1.3168814e-20)
(0.00027085456 0.0021079009 -9.2957761e-21)
(0.0003741888 0.0023638908 -2.8400775e-20)
(0.000489736 0.0025916909 5.380174e-21)
(0.00061447569 0.0027860102 2.1310271e-20)
(0.00074487786 0.0029421828 -2.0082008e-20)
(0.00087693669 0.0030563429 4.5019477e-20)
(0.0010063001 0.0031258159 8.191637e-22)
(0.0011284578 0.0031491725 -2.7966326e-20)
(0.0012391064 0.0031267653 -4.5613476e-20)
(0.001334254 0.0030603451 3.7057197e-20)
(0.0014108866 0.0029539883 -3.9030012e-20)
(0.0014667031 0.0028127117 -6.2839765e-20)
(0.0015011257 0.0026438673 4.1192381e-20)
(0.0015151758 0.0024560023 -6.6102747e-20)
(0.0015116169 0.0022584365 -8.7434864e-20)
(0.0014955858 0.0020616049 5.6738165e-20)
(0.0014739986 0.0018755297 7.2343192e-20)
(0.0014565912 0.0017107283 6.4805667e-20)
(0.0014550936 0.0015765643 5.3248891e-20)
(0.0014841042 0.0014818303 1.257777e-20)
(0.0015597203 0.001432873 2.1404308e-20)
(0.0016978629 0.0014321112 -4.5791038e-21)
(0.0019113471 0.0014762661 4.1353921e-20)
(0.0022024383 0.0015524244 -1.1050841e-20)
(0.0025573125 0.0016379117 -8.6788046e-21)
(0.0029455204 0.0017046399 5.9777609e-20)
(0.0033321402 0.0017298286 -7.8003944e-20)
(0.0036856677 0.001700346 -2.34703e-21)
(0.0039729906 0.0016092143 3.8717836e-20)
(0.0041406059 0.0014491714 2.016962e-20)
(0.0040961582 0.0012125121 -6.41131e-20)
(0.0036933526 0.00089758729 4.0577229e-21)
(0.0027564241 0.00052781328 1.1949355e-20)
(0.0010620981 0.00015746068 2.2528382e-21)
(-0.0015848752 -0.00010777004 -3.2368816e-21)
(-0.0053814929 -0.00011433543 2.0216815e-21)
(-0.010686357 0.00035862061 -3.7790013e-21)
(-0.017386202 0.0016174403 3.0736189e-20)
(-0.024887294 0.0038300946 -4.2687627e-20)
(-0.03273499 0.0070718433 1.6409962e-20)
(-0.04032655 0.011287746 -1.4755136e-20)
(-0.047225028 0.01634321 9.43722e-20)
(-0.053009304 0.022002348 1.5137905e-20)
(-0.057436258 0.028005789 -1.3209679e-19)
(-0.060349611 0.034070839 1.1183404e-19)
(-0.061725251 0.039934556 2.1164746e-21)
(-0.06157659 0.045327026 -3.3368457e-20)
(-0.060063634 0.050066276 2.9927643e-20)
(-0.057261732 0.053902274 -4.6035413e-20)
(-0.053392942 0.056710051 3.4307478e-21)
(-0.048708796 0.058424854 -5.5006723e-21)
(-0.043350503 0.058881391 4.6929062e-21)
(-0.03758875 0.058090289 -7.0104398e-22)
(-0.031634134 0.056025644 -5.3302293e-20)
(-0.025709165 0.052719873 7.9245977e-20)
(-0.020022611 0.048234415 8.3236594e-20)
(-0.014767128 0.042659792 3.3427844e-20)
(-0.010116885 0.036117215 7.6024077e-20)
(-0.0062217652 0.028749965 -1.6853511e-20)
(-0.003203678 0.020725688 4.8369803e-20)
(-0.001159684 0.012232072 3.7720507e-20)
(-0.00014358155 0.0034598488 5.019271e-21)
)
;
    }
    frontAndBack
    {
        type            empty;
    }
}


// ************************************************************************* //
