/*--------------------------------*- C++ -*----------------------------------*\
  =========                 |
  \\      /  F ield         | OpenFOAM: The Open Source CFD Toolbox
   \\    /   O peration     | Website:  https://openfoam.org
    \\  /    A nd           | Version:  13
     \\/     M anipulation  |
\*---------------------------------------------------------------------------*/
FoamFile
{
    format      ascii;
    class       volVectorField;
    location    "31.303277";
    object      wallShearStress;
}
// * * * * * * * * * * * * * * * * * * * * * * * * * * * * * * * * * * * * * //

dimensions      [0 2 -2 0 0 0 0];

internalField   uniform (0 0 0);

boundaryField
{
    inlet
    {
        type            calculated;
        value           uniform (0 0 0);
    }
    outlet
    {
        type            calculated;
        value           uniform (0 0 0);
    }
    cylinder
    {
        type            calculated;
        value           nonuniform List<vector> 
132
(
(6.7524994e-06 -0.00024381863 -2.5198027e-22)
(2.5764603e-05 -0.00054353101 7.1827198e-23)
(6.1786664e-05 -0.00084493545 3.9681191e-21)
(0.00011504254 -0.0011430659 -1.3319439e-20)
(0.00018520096 -0.0014325043 9.4030842e-21)
(0.00027131747 -0.0017075988 2.8732465e-20)
(0.0003717895 -0.0019626042 -5.4439541e-21)
(0.00048434341 -0.0021918906 -2.1567652e-20)
(0.00060596748 -0.0023901853 2.0330275e-20)
(0.00073323948 -0.0025527867 -4.5591766e-20)
(0.00086216094 -0.0026757921 -8.299117e-22)
(0.00098844282 -0.0027564924 2.834722e-20)
(0.0011076512 -0.002793393 4.6260096e-20)
(0.001215616 -0.0027868092 -3.7605254e-20)
(0.0013084872 -0.0027383801 3.9633323e-20)
(0.0013835307 -0.0026521736 6.3854834e-20)
(0.0014387473 -0.0025331362 -4.1887667e-20)
(0.0014739837 -0.002388519 6.726578e-20)
(0.0014905919 -0.0022264698 8.9035665e-20)
(0.0014919186 -0.0020561449 -5.7814606e-20)
(0.001483995 -0.0018879986 -7.3760502e-20)
(0.0014745195 -0.0017316899 2.5973719e-23)
(0.0014744795 -0.0015976283 1.0718019e-20)
(0.0014967496 -0.0014946582 -1.2841352e-20)
(0.0015571871 -0.0014308522 -2.1858067e-20)
(0.001671528 -0.0014102598 4.6767066e-21)
(0.0018533768 -0.0014318316 -4.2233628e-20)
(0.0021096975 -0.0014872915 1.1283529e-20)
(0.0024340539 -0.001559032 8.8580078e-21)
(0.0028066239 -0.0016241482 -6.0977374e-20)
(0.0031941405 -0.0016579915 7.9516838e-20)
(0.0035578279 -0.0016411299 2.4046589e-21)
(0.0038679927 -0.0015663612 1.7316437e-20)
(0.0040807747 -0.0014277546 -2.049476e-20)
(0.0041131031 -0.0012167963 6.5035039e-20)
(0.0038311151 -0.00092985252 -4.1074395e-21)
(0.0030685174 -0.00058516934 1.6545567e-20)
(0.001611342 -0.00022978014 -2.2689162e-21)
(-0.00074429018 4.0190513e-05 3.2516936e-21)
(-0.0042259012 8.5651637e-05 -2.0264103e-21)
(-0.009180651 -0.00031106748 3.7820853e-21)
(-0.015570314 -0.0014509489 -1.1662036e-22)
(-0.022860803 -0.0035206621 4.2763595e-20)
(-0.030610478 -0.006615395 -1.6481914e-20)
(-0.038248355 -0.01070827 1.487576e-20)
(-0.045286519 -0.015674458 -9.5588654e-20)
(-0.051292388 -0.021292583 -1.5423291e-20)
(-0.055997276 -0.027306926 1.3550153e-19)
(-0.059211457 -0.033430995 -1.1567617e-19)
(-0.060895437 -0.039400321 -2.2119289e-21)
(-0.06104713 -0.04493987 3.5363375e-20)
(-0.05980639 -0.049854407 -3.2359808e-20)
(-0.057260384 -0.053903713 -6.3953152e-21)
(-0.053608829 -0.056941972 -4.139455e-21)
(-0.04908989 -0.058884778 -6.7323801e-21)
(-0.043870637 -0.059591004 -2.2316258e-21)
(-0.038204757 -0.059045776 5.6989019e-22)
(-0.032307414 -0.057222146 4.7413495e-20)
(-0.026402473 -0.054146539 -7.3228085e-20)
(-0.020700573 -0.049873908 -7.8604243e-20)
(-0.015398073 -0.044490933 -3.2027868e-20)
(-0.010672569 -0.038113253 -7.3622104e-20)
(-0.0066788066 -0.030881725 1.6459913e-20)
(-0.0035435069 -0.022958893 2.3990204e-20)
(-0.0013693576 -0.014539074 -3.7340076e-20)
(-0.00021204646 -0.0057785253 -4.9949356e-21)
(4.1091579e-06 5.2340537e-05 -1.1574896e-21)
(1.7493806e-05 0.00034551404 -6.8822807e-23)
(4.6955587e-05 0.00063366576 -3.9421348e-21)
(9.2143418e-05 0.00091195961 1.3184269e-20)
(0.00015214772 0.001175419 -9.2799654e-21)
(0.00022554027 0.001419156 -2.8271573e-20)
(0.00031034861 0.0016385316 5.3406238e-21)
(0.00040409736 0.0018293343 2.1095423e-20)
(0.00050387714 0.0019879745 -1.9826549e-20)
(0.00060640413 0.0021116851 4.4333514e-20)
(0.00070826657 0.0021986853 8.047599e-22)
(0.00080603712 0.0022483216 -2.7411937e-20)
(0.00089645229 0.0022612313 -4.4616744e-20)
(0.00097665127 0.0022393687 3.6179404e-20)
(0.0010444253 0.0021860511 -3.8042128e-20)
(0.0010984005 0.0021057768 -6.1160221e-20)
(0.001138394 0.0020043792 4.0042118e-20)
(0.0011654757 0.0018885238 -6.4191019e-20)
(0.0011822597 0.001765697 -8.4837038e-20)
(0.0011930832 0.0016439161 5.5017357e-20)
(0.0012040794 0.0015313405 7.0116374e-20)
(0.001223347 0.0014360133 6.2790326e-20)
(0.0012612596 0.0013657589 5.1582197e-20)
(0.0013302431 0.00132744 1.2182721e-20)
(0.0014442034 0.0013260629 2.0731143e-20)
(0.0016165519 0.001362986 -4.4351209e-21)
(0.0018551611 0.0014325101 4.0054826e-20)
(0.0021620152 0.001523736 -1.0703665e-20)
(0.0025224231 0.0016154975 -8.4058197e-21)
(0.0029084594 0.0016831751 5.7889692e-20)
(0.0032918409 0.0017088916 -7.5526338e-20)
(0.0036441937 0.001681165 -2.2719547e-21)
(0.0039369402 0.0015945274 3.7470552e-20)
(0.0041157147 0.001440348 1.9516233e-20)
(0.0040888106 0.0012101732 -6.2026037e-20)
(0.0037140006 0.00090234993 3.9253348e-21)
(0.0028146329 0.0005384783 1.1559811e-20)
(0.0011697447 0.00017161898 2.1797957e-21)
(-0.0014180642 -9.3597505e-05 -3.1331241e-21)
(-0.0051530742 -0.00010863186 1.9580304e-21)
(-0.010390672 0.0003492881 -3.6631205e-21)
(-0.017029006 0.0015846906 2.9825616e-20)
(-0.024487267 0.0037690022 -4.1470231e-20)
(-0.032310124 0.0069805111 1.5958985e-20)
(-0.039894263 0.011167133 -1.4362268e-20)
(-0.046797906 0.016195747 9.1914497e-20)
(-0.052598258 0.021832146 1.4747277e-20)
(-0.057047883 0.027816778 -1.2865724e-19)
(-0.059986898 0.033866377 1.0882989e-19)
(-0.061390039 0.03971794 2.0561224e-21)
(-0.061267913 0.045100012 -3.2317761e-20)
(-0.059781891 0.049831587 2.8830147e-20)
(-0.05700413 0.05365987 -4.3869781e-20)
(-0.053157976 0.056460538 3.1829132e-21)
(-0.048496739 0.058170486 -4.3047886e-21)
(-0.043158892 0.058621046 5.3973353e-21)
(-0.037416772 0.057824344 -7.3557277e-22)
(-0.031480868 0.055753925 -5.4737165e-20)
(-0.0255739 0.052442075 8.0610326e-20)
(-0.019904907 0.047950236 8.4215435e-20)
(-0.014666736 0.042368815 3.3702653e-20)
(-0.010033778 0.035818999 7.6456736e-20)
(-0.0061561433 0.028444097 -1.691639e-20)
(-0.0031558798 0.020411694 4.8471335e-20)
(-0.0011303318 0.011908906 3.774493e-20)
(-0.00013393087 0.0031297297 5.0156326e-21)
)
;
    }
    frontAndBack
    {
        type            empty;
    }
}


// ************************************************************************* //
