/*--------------------------------*- C++ -*----------------------------------*\
  =========                 |
  \\      /  F ield         | OpenFOAM: The Open Source CFD Toolbox
   \\    /   O peration     | Website:  https://openfoam.org
    \\  /    A nd           | Version:  13
     \\/     M anipulation  |
\*---------------------------------------------------------------------------*/
FoamFile
{
    format      ascii;
    class       volVectorField;
    location    "14.501077";
    object      wallShearStress;
}
// * * * * * * * * * * * * * * * * * * * * * * * * * * * * * * * * * * * * * //

dimensions      [0 2 -2 0 0 0 0];

internalField   uniform (0 0 0);

boundaryField
{
    inlet
    {
        type            calculated;
        value           uniform (0 0 0);
    }
    outlet
    {
        type            calculated;
        value           uniform (0 0 0);
    }
    cylinder
    {
        type            calculated;
        value           nonuniform List<vector> 
132
(
(3.6574615e-05 0.0014978699 -1.0411804e-22)
(0.00019338686 -0.0033331363 2.9651848e-23)
(0.00061425396 -0.0081159952 1.6857024e-21)
(0.0012905073 -0.012691282 -5.9283015e-21)
(0.0021923116 -0.016898192 4.4587252e-21)
(0.0032732382 -0.020583336 1.4677225e-20)
(0.0044694738 -0.02360493 -3.0117578e-21)
(0.005703158 -0.025847753 -1.2923253e-20)
(0.0068895784 -0.027228735 1.3139058e-20)
(0.007938033 -0.027700691 -3.1545556e-20)
(0.0087597561 -0.027258484 -6.0857802e-22)
(0.0092751936 -0.025942461 2.1814387e-20)
(0.0094225037 -0.023841221 3.6900842e-20)
(0.0091698731 -0.02109987 -3.0726196e-20)
(0.0085225919 -0.017910463 3.2794305e-20)
(0.0075291217 -0.014501481 5.2958e-20)
(0.0062768858 -0.011109813 -3.4518284e-20)
(0.0048817773 -0.007958602 5.4718492e-20)
(0.0034712459 -0.0052224554 7.119802e-20)
(0.0021624543 -0.0030087067 -4.5360586e-20)
(0.0010399239 -0.0013439899 -5.6788177e-20)
(0.0001535432 -0.00019676586 1.9628928e-23)
(-0.00050591684 0.00053769079 7.986635e-21)
(-0.00096522276 0.00095780496 -9.4430758e-21)
(-0.0012749138 0.0011693445 -1.5891034e-20)
(-0.0013778844 0.0011646116 3.3630777e-21)
(-0.001212085 0.00094366596 -3.0045165e-20)
(-0.00052368115 0.00038121193 7.9412145e-21)
(0.00063535431 -0.00039434573 6.1983864e-21)
(0.0019056034 -0.0010933648 -4.2612071e-20)
(0.0029317681 -0.0015174528 5.5745539e-20)
(0.0034887131 -0.0016086687 1.6916541e-21)
(0.0037332194 -0.0015124503 1.22081e-20)
(0.0038666068 -0.0013527891 -1.4449515e-20)
(0.004000226 -0.0011819562 4.5823737e-20)
(0.0040260112 -0.00097415693 -2.8934216e-21)
(0.0037532796 -0.00071012396 1.166417e-20)
(0.0029715056 -0.00040818297 -1.6029044e-21)
(0.001462057 -0.00013146191 2.3069127e-21)
(-0.0010086962 8.4564051e-06 -1.4475231e-21)
(-0.0048370044 -0.00016462798 2.7295778e-21)
(-0.010163326 -0.00095431492 -8.5455946e-23)
(-0.016639627 -0.0025697779 3.1879363e-20)
(-0.023892566 -0.0051708342 -1.2514266e-20)
(-0.031371483 -0.0087902109 1.1498347e-20)
(-0.038557248 -0.013351428 -7.5090737e-20)
(-0.044959371 -0.018670245 -1.2280304e-20)
(-0.050204158 -0.024489147 1.0893596e-19)
(-0.05403705 -0.030516129 -9.3482496e-20)
(-0.05636186 -0.036472954 -1.7861827e-21)
(-0.057138377 -0.042067684 2.8296378e-20)
(-0.056476725 -0.047083375 -2.5301198e-20)
(-0.054463192 -0.05127449 -4.7471001e-21)
(-0.051282657 -0.054474503 -2.6753289e-21)
(-0.047171917 -0.056586983 -1.8066652e-21)
(-0.042314004 -0.057478955 -6.1335886e-21)
(-0.036952784 -0.057112725 7.5745162e-22)
(-0.031315743 -0.055467154 5.5160719e-20)
(-0.025629866 -0.052563012 -8.0678534e-20)
(-0.020111309 -0.048454598 -8.4139669e-20)
(-0.014961149 -0.043228222 -3.3693579e-20)
(-0.010361111 -0.036999757 -7.6583696e-20)
(-0.0064694288 -0.029910711 1.6991417e-20)
(-0.0034157351 -0.022125345 2.4632127e-20)
(-0.001304785 -0.013837209 -3.819465e-20)
(-0.00019465764 -0.0052114829 -5.0958876e-21)
(0.00014133041 0.0062721821 -4.8832992e-22)
(0.00050137031 0.010927981 -3.0307725e-23)
(0.0011099399 0.01535666 -1.8427468e-21)
(0.0019408438 0.019409432 6.6362167e-21)
(0.0029523827 0.022941533 -5.0711679e-21)
(0.0040870319 0.025820945 -1.6821791e-20)
(0.0052730379 0.027939576 3.4550679e-21)
(0.006432231 0.029218353 1.4760061e-20)
(0.0074795905 0.029611034 -1.4886366e-20)
(0.0083303547 0.029109446 3.5371076e-20)
(0.00890622 0.027746365 6.7462331e-22)
(0.0091435263 0.025600614 -2.3882177e-20)
(0.0090036391 0.022803295 -3.9913981e-20)
(0.0084818913 0.019535006 3.2858868e-20)
(0.0076116579 0.016010992 -3.4716062e-20)
(0.0064662772 0.012464645 -5.5582029e-20)
(0.0051478155 0.0091199318 3.5990689e-20)
(0.0037751194 0.0061616143 -5.6795492e-20)
(0.002463967 0.0037136956 -7.3712515e-20)
(0.0013073513 0.0018265764 4.6922871e-20)
(0.00036295432 0.0004815311 5.8766841e-20)
(-0.00035277284 -0.00040137963 5.1814673e-20)
(-0.0008665689 -0.00093093359 4.2003484e-20)
(-0.0012183491 -0.0012124314 9.8076097e-21)
(-0.0014281281 -0.0013120103 1.6516623e-20)
(-0.0013975962 -0.0011838401 -3.4955649e-21)
(-0.0010002938 -0.00078293539 3.1247011e-20)
(-6.0994542e-05 -5.6559596e-05 -8.2792135e-21)
(0.0012224672 0.00077096027 -6.4800888e-21)
(0.002424027 0.0013955516 4.4685901e-20)
(0.0032450645 0.0016822805 -5.852636e-20)
(0.0036316241 0.0016758488 -1.7661292e-21)
(0.0038024883 0.0015408085 2.9158716e-20)
(0.0039411203 0.0013788734 1.5177906e-20)
(0.0040619158 0.0012005029 -4.8190736e-20)
(0.004010277 0.0009711355 3.047708e-21)
(0.0035918414 0.00068095131 8.9752341e-21)
(0.0025957049 0.00035914532 1.694186e-21)
(0.00080305261 8.0012396e-05 -2.4419377e-21)
(-0.0020329843 -3.2614046e-05 1.5336334e-21)
(-0.0062889646 0.00021375276 -2.8923006e-21)
(-0.012033901 0.0011264543 2.3834858e-20)
(-0.018864324 0.0029101491 -3.3610633e-20)
(-0.026348158 0.0056990601 1.3130724e-20)
(-0.033902349 0.0094962539 -1.1996174e-20)
(-0.041063081 0.014216628 7.7857197e-20)
(-0.047301087 0.019640125 1.2641486e-20)
(-0.052299674 0.025508043 -1.1135768e-19)
(-0.055844395 0.031533588 9.4802304e-20)
(-0.057848955 0.037432264 1.7961607e-21)
(-0.058304512 0.042923352 -2.8155779e-20)
(-0.057342237 0.047802197 2.4833431e-20)
(-0.05504015 0.051814862 -3.6652819e-20)
(-0.051604739 0.054814027 2.41886e-21)
(-0.047287369 0.056722746 -8.8971958e-22)
(-0.042245047 0.057382402 7.2820767e-21)
(-0.036746192 0.056790363 -8.2359096e-22)
(-0.031007841 0.054918354 -5.8303073e-20)
(-0.02525828 0.051796959 8.4029052e-20)
(-0.019711084 0.047485458 8.6801538e-20)
(-0.014564077 0.042074624 3.4516114e-20)
(-0.0099955623 0.03568553 7.8013852e-20)
(-0.0061592002 0.028462568 -1.7226459e-20)
(-0.0031799164 0.020574489 4.9318922e-20)
(-0.0011571138 0.012211105 3.8408151e-20)
(-0.00014603742 0.0035625889 5.1082609e-21)
)
;
    }
    frontAndBack
    {
        type            empty;
    }
}


// ************************************************************************* //
