/*--------------------------------*- C++ -*----------------------------------*\
  =========                 |
  \\      /  F ield         | OpenFOAM: The Open Source CFD Toolbox
   \\    /   O peration     | Website:  https://openfoam.org
    \\  /    A nd           | Version:  13
     \\/     M anipulation  |
\*---------------------------------------------------------------------------*/
FoamFile
{
    format      ascii;
    class       volVectorField;
    location    "26.403396";
    object      wallShearStress;
}
// * * * * * * * * * * * * * * * * * * * * * * * * * * * * * * * * * * * * * //

dimensions      [0 2 -2 0 0 0 0];

internalField   uniform (0 0 0);

boundaryField
{
    inlet
    {
        type            calculated;
        value           uniform (0 0 0);
    }
    outlet
    {
        type            calculated;
        value           uniform (0 0 0);
    }
    cylinder
    {
        type            calculated;
        value           nonuniform List<vector> 
132
(
(1.6781334e-05 -0.00090279818 -2.4586046e-22)
(5.5373707e-05 -0.0012519303 7.0029514e-23)
(0.00011402461 -0.0015949999 3.8661543e-21)
(0.00019181483 -0.0019255241 -1.2968472e-20)
(0.0002875883 -0.0022369729 9.149443e-21)
(0.00039943493 -0.0025227015 2.794004e-20)
(0.00052468408 -0.0027762621 -5.2905548e-21)
(0.00065989585 -0.0029916374 -2.0946937e-20)
(0.00080095257 -0.0031635337 1.9732552e-20)
(0.00094330221 -0.0032876336 -4.4221773e-20)
(0.0010819521 -0.0033609 -8.0441462e-22)
(0.0012117823 -0.0033818752 2.7455186e-20)
(0.0013278599 -0.0033509618 4.4768278e-20)
(0.0014256963 -0.0032703722 -3.6361518e-20)
(0.0015018823 -0.0031448424 3.8287922e-20)
(0.0015536619 -0.0029798526 6.1630169e-20)
(0.0015804542 -0.0027839929 -4.0389401e-20)
(0.0015835156 -0.0025672072 6.4798071e-20)
(0.0015658437 -0.0023399015 8.5687281e-20)
(0.0015329486 -0.0021135666 -5.5589946e-20)
(0.001492227 -0.0018991853 -7.0860996e-20)
(0.0014538155 -0.0017079216 2.493524e-23)
(0.0014299081 -0.0015497023 1.0281299e-20)
(0.0014355655 -0.0014337362 -1.2310473e-20)
(0.0014877497 -0.0013670317 -2.0943516e-20)
(0.0016041606 -0.001353226 4.4791264e-21)
(0.0017992113 -0.0013896832 -4.0437014e-20)
(0.0020755934 -0.0014629199 1.0801621e-20)
(0.0024253691 -0.0015531847 8.479067e-21)
(0.0028208444 -0.0016322178 -5.837315e-20)
(0.0032206414 -0.0016716923 7.613082e-20)
(0.0035909058 -0.0016563727 2.3026113e-21)
(0.0039052424 -0.0015814277 1.6585025e-20)
(0.0041250243 -0.0014431634 -1.9634038e-20)
(0.0041732048 -0.0012344117 6.2325771e-20)
(0.0039169528 -0.00095038574 -3.9383793e-21)
(0.0031902693 -0.00060780252 1.5876134e-20)
(0.001780605 -0.00025225779 -2.1792706e-21)
(-0.00051777705 2.1897108e-05 3.1273476e-21)
(-0.0039367348 7.8447089e-05 -1.9519453e-21)
(-0.0088224719 -0.00029960301 3.6502321e-21)
(-0.01514979 -0.001412397 -1.1281474e-22)
(-0.022395926 -0.0034496497 4.1462702e-20)
(-0.03012108 -0.0065101907 -1.6016153e-20)
(-0.037760187 -0.010572135 1.4484734e-20)
(-0.044817069 -0.015512353 -9.3234042e-20)
(-0.05085584 -0.021111909 -1.5064219e-20)
(-0.055603416 -0.027115366 1.3247205e-19)
(-0.05886478 -0.033235728 -1.1314714e-19)
(-0.060597565 -0.039208023 -2.1634063e-21)
(-0.060797539 -0.04475653 3.4558455e-20)
(-0.059601556 -0.049684024 -3.1556838e-20)
(-0.057098117 -0.053751319 -6.2086001e-21)
(-0.053485059 -0.056810841 -3.9745399e-21)
(-0.04899875 -0.058775788 -6.1822627e-21)
(-0.043809 -0.059507628 -2.6621833e-21)
(-0.038167579 -0.058988682 5.9028058e-22)
(-0.032290412 -0.057192438 4.8240729e-20)
(-0.026401338 -0.054144681 -7.4007782e-20)
(-0.020711172 -0.049900017 -7.9171359e-20)
(-0.015416502 -0.044544929 -3.2194998e-20)
(-0.010695067 -0.038194654 -7.391404e-20)
(-0.0067018815 -0.030990086 1.6511663e-20)
(-0.003563789 -0.023093245 2.4052617e-20)
(-0.0013837776 -0.01469946 -3.7423972e-20)
(-0.00021732523 -0.0059609502 -5.0051014e-21)
(-3.1327127e-06 -0.00055032996 -1.1302827e-21)
(-3.5552117e-06 -0.00019391513 -6.7267458e-23)
(1.5728571e-05 0.00016337892 -3.8567589e-21)
(5.4286231e-05 0.00051583471 1.2912999e-20)
(0.0001125687 0.00085692554 -9.0998262e-21)
(0.0001888581 0.0011799627 -2.7758594e-20)
(0.00028114658 0.0014784491 5.2510313e-21)
(0.0003866867 0.0017461614 2.0772388e-20)
(0.00050204192 0.0019774232 -1.9553649e-20)
(0.00062312491 0.0021674717 4.3795091e-20)
(0.00074554437 0.0023125926 7.9631029e-22)
(0.0008646717 0.0024105461 -2.7171545e-20)
(0.00097586454 0.002460604 -4.4301651e-20)
(0.0010749151 0.0024640604 3.5985008e-20)
(0.0011581904 0.0024238151 -3.7900144e-20)
(0.0012233037 0.0023451009 -6.1027984e-20)
(0.0012689714 0.0022343453 4.0014539e-20)
(0.0012956973 0.0020997497 -6.4234214e-20)
(0.0013059104 0.0019507142 -8.4998408e-20)
(0.0013040888 0.0017973128 5.518201e-20)
(0.0012973004 0.0016504087 7.0392247e-20)
(0.0012945584 0.0015201442 6.3087289e-20)
(0.001307813 0.001416696 5.1859615e-20)
(0.0013511643 0.0013487828 1.225443e-20)
(0.0014406783 0.00132319 2.0861021e-20)
(0.0015914569 0.0013420644 -4.4640767e-21)
(0.0018133087 0.001400312 4.0323005e-20)
(0.0021072542 0.0014851847 -1.0776557e-20)
(0.0024573077 0.0015737983 -8.4635549e-21)
(0.0028337257 0.0016399288 5.8290304e-20)
(0.0032064052 0.0016645458 -7.6050052e-20)
(0.0035489681 0.0016372396 -2.2876625e-21)
(0.0038334303 0.0015526096 3.7727123e-20)
(0.0040068681 0.0014022654 1.9646789e-20)
(0.0039783585 0.0011775176 -6.2425875e-20)
(0.0036063876 0.00087628835 3.949104e-21)
(0.0027170268 0.0005200035 1.1623402e-20)
(0.0010914962 0.00016090494 2.1901599e-21)
(-0.001466225 -9.821736e-05 -3.145088e-21)
(-0.005157096 -0.00010908588 1.9633815e-21)
(-0.010336993 0.00034729268 -3.6685962e-21)
(-0.016909794 0.0015734974 2.9831462e-20)
(-0.024301625 0.0037403795 -4.1427985e-20)
(-0.032064065 0.0069273498 1.5925542e-20)
(-0.03959912 0.011084572 -1.4318703e-20)
(-0.046464057 0.016080287 9.156028e-20)
(-0.052239509 0.021683322 1.4679679e-20)
(-0.056676467 0.027635766 -1.2797556e-19)
(-0.059612963 0.033655365 1.0817189e-19)
(-0.061022562 0.039480286 2.0418407e-21)
(-0.060913703 0.044839361 -3.2054629e-20)
(-0.059445885 0.049551578 2.8542007e-20)
(-0.056690496 0.053364699 -4.3284096e-20)
(-0.052869965 0.056154672 3.1137216e-21)
(-0.048235199 0.057856784 -3.9626849e-21)
(-0.042924962 0.058303285 5.6037396e-21)
(-0.03721084 0.057506029 -7.4597098e-22)
(-0.031302651 0.055438175 -5.5184902e-20)
(-0.025422743 0.052131913 8.1057924e-20)
(-0.019779732 0.047648379 8.4561037e-20)
(-0.014566174 0.042077818 3.381107e-20)
(-0.0099561809 0.035541175 7.6659119e-20)
(-0.0060996367 0.028181565 -1.6954961e-20)
(-0.0031183869 0.020166421 4.8570994e-20)
(-0.0011095686 0.011682191 3.7818447e-20)
(-0.00012781878 0.0029258155 5.0253887e-21)
)
;
    }
    frontAndBack
    {
        type            empty;
    }
}


// ************************************************************************* //
