/*--------------------------------*- C++ -*----------------------------------*\
  =========                 |
  \\      /  F ield         | OpenFOAM: The Open Source CFD Toolbox
   \\    /   O peration     | Website:  https://openfoam.org
    \\  /    A nd           | Version:  13
     \\/     M anipulation  |
\*---------------------------------------------------------------------------*/
FoamFile
{
    format      ascii;
    class       volVectorField;
    location    "43.099785";
    object      wallShearStress;
}
// * * * * * * * * * * * * * * * * * * * * * * * * * * * * * * * * * * * * * //

dimensions      [0 2 -2 0 0 0 0];

internalField   uniform (0 0 0);

boundaryField
{
    inlet
    {
        type            calculated;
        value           uniform (0 0 0);
    }
    outlet
    {
        type            calculated;
        value           uniform (0 0 0);
    }
    cylinder
    {
        type            calculated;
        value           nonuniform List<vector> 
132
(
(1.7630519e-05 -0.0010125606 -2.9713743e-22)
(5.7521242e-05 -0.0013153547 8.4908535e-23)
(0.00011542014 -0.0016200921 4.7016481e-21)
(0.00019120662 -0.0019214849 -1.5817574e-20)
(0.00028455458 -0.0022137772 1.1191085e-20)
(0.00039445744 -0.0024907722 3.4266881e-20)
(0.00051914421 -0.0027460852 -6.5052265e-21)
(0.00065606467 -0.0029734023 -2.5818872e-20)
(0.00080203444 -0.0031667083 2.4377976e-20)
(0.00095312685 -0.0033206277 -5.4750882e-20)
(0.0011048705 -0.0034307535 -9.9795284e-22)
(0.001252444 -0.0034939635 3.412724e-20)
(0.001390956 -0.0035087731 5.5748329e-20)
(0.0015157242 -0.0034754632 -4.5356552e-20)
(0.0016227875 -0.0033965923 4.7835574e-20)
(0.00170904 -0.0032764506 7.7112832e-20)
(0.0017729817 -0.0031217484 -5.0606135e-20)
(0.0018149292 -0.0029410227 8.1293308e-20)
(0.0018373668 -0.0027443313 1.0762774e-19)
(0.0018454873 -0.0025432045 -6.9899753e-20)
(0.0018472063 -0.0023497482 -8.9190349e-20)
(0.0018535572 -0.0021763847 3.1413151e-23)
(0.0018783993 -0.0020347515 1.2963523e-20)
(0.0019379483 -0.0019346908 -1.5534807e-20)
(0.002048743 -0.0018820595 -2.6450996e-20)
(0.0022266624 -0.0018783452 5.6619451e-21)
(0.0024798258 -0.0019158292 -5.1164439e-20)
(0.0028046598 -0.0019776117 1.3681269e-20)
(0.0031833347 -0.0020396764 1.0751894e-20)
(0.003582045 -0.0020738499 -7.4106689e-20)
(0.0039607455 -0.0020570287 9.6767615e-20)
(0.0042781489 -0.0019746536 2.9306552e-21)
(0.0044847601 -0.0018177241 2.1139851e-20)
(0.0044974432 -0.0015757242 -2.5066663e-20)
(0.0041976511 -0.0012448713 7.9688657e-20)
(0.0034226084 -0.00083525529 -5.0406758e-21)
(0.0019883039 -0.0003870751 2.0321632e-20)
(-0.00033021471 2.5306557e-05 -2.7857293e-21)
(-0.0037309674 0.00027858197 3.9833458e-21)
(-0.008323104 0.00018892338 -2.4721688e-21)
(-0.014490692 -0.0004789362 4.5827875e-21)
(-0.022089977 -0.0020495484 -1.3998992e-22)
(-0.030401832 -0.0046737638 5.0794933e-20)
(-0.038975112 -0.0084155944 -1.9369155e-20)
(-0.047226029 -0.013215655 1.7310053e-20)
(-0.054681114 -0.018920541 -1.1028942e-19)
(-0.060921158 -0.025283604 -1.7678307e-20)
(-0.065699408 -0.032032876 1.5463786e-19)
(-0.068833968 -0.038859413 -1.317853e-19)
(-0.07029993 -0.045481398 -2.5235693e-21)
(-0.070102362 -0.051602722 4.0581796e-20)
(-0.06839406 -0.057010371 -3.7600018e-20)
(-0.065267814 -0.061439577 -7.6239034e-21)
(-0.060960009 -0.064748542 -5.2279926e-21)
(-0.055718822 -0.066835015 -1.0358884e-20)
(-0.049719391 -0.067534522 5.8429145e-22)
(-0.043250603 -0.06684346 4.3881644e-22)
(-0.03654522 -0.064727655 4.2249865e-20)
(-0.029851165 -0.061219126 -6.8582519e-20)
(-0.023400485 -0.056379182 -7.5454209e-20)
(-0.017409738 -0.050304314 -3.1190418e-20)
(-0.012075066 -0.043123459 -7.2363814e-20)
(-0.0075673713 -0.034993326 1.6280932e-20)
(-0.0040263286 -0.026094331 2.3835819e-20)
(-0.0015662716 -0.016644435 -3.7219926e-20)
(-0.00024744529 -0.0068124491 -4.9905559e-21)
(-5.7896487e-06 -0.00071340193 -1.3615568e-21)
(-1.2964978e-05 -0.00041741709 -8.0753051e-23)
(-5.1914118e-06 -0.00012686149 -4.6130672e-21)
(1.8405504e-05 0.00015348935 1.5386091e-20)
(5.6057835e-05 0.00041906181 -1.0799705e-20)
(0.00010708266 0.0006654282 -3.2808349e-20)
(0.00016933389 0.00088869005 6.1799569e-21)
(0.00024056932 0.0010855624 2.4341275e-20)
(0.00031829653 0.0012534871 -2.2812659e-20)
(0.00039986769 0.0013908147 5.08698e-20)
(0.00048263016 0.0014968998 9.2096832e-22)
(0.00056406856 0.0015722118 -3.1288726e-20)
(0.00064200882 0.0016183135 -5.0803466e-20)
(0.00071480442 0.0016379284 4.1103342e-20)
(0.00078152374 0.0016347546 -4.3130352e-20)
(0.0008422087 0.0016135635 -6.9211918e-20)
(0.00089791328 0.001579819 4.5239394e-20)
(0.00095110628 0.0015398967 -7.2420777e-20)
(0.001005597 0.0015004355 -9.5601151e-20)
(0.0010670831 0.0014687203 6.1939487e-20)
(0.0011429025 0.0014517898 7.8882116e-20)
(0.0012426637 0.0014568176 7.0605845e-20)
(0.001377277 0.0014894935 5.7988365e-20)
(0.0015584693 0.0015534183 1.3695522e-20)
(0.0017967306 0.0016483267 2.3310937e-20)
(0.002096434 0.0017667048 -4.9894136e-21)
(0.0024535104 0.0018942855 4.5091864e-20)
(0.0028552541 0.0020126514 -1.206015e-20)
(0.0032776953 0.0020999769 -9.4801081e-21)
(0.0036868886 0.0021346879 6.5356889e-20)
(0.0040537578 0.0021055698 -8.5365225e-20)
(0.0043529068 0.0020093735 -2.5712448e-21)
(0.0045398648 0.0018402693 4.247399e-20)
(0.0045244934 0.0015854827 2.2163831e-20)
(0.0041792655 0.0012398684 -7.0583079e-20)
(0.0033334242 0.00081430179 4.4753117e-21)
(0.001799228 0.0003522654 1.3197407e-20)
(-0.00064947563 -6.7407474e-05 2.4896036e-21)
(-0.0042085541 -0.00031631753 -3.5738783e-21)
(-0.0089656389 -0.00020561966 2.2271474e-21)
(-0.015301012 0.00050434187 -4.1451289e-21)
(-0.023034442 0.0021359437 3.3502258e-20)
(-0.031412584 0.0048278256 -4.6188794e-20)
(-0.039979505 0.0086310579 1.762236e-20)
(-0.048143536 0.01347115 -1.573202e-20)
(-0.05544401 0.019183189 9.9944885e-20)
(-0.06147674 0.02551228 1.5940864e-20)
(-0.066014431 0.032184494 -1.384161e-19)
(-0.068889053 0.038888472 1.1671904e-19)
(-0.070101797 0.045351085 2.2019691e-21)
(-0.069647129 0.051265389 -3.4631024e-20)
(-0.067732218 0.056456397 3.1029447e-20)
(-0.064392118 0.060612387 -4.7698349e-20)
(-0.059911652 0.063632363 3.5760605e-21)
(-0.054572581 0.065456966 -5.9241243e-21)
(-0.048481539 0.065849402 4.595814e-21)
(-0.041975022 0.064867737 -7.0415515e-22)
(-0.035270169 0.062464048 -5.3764747e-20)
(-0.028617068 0.058681624 8.0011469e-20)
(-0.022245501 0.053587858 8.4029599e-20)
(-0.016368339 0.047283481 3.3722669e-20)
(-0.01117838 0.039903891 7.6612987e-20)
(-0.0068413928 0.031608363 -1.6960579e-20)
(-0.0034919119 0.022583276 4.8594363e-20)
(-0.0012383083 0.013036278 3.7817867e-20)
(-0.00014047587 0.0031850967 5.0197101e-21)
)
;
    }
    frontAndBack
    {
        type            empty;
    }
}


// ************************************************************************* //
