/*--------------------------------*- C++ -*----------------------------------*\
  =========                 |
  \\      /  F ield         | OpenFOAM: The Open Source CFD Toolbox
   \\    /   O peration     | Website:  https://openfoam.org
    \\  /    A nd           | Version:  13
     \\/     M anipulation  |
\*---------------------------------------------------------------------------*/
FoamFile
{
    format      ascii;
    class       volVectorField;
    location    "23.701649";
    object      wallShearStress;
}
// * * * * * * * * * * * * * * * * * * * * * * * * * * * * * * * * * * * * * //

dimensions      [0 2 -2 0 0 0 0];

internalField   uniform (0 0 0);

boundaryField
{
    inlet
    {
        type            calculated;
        value           uniform (0 0 0);
    }
    outlet
    {
        type            calculated;
        value           uniform (0 0 0);
    }
    cylinder
    {
        type            calculated;
        value           nonuniform List<vector> 
132
(
(-3.5466244e-06 0.00067135341 -2.3987062e-22)
(-3.2374044e-06 0.00021344135 6.8267149e-23)
(2.2742099e-05 -0.00024649547 3.7674859e-21)
(7.3415935e-05 -0.00070014604 -1.2633072e-20)
(0.00014935426 -0.001138164 8.9109549e-21)
(0.0002481018 -0.0015508854 2.7211039e-20)
(0.0003666932 -0.0019289339 -5.1533553e-21)
(0.00050108082 -0.0022633271 -2.0410878e-20)
(0.00064618715 -0.0025459421 1.9237845e-20)
(0.00079608017 -0.0027700023 -4.3143736e-20)
(0.00094437642 -0.0029303575 -7.8546874e-22)
(0.0010843689 -0.0030241235 2.6835813e-20)
(0.0012094371 -0.0030507397 4.3806586e-20)
(0.0013137412 -0.0030128024 -3.5622197e-20)
(0.0013923226 -0.0029151402 3.7555466e-20)
(0.0014423695 -0.0027664492 6.0525339e-20)
(0.0014623184 -0.002576207 -3.9714461e-20)
(0.0014540921 -0.0023578557 6.3790355e-20)
(0.0014215168 -0.002124796 8.4451472e-20)
(0.0013711291 -0.0018910358 -5.48459e-20)
(0.0013129695 -0.0016715648 -6.998111e-20)
(0.0012585403 -0.0014789152 2.4636412e-23)
(0.0012227997 -0.0013254514 1.0170297e-20)
(0.0012231941 -0.0012215955 -1.2185466e-20)
(0.0012792876 -0.0011751808 -2.0742062e-20)
(0.0014100511 -0.0011889693 4.4379553e-21)
(0.0016275698 -0.0012565318 -4.0079593e-20)
(0.0019272988 -0.0013579269 1.0709206e-20)
(0.0022887621 -0.0014654558 8.408397e-21)
(0.002675884 -0.0015483114 -5.7892137e-20)
(0.0030490837 -0.001582733 7.5499871e-20)
(0.0033872562 -0.0015625046 2.2830148e-21)
(0.003680441 -0.0014903745 1.6437451e-20)
(0.0038956797 -0.0013628385 -1.9449158e-20)
(0.0039553888 -0.0011698718 6.1697468e-20)
(0.0037282476 -0.00090448532 -3.8952358e-21)
(0.003052406 -0.00058141485 1.5684585e-20)
(0.0017213459 -0.00024365955 -2.1500007e-21)
(-0.00046868547 1.8943556e-05 3.0804074e-21)
(-0.0037493749 7.4438335e-05 -1.9193286e-21)
(-0.0084650223 -0.00028754779 3.5826985e-21)
(-0.014611404 -0.0013625598 -1.105374e-22)
(-0.021692992 -0.0033418195 4.0567577e-20)
(-0.029280962 -0.0063291249 -1.5652292e-20)
(-0.036819483 -0.010309323 1.4142493e-20)
(-0.043815488 -0.015166271 -9.0956666e-20)
(-0.049829083 -0.020686332 -1.4683722e-20)
(-0.054580846 -0.026617342 1.2899206e-19)
(-0.05786925 -0.032674231 -1.100169e-19)
(-0.059645791 -0.038592732 -2.0991753e-21)
(-0.059900051 -0.044096294 3.3423314e-20)
(-0.058767243 -0.048988922 -3.035994e-20)
(-0.056329492 -0.053028017 -5.9140602e-21)
(-0.052783913 -0.056066292 -3.7023884e-21)
(-0.048367596 -0.058018781 -5.2328918e-21)
(-0.043245598 -0.05874229 -3.4330343e-21)
(-0.037671068 -0.058221125 6.2787902e-22)
(-0.031858684 -0.056427386 4.9796419e-20)
(-0.026031963 -0.053386525 -7.5482855e-20)
(-0.020401455 -0.049152821 -8.0230675e-20)
(-0.015163443 -0.043812199 -3.2495199e-20)
(-0.010495612 -0.0374799 -7.4398927e-20)
(-0.0065526771 -0.030295928 1.6586748e-20)
(-0.0034615164 -0.022422888 2.4124347e-20)
(-0.0013247768 -0.014052593 -3.7488614e-20)
(-0.00019901129 -0.0053472895 -5.0084054e-21)
(2.1014545e-05 0.0011226115 -1.1036283e-21)
(6.9374635e-05 0.0015671476 -6.5738594e-23)
(0.00014301373 0.0020004978 -3.7727924e-21)
(0.0002403628 0.0024134222 1.2644643e-20)
(0.00035943725 0.0027967143 -8.9202195e-21)
(0.0004971878 0.0031411716 -2.7239688e-20)
(0.00064951165 0.0034380284 5.1581521e-21)
(0.000811265 0.0036793741 2.0424252e-20)
(0.00097648663 0.0038584816 -1.9241837e-20)
(0.0011386926 0.0039703657 4.3125185e-20)
(0.0012909445 0.0040119385 7.8449966e-22)
(0.001426463 0.0039829189 -2.6774786e-20)
(0.0015388194 0.0038852851 -4.3654838e-20)
(0.0016228856 0.0037246652 3.5450617e-20)
(0.0016747423 0.0035087581 -3.7318909e-20)
(0.0016924982 0.0032480438 -6.0048505e-20)
(0.001676765 0.0029554825 3.9336026e-20)
(0.0016311484 0.0026461388 -6.3076185e-20)
(0.0015620632 0.0023357951 -8.33656e-20)
(0.0014781317 0.002039317 5.4053351e-20)
(0.0013908612 0.0017712447 6.8864474e-20)
(0.0013137179 0.001544092 6.1641215e-20)
(0.0012630652 0.0013692619 5.061143e-20)
(0.0012578619 0.0012562199 1.1946602e-20)
(0.0013189397 0.0012114634 2.031771e-20)
(0.0014666385 0.00123645 -4.3443675e-21)
(0.0017118159 0.0013213065 3.921919e-20)
(0.0020491416 0.0014435439 -1.047806e-20)
(0.0024503415 0.0015687922 -8.2285798e-21)
(0.0028701715 0.0016607206 5.6679662e-20)
(0.0032659934 0.001695412 -7.3968717e-20)
(0.0036134394 0.0016670104 -2.225622e-21)
(0.003899838 0.0015795014 3.6712042e-20)
(0.0040821395 0.0014285125 1.9122848e-20)
(0.0040734365 0.0012054364 -6.0779379e-20)
(0.0037325966 0.00090654273 3.8466638e-21)
(0.0028846671 0.00055123745 1.1328846e-20)
(0.001312387 0.00019030137 2.1364615e-21)
(-0.0011829811 -7.4299252e-05 -3.0714274e-21)
(-0.0048137833 -0.0001003006 1.9200795e-21)
(-0.0099306282 0.00033464497 -3.5940181e-21)
(-0.016454559 0.0015318991 2.9287647e-20)
(-0.023822812 0.0036673917 -4.0763289e-20)
(-0.031586444 0.0068248463 1.5705818e-20)
(-0.039154214 0.010960572 -1.415247e-20)
(-0.04606766 0.015943583 9.068282e-20)
(-0.051904407 0.021544907 1.4568096e-20)
(-0.056410344 0.027506632 -1.2723578e-19)
(-0.059415413 0.033544425 1.077436e-19)
(-0.06089159 0.039396101 2.0375297e-21)
(-0.060843665 0.044788329 -3.2053781e-20)
(-0.059429441 0.04953838 2.8615884e-20)
(-0.056721915 0.05339479 -4.3577403e-20)
(-0.052939751 0.05622929 3.1628398e-21)
(-0.048333668 0.057975432 -4.2755299e-21)
(-0.043046919 0.058469538 5.3767238e-21)
(-0.037348293 0.057719137 -7.3281298e-22)
(-0.031448873 0.055697967 -5.4554639e-20)
(-0.025571338 0.052437659 8.0380113e-20)
(-0.019924663 0.047998882 8.4017094e-20)
(-0.014701881 0.042471761 3.3641037e-20)
(-0.010077439 0.03597694 7.635967e-20)
(-0.0062015774 0.028657427 -1.690516e-20)
(-0.0031964845 0.020680419 4.8471699e-20)
(-0.0011595531 0.012233675 3.7773861e-20)
(-0.00014470544 0.0035057446 5.0238557e-21)
)
;
    }
    frontAndBack
    {
        type            empty;
    }
}


// ************************************************************************* //
