/*--------------------------------*- C++ -*----------------------------------*\
  =========                 |
  \\      /  F ield         | OpenFOAM: The Open Source CFD Toolbox
   \\    /   O peration     | Website:  https://openfoam.org
    \\  /    A nd           | Version:  13
     \\/     M anipulation  |
\*---------------------------------------------------------------------------*/
FoamFile
{
    format      ascii;
    class       volVectorField;
    location    "49.403995";
    object      wallShearStress;
}
// * * * * * * * * * * * * * * * * * * * * * * * * * * * * * * * * * * * * * //

dimensions      [0 2 -2 0 0 0 0];

internalField   uniform (0 0 0);

boundaryField
{
    inlet
    {
        type            calculated;
        value           uniform (0 0 0);
    }
    outlet
    {
        type            calculated;
        value           uniform (0 0 0);
    }
    cylinder
    {
        type            calculated;
        value           nonuniform List<vector> 
132
(
(5.3769263e-05 -0.0036814174 -3.1914473e-22)
(0.00016561728 -0.003958474 9.0956538e-23)
(0.00029361229 -0.0042101863 5.0230506e-21)
(0.00043535539 -0.004430631 -1.6851184e-20)
(0.00058818559 -0.0046144699 1.1887232e-20)
(0.00074876489 -0.0047566988 3.6286251e-20)
(0.00091326254 -0.0048531646 -6.8663579e-21)
(0.0010774524 -0.0049006235 -2.7160401e-20)
(0.0012367821 -0.004897098 2.5554794e-20)
(0.0013865988 -0.0048419896 -5.7186284e-20)
(0.0015224286 -0.0047364153 -1.0385413e-21)
(0.0016401586 -0.0045830124 3.537899e-20)
(0.0017364346 -0.0043863459 5.7574199e-20)
(0.0018088775 -0.004152605 -4.6665667e-20)
(0.0018563992 -0.0038895675 4.9034848e-20)
(0.0018795103 -0.0036064623 7.8764794e-20)
(0.0018804009 -0.0033133817 -5.1515821e-20)
(0.0018633129 -0.0030213059 8.2494131e-20)
(0.0018344172 -0.0027412567 1.0890376e-19)
(0.0018023032 -0.0024845283 -7.0546564e-20)
(0.0017776775 -0.0022616835 -8.9814145e-20)
(0.0017741861 -0.0020831496 3.1597883e-23)
(0.0018074409 -0.0019574701 1.3009215e-20)
(0.0018955239 -0.0018916079 -1.5570731e-20)
(0.0020553675 -0.0018872249 -2.6489326e-20)
(0.0022995043 -0.0019388371 5.6671611e-21)
(0.0026313826 -0.0020320725 -5.1200127e-20)
(0.003039201 -0.0021423869 1.3691369e-20)
(0.0034915673 -0.0022368847 1.0762588e-20)
(0.0039419349 -0.0022821989 -7.420897e-20)
(0.0043489626 -0.0022587912 9.6944262e-20)
(0.0046771408 -0.0021589927 2.9375435e-21)
(0.0048826548 -0.0019791427 2.1203433e-20)
(0.0048809125 -0.0017101764 -2.5164309e-20)
(0.0045458822 -0.0013481903 8.0093457e-20)
(0.0037047543 -0.00090407956 -5.074098e-21)
(0.0021643141 -0.0004211047 2.0495531e-20)
(-0.00030865131 2.1176546e-05 -2.8159495e-21)
(-0.0039133935 0.0002920019 4.0368071e-21)
(-0.0087540115 0.00019863181 -2.512156e-21)
(-0.015221341 -0.00050292509 4.6701299e-21)
(-0.023140118 -0.002146691 -1.4304723e-22)
(-0.031748997 -0.0048804537 5.2025526e-20)
(-0.040583874 -0.0087624443 -1.9877829e-20)
(-0.04904174 -0.013723133 1.779383e-20)
(-0.056644301 -0.019599159 -1.1353093e-19)
(-0.06297289 -0.026134366 -1.8221666e-20)
(-0.067786484 -0.033049729 1.5960502e-19)
(-0.070910519 -0.040031011 -1.3623219e-19)
(-0.072327055 -0.046792241 -2.6139687e-21)
(-0.07205049 -0.053036199 4.2156058e-20)
(-0.070236676 -0.058545839 -3.9226171e-20)
(-0.066989134 -0.063059611 -8.0128124e-21)
(-0.062545707 -0.066432553 -5.5745658e-21)
(-0.057157457 -0.068560593 -1.1513689e-20)
(-0.051008158 -0.069285178 1.4672269e-21)
(-0.044385596 -0.068597897 3.9892059e-22)
(-0.037527326 -0.066467723 4.075787e-20)
(-0.030683303 -0.062926655 -6.7348469e-20)
(-0.024087955 -0.058037032 -7.4725801e-20)
(-0.017960044 -0.051896748 -3.1039506e-20)
(-0.012497363 -0.044635403 -7.2235762e-20)
(-0.0078727809 -0.03641221 1.6285555e-20)
(-0.0042270863 -0.02740751 2.3876666e-20)
(-0.0016764249 -0.01784707 -3.7319122e-20)
(-0.00027984478 -0.0078823354 -5.0068606e-21)
(-4.2015381e-05 -0.0033820286 -1.4661364e-21)
(-0.00012145746 -0.0030600537 -8.7174537e-23)
(-0.00018335768 -0.00271729 -4.9929017e-21)
(-0.00022600311 -0.0023584882 1.6696844e-20)
(-0.0002482474 -0.0019896985 -1.1751267e-20)
(-0.00024937608 -0.00161596 -3.5798757e-20)
(-0.00022960876 -0.0012446739 6.762802e-21)
(-0.00018962987 -0.0008817611 2.6717303e-20)
(-0.00013085386 -0.00053357533 -2.5118192e-20)
(-5.5252908e-05 -0.00020598298 5.6193533e-20)
(3.4306416e-05 9.5955096e-05 1.0207312e-21)
(0.00013490993 0.00036807264 -3.4801036e-20)
(0.0002434397 0.00060726476 -5.6707183e-20)
(0.00035652734 0.00081187502 4.6044844e-20)
(0.00047126774 0.00098167352 -4.8489011e-20)
(0.00058533044 0.0011180963 -7.8086203e-20)
(0.00069721341 0.0012240189 5.1215002e-20)
(0.000806813 0.0013041368 -8.2254651e-20)
(0.00091534275 0.0013641012 -1.0891435e-19)
(0.0010263343 0.0014113922 7.0761901e-20)
(0.0011447652 0.0014533114 9.0342244e-20)
(0.0012783389 0.001498162 8.1037424e-20)
(0.0014359369 0.0015527953 6.6675451e-20)
(0.00162673 0.0016216192 1.5769687e-20)
(0.0018590206 0.0017058668 2.6869791e-20)
(0.0021361183 0.0018006824 -5.7550796e-21)
(0.0024553874 0.0018963166 5.2029257e-20)
(0.0028076719 0.0019796459 -1.3915746e-20)
(0.0031767969 0.002035736 -1.0935827e-20)
(0.0035396295 0.0020496587 7.5356937e-20)
(0.0038740812 0.0020123731 -9.8364417e-20)
(0.0041446168 0.0019134081 -2.9605579e-21)
(0.0042903091 0.0017394923 4.8857367e-20)
(0.0042102855 0.0014760907 2.5461227e-20)
(0.0037700063 0.0011197237 -8.0937546e-20)
(0.0027933702 0.00068481262 5.1193618e-21)
(0.0010919656 0.00022040213 1.5048562e-20)
(-0.0015581267 -0.0001884363 2.8273413e-21)
(-0.0053552174 -0.00040786228 -4.0386866e-21)
(-0.010341196 -0.00024250395 2.5022349e-21)
(-0.016914018 0.00055454406 -4.6258944e-21)
(-0.024843016 0.002301354 3.711035e-20)
(-0.033351446 0.0051237281 -5.0793057e-20)
(-0.041989152 0.0090629227 1.9245918e-20)
(-0.050125994 0.014024303 -1.7073709e-20)
(-0.057348155 0.019840648 1.0790657e-19)
(-0.063259047 0.026249976 1.7134453e-20)
(-0.067639113 0.032974801 -1.4831231e-19)
(-0.070342494 0.039707288 1.2480559e-19)
(-0.071374599 0.046172963 2.3533206e-21)
(-0.070737154 0.052066284 -3.7064714e-20)
(-0.068650263 0.057220267 3.3368159e-20)
(-0.065140472 0.061315436 -5.1867746e-20)
(-0.060499394 0.064255302 4.0060901e-21)
(-0.055021751 0.065994388 -7.7539197e-21)
(-0.048800322 0.066280951 3.6630754e-21)
(-0.042181451 0.065185191 -6.6572168e-22)
(-0.035380306 0.062657313 -5.2483104e-20)
(-0.028648023 0.058742954 7.9106403e-20)
(-0.022214835 0.053511272 8.3622382e-20)
(-0.016293767 0.047064408 3.3684547e-20)
(-0.011077826 0.039539607 7.6698159e-20)
(-0.006732734 0.031097661 -1.7002401e-20)
(-0.0033928674 0.021926875 4.8751428e-20)
(-0.0011662459 0.012234375 3.7953081e-20)
(-0.00011395912 0.0022540314 5.0377681e-21)
)
;
    }
    frontAndBack
    {
        type            empty;
    }
}


// ************************************************************************* //
