/*--------------------------------*- C++ -*----------------------------------*\
  =========                 |
  \\      /  F ield         | OpenFOAM: The Open Source CFD Toolbox
   \\    /   O peration     | Website:  https://openfoam.org
    \\  /    A nd           | Version:  13
     \\/     M anipulation  |
\*---------------------------------------------------------------------------*/
FoamFile
{
    format      ascii;
    class       volVectorField;
    location    "34.896617";
    object      wallShearStress;
}
// * * * * * * * * * * * * * * * * * * * * * * * * * * * * * * * * * * * * * //

dimensions      [0 2 -2 0 0 0 0];

internalField   uniform (0 0 0);

boundaryField
{
    inlet
    {
        type            calculated;
        value           uniform (0 0 0);
    }
    outlet
    {
        type            calculated;
        value           uniform (0 0 0);
    }
    cylinder
    {
        type            calculated;
        value           nonuniform List<vector> 
132
(
(-5.7347291e-06 0.00068695153 -2.5943741e-22)
(-1.2814264e-05 0.00040696114 7.3696117e-23)
(-5.1831339e-06 0.00012568053 4.0577745e-21)
(1.8283066e-05 -0.00015237906 -1.3572749e-20)
(5.660147e-05 -0.00042270123 9.548222e-21)
(0.00010964563 -0.00068051539 2.9072594e-20)
(0.00017570952 -0.00092117674 -5.488954e-21)
(0.0002529461 -0.0011403397 -2.1670166e-20)
(0.00033903886 -0.0013340437 2.0357081e-20)
(0.0004312744 -0.0014989204 -4.5500694e-20)
(0.00052664109 -0.0016324002 -8.2565279e-22)
(0.00062194737 -0.0017328316 2.811576e-20)
(0.0007141282 -0.0017996847 4.5753106e-20)
(0.00080023897 -0.0018334957 -3.7096559e-20)
(0.00087786121 -0.0018362586 3.9004943e-20)
(0.00094509322 -0.00181088 6.2710824e-20)
(0.0010011481 -0.0017618881 -4.1061484e-20)
(0.0010460309 -0.0016942696 6.5836437e-20)
(0.0010813404 -0.0016143853 8.7029316e-20)
(0.0011100761 -0.0015290719 -5.6452758e-20)
(0.0011370277 -0.0014457054 -7.1963232e-20)
(0.0011690367 -0.001372018 2.5343271e-23)
(0.0012149379 -0.0013154701 1.0445803e-20)
(0.0012858012 -0.0012830715 -1.2511569e-20)
(0.0013945218 -0.0012805125 -2.1292929e-20)
(0.0015540344 -0.0013103879 4.5553795e-21)
(0.0017744447 -0.0013703003 -4.1136185e-20)
(0.0020584237 -0.0014507967 1.0989915e-20)
(0.0023996405 -0.0015368155 8.6267652e-21)
(0.0027776844 -0.0016073557 -5.937678e-20)
(0.003162081 -0.0016413425 7.7409871e-20)
(0.0035242819 -0.0016256239 2.3401751e-21)
(0.0038376231 -0.0015539969 1.6846225e-20)
(0.0040596884 -0.0014202678 -1.9931204e-20)
(0.004109826 -0.001215665 6.3226399e-20)
(0.003854325 -0.00093524697 -3.9921591e-21)
(0.0031271446 -0.00059593551 1.6078373e-20)
(0.0017151466 -0.00024346622 -2.2047516e-21)
(-0.00058763356 2.7102194e-05 3.1603076e-21)
(-0.0040131848 8.0373125e-05 -1.9700766e-21)
(-0.0089087044 -0.00030247915 3.6792467e-21)
(-0.015247714 -0.0014214043 -1.1355392e-22)
(-0.02250535 -0.0034664137 4.1680446e-20)
(-0.030239501 -0.0065357073 -1.6080943e-20)
(-0.037883123 -0.010606485 1.4527268e-20)
(-0.044939053 -0.015554571 -9.3412614e-20)
(-0.050971235 -0.021159706 -1.5078352e-20)
(-0.055707285 -0.027165898 1.3246989e-19)
(-0.058952676 -0.033285219 -1.1303261e-19)
(-0.060666884 -0.03925272 -2.1588366e-21)
(-0.060845582 -0.044791721 3.4439054e-20)
(-0.059628771 -0.04970651 -3.1392065e-20)
(-0.057102554 -0.053755243 -6.1580996e-21)
(-0.053468385 -0.056792862 -3.9198507e-21)
(-0.048964381 -0.058734228 -5.962515e-21)
(-0.043757044 -0.059436641 -2.8615783e-21)
(-0.038101439 -0.058885953 6.0088947e-22)
(-0.032213075 -0.057054812 4.8706915e-20)
(-0.026316338 -0.053969517 -7.4461242e-20)
(-0.020622431 -0.049685071 -7.9488745e-20)
(-0.015328163 -0.044288073 -3.2274765e-20)
(-0.010611654 -0.037894355 -7.4003986e-20)
(-0.0066280476 -0.0306447 1.6512952e-20)
(-0.0035044984 -0.022702082 2.4027468e-20)
(-0.0013440829 -0.014259776 -3.734154e-20)
(-0.00020325538 -0.0054771876 -4.9877113e-21)
(1.6648845e-05 0.00096388539 -1.1956958e-21)
(5.3979586e-05 0.0012382038 -7.1328611e-23)
(0.00010723641 0.0015081456 -4.0991438e-21)
(0.00017577513 0.0017688797 1.3753979e-20)
(0.00025878689 0.0020154804 -9.7119503e-21)
(0.00035489123 0.0022428769 -2.9680178e-20)
(0.00046212594 0.0024461002 5.6237511e-21)
(0.00057787774 0.0026204633 2.2278831e-20)
(0.0006991547 0.002761773 -2.0997434e-20)
(0.00082245207 0.0028664993 4.7076114e-20)
(0.00094396551 0.0029321326 8.5664508e-22)
(0.0010597206 0.0029572114 -2.9247475e-20)
(0.0011658922 0.0029418193 -4.7705154e-20)
(0.0012589012 0.0028872666 3.8758086e-20)
(0.0013359889 0.0027968958 -4.0823419e-20)
(0.0013950789 0.0026750525 -6.5730864e-20)
(0.0014354911 0.0025279503 4.3090537e-20)
(0.0014578744 0.0023627982 -6.9154538e-20)
(0.0014647111 0.0021880357 -9.1480451e-20)
(0.0014605881 0.0020130487 5.9369899e-20)
(0.0014519338 0.0018471568 7.5707597e-20)
(0.0014477154 0.0017000323 6.7827894e-20)
(0.001459194 0.0015807738 5.5739048e-20)
(0.0015000684 0.0014975919 1.3167614e-20)
(0.0015858017 0.0014567241 2.2410736e-20)
(0.0017312472 0.0014602444 -4.7949559e-21)
(0.0019476233 0.0015043409 4.3307309e-20)
(0.0022361794 0.0015763094 -1.1573603e-20)
(0.0025861933 0.0016565001 -9.0893619e-21)
(0.0029706707 0.0017192612 6.2603048e-20)
(0.0033540488 0.0017412578 -8.168439e-20)
(0.0037030374 0.0017084176 -2.4574924e-21)
(0.0039840473 0.00161376 4.0532723e-20)
(0.0041419419 0.0014497431 2.1109838e-20)
(0.0040791215 0.0012076576 -6.7080387e-20)
(0.0036450169 0.00088617159 4.2435787e-21)
(0.002663309 0.0005106493 1.248883e-20)
(0.00090746059 0.00013707712 2.352565e-21)
(-0.0018164943 -0.00012709554 -3.3764542e-21)
(-0.0056972815 -0.00012215834 2.1060599e-21)
(-0.011098388 0.00037168388 -3.9302617e-21)
(-0.01789203 0.0016639064 3.1906413e-20)
(-0.025466239 0.0039186101 -4.4227553e-20)
(-0.03335962 0.0072062178 1.6971237e-20)
(-0.04097295 0.011468236 -1.5236353e-20)
(-0.047875302 0.016567843 9.7330486e-20)
(-0.053642041 0.022264418 1.5599131e-20)
(-0.058037468 0.028298422 -1.3607674e-19)
(-0.060909933 0.034386695 1.1523362e-19)
(-0.062238155 0.040265955 2.1832153e-21)
(-0.0620391 0.045667086 -3.4501802e-20)
(-0.060474784 0.050408627 3.1083606e-20)
(-0.057621197 0.054240312 -4.8254904e-20)
(-0.053702794 0.057038853 3.679386e-21)
(-0.048972402 0.058740762 -6.6737222e-21)
(-0.043569858 0.059179067 4.014205e-21)
(-0.03776762 0.058366466 -6.6816808e-22)
(-0.031776251 0.056277095 -5.193967e-20)
(-0.025818536 0.05294391 7.7934905e-20)
(-0.020103437 0.048428876 8.2264143e-20)
(-0.014823672 0.042822869 3.3135982e-20)
(-0.010153492 0.036247594 7.5505978e-20)
(-0.0062427815 0.028846682 -1.6760375e-20)
(-0.0032134456 0.020788237 4.814482e-20)
(-0.0011624734 0.012260225 3.7566864e-20)
(-0.00014360852 0.0034544211 5.0005712e-21)
)
;
    }
    frontAndBack
    {
        type            empty;
    }
}


// ************************************************************************* //
