/*--------------------------------*- C++ -*----------------------------------*\
  =========                 |
  \\      /  F ield         | OpenFOAM: The Open Source CFD Toolbox
   \\    /   O peration     | Website:  https://openfoam.org
    \\  /    A nd           | Version:  13
     \\/     M anipulation  |
\*---------------------------------------------------------------------------*/
FoamFile
{
    format      ascii;
    class       volVectorField;
    location    "25.399043";
    object      wallShearStress;
}
// * * * * * * * * * * * * * * * * * * * * * * * * * * * * * * * * * * * * * //

dimensions      [0 2 -2 0 0 0 0];

internalField   uniform (0 0 0);

boundaryField
{
    inlet
    {
        type            calculated;
        value           uniform (0 0 0);
    }
    outlet
    {
        type            calculated;
        value           uniform (0 0 0);
    }
    cylinder
    {
        type            calculated;
        value           nonuniform List<vector> 
132
(
(1.1854725e-05 -0.00053977194 -2.442721e-22)
(4.2067459e-05 -0.00091895583 6.9631875e-23)
(9.3793857e-05 -0.0012962312 3.8474391e-21)
(0.00016676961 -0.0016646622 -1.2917259e-20)
(0.00026010787 -0.0020169092 9.121948e-21)
(0.00037208108 -0.0023454269 2.7883908e-20)
(0.00050008844 -0.0026427335 -5.2854634e-21)
(0.00064062435 -0.0029016518 -2.0949643e-20)
(0.00078935568 -0.0031157197 1.9757437e-20)
(0.00094136918 -0.0032793419 -4.4328893e-20)
(0.0010911864 -0.0033883826 -8.072977e-22)
(0.0012330085 -0.0034401932 2.7586665e-20)
(0.0013612032 -0.0034344145 4.5035282e-20)
(0.0014704451 -0.0033725203 -3.6620254e-20)
(0.0015565159 -0.003258892 3.8602848e-20)
(0.0016163459 -0.0030998559 6.2201937e-20)
(0.0016482399 -0.0029032992 -4.0803989e-20)
(0.0016529263 -0.0026797358 6.5522118e-20)
(0.0016336357 -0.0024412795 8.6714866e-20)
(0.0015959958 -0.0022006265 -5.6296883e-20)
(0.0015477946 -0.0019700862 -7.1806664e-20)
(0.0014995906 -0.001761908 2.527347e-23)
(0.0014644302 -0.0015873404 1.0428549e-20)
(0.00145816 -0.0014565182 -1.2491185e-20)
(0.0014988055 -0.0013773777 -2.1256751e-20)
(0.001604745 -0.0013538645 4.5470425e-21)
(0.0017905769 -0.0013831157 -4.1056071e-20)
(0.0020588044 -0.0014511619 1.0968035e-20)
(0.0023992261 -0.0015365082 8.6102426e-21)
(0.0027843165 -0.0016111273 -5.9277073e-20)
(0.0031751094 -0.001648089 7.7308836e-20)
(0.003536583 -0.0016313404 2.3381826e-21)
(0.0038435189 -0.0015564471 1.6839917e-20)
(0.0040583295 -0.001419849 -1.9933284e-20)
(0.0041015694 -0.0012132718 6.3263527e-20)
(0.0038401289 -0.00093184583 -3.9964117e-21)
(0.0031094246 -0.00059260475 1.6102942e-20)
(0.0016978293 -0.00024109906 -2.2090575e-21)
(-0.00059874097 2.8133287e-05 3.1676143e-21)
(-0.0040099005 8.0438306e-05 -1.975193e-21)
(-0.0088816951 -0.00030150775 3.6895419e-21)
(-0.015188888 -0.0014158441 -1.1388457e-22)
(-0.02240967 -0.0034516096 4.1805288e-20)
(-0.03010729 -0.0065070856 -1.6130421e-20)
(-0.037719395 -0.01056062 1.4573805e-20)
(-0.044751793 -0.015489727 -9.3730388e-20)
(-0.050770057 -0.021076233 -1.5134333e-20)
(-0.055501744 -0.027065737 1.3301993e-19)
(-0.058751802 -0.033171902 -1.1357222e-19)
(-0.060477758 -0.039130475 -2.1710092e-21)
(-0.060674508 -0.044665935 3.4676694e-20)
(-0.059478954 -0.049581798 -3.16682e-20)
(-0.05697817 -0.05363837 -6.2332124e-21)
(-0.053369945 -0.056688532 -3.9954321e-21)
(-0.048890648 -0.058646067 -6.2498503e-21)
(-0.043708825 -0.059371489 -2.610259e-21)
(-0.038076493 -0.058847819 5.8783934e-22)
(-0.032209085 -0.057048272 4.8141538e-20)
(-0.02633022 -0.053998667 -7.3913594e-20)
(-0.020650493 -0.049753591 -7.9102403e-20)
(-0.015366266 -0.044399444 -3.2174791e-20)
(-0.010655124 -0.0380515 -7.3879908e-20)
(-0.0066718692 -0.030850453 1.650615e-20)
(-0.003543233 -0.022958483 2.4047173e-20)
(-0.001371976 -0.014570114 -3.7419432e-20)
(-0.00021370496 -0.0058400911 -5.005047e-21)
(2.2929505e-06 -0.00016170566 -1.1221434e-21)
(1.3263653e-05 0.00021545938 -6.6732365e-23)
(4.480403e-05 0.00058864813 -3.8233591e-21)
(9.6897831e-05 0.00095113015 1.2791724e-20)
(0.00016832885 0.0012958377 -9.0079344e-21)
(0.00025724967 0.0016157656 -2.7458652e-20)
(0.00036102034 0.0019041294 5.1905411e-21)
(0.00047624643 0.0021546615 2.051802e-20)
(0.00059886671 0.0023619076 -1.9299667e-20)
(0.00072419828 0.002521539 4.3192824e-20)
(0.00084741901 0.0026306194 7.8474359e-22)
(0.00096352714 0.0026878215 -2.675446e-20)
(0.0010677808 0.0026938001 -4.3584802e-20)
(0.0011559678 0.0026510967 3.5372199e-20)
(0.001224868 0.0025644364 -3.7222276e-20)
(0.0012724449 0.0024402566 -5.9884182e-20)
(0.0012982978 0.0022868141 3.9230891e-20)
(0.0013039987 0.0021139216 -6.2923596e-20)
(0.0012930749 0.0019321484 -8.3197945e-20)
(0.0012713704 0.0017527127 5.3972807e-20)
(0.0012468756 0.0015866328 6.8802841e-20)
(0.0012298419 0.0014443931 6.1625114e-20)
(0.0012331731 0.0013359419 5.0630562e-20)
(0.0012720772 0.0012697856 1.1958571e-20)
(0.0013636156 0.0012522189 2.0349751e-20)
(0.0015239798 0.0012848652 -4.3534237e-21)
(0.0017618348 0.0013602259 3.931599e-20)
(0.0020765243 0.0014632188 -1.0506266e-20)
(0.0024472977 0.0015671668 -8.251172e-21)
(0.0028398854 0.0016433712 5.6828919e-20)
(0.0032218136 0.0016725065 -7.414804e-20)
(0.0035672359 0.0016456599 -2.2305643e-21)
(0.0038547457 0.0015612145 3.6787129e-20)
(0.0040353 0.0014121428 1.9158934e-20)
(0.0040203287 0.0011897973 -6.0883618e-20)
(0.0036694677 0.00089136489 3.8524577e-21)
(0.0028081446 0.00053693731 1.1343041e-20)
(0.0012188348 0.00017781083 2.1384664e-21)
(-0.0012960575 -8.377439e-05 -3.0730948e-21)
(-0.0049446688 -0.00010368695 1.9202122e-21)
(-0.010079183 0.00033923209 -3.5921301e-21)
(-0.016614143 0.0015464463 2.9250475e-20)
(-0.023983151 0.0036917897 -4.0679094e-20)
(-0.031737406 0.0068571896 1.5659555e-20)
(-0.039283349 0.010996514 -1.4097577e-20)
(-0.046168706 0.015978366 9.0242856e-20)
(-0.051972755 0.021572992 1.4481506e-20)
(-0.056443644 0.027522598 -1.2632608e-19)
(-0.059414675 0.033543745 1.0681639e-19)
(-0.06085878 0.039374617 2.0162602e-21)
(-0.060782091 0.044742747 -3.1637796e-20)
(-0.059343579 0.049466545 2.813446e-20)
(-0.056614621 0.053293503 -4.2536301e-20)
(-0.052816728 0.056098337 3.0337521e-21)
(-0.048200721 0.057815634 -3.6040823e-21)
(-0.04290658 0.058278525 5.8001639e-21)
(-0.037205198 0.057497523 -7.5492728e-22)
(-0.031306856 0.055445857 -5.5531279e-20)
(-0.025434082 0.052155432 8.1365491e-20)
(-0.019795703 0.047687181 8.4768224e-20)
(-0.014584519 0.042131243 3.3866274e-20)
(-0.0099748444 0.035608415 7.6743283e-20)
(-0.006116776 0.02826175 -1.6967323e-20)
(-0.0031323491 0.020258547 4.8593553e-20)
(-0.001118907 0.011785505 3.7828525e-20)
(-0.00013105371 0.0030375247 5.0259462e-21)
)
;
    }
    frontAndBack
    {
        type            empty;
    }
}


// ************************************************************************* //
