/*--------------------------------*- C++ -*----------------------------------*\
  =========                 |
  \\      /  F ield         | OpenFOAM: The Open Source CFD Toolbox
   \\    /   O peration     | Website:  https://openfoam.org
    \\  /    A nd           | Version:  13
     \\/     M anipulation  |
\*---------------------------------------------------------------------------*/
FoamFile
{
    format      ascii;
    class       volVectorField;
    location    "21.896424";
    object      wallShearStress;
}
// * * * * * * * * * * * * * * * * * * * * * * * * * * * * * * * * * * * * * //

dimensions      [0 2 -2 0 0 0 0];

internalField   uniform (0 0 0);

boundaryField
{
    inlet
    {
        type            calculated;
        value           uniform (0 0 0);
    }
    outlet
    {
        type            calculated;
        value           uniform (0 0 0);
    }
    cylinder
    {
        type            calculated;
        value           nonuniform List<vector> 
132
(
(1.1654711e-05 -0.00015189927 -2.2004869e-22)
(4.9690306e-05 -0.00098305448 6.2450066e-23)
(0.00013277484 -0.0017933619 3.4380746e-21)
(0.00025866175 -0.002562427 -1.1503537e-20)
(0.00042278847 -0.0032694029 8.0991071e-21)
(0.0006182248 -0.0038939747 2.469138e-20)
(0.0008357606 -0.0044172993 -4.6692022e-21)
(0.0010641655 -0.004823031 -1.8466973e-20)
(0.0012904627 -0.005098438 1.738058e-20)
(0.0015011045 -0.0052354161 -3.8917848e-20)
(0.0016823518 -0.0052312904 -7.0731921e-22)
(0.0018213811 -0.0050896957 2.4115844e-20)
(0.0019074719 -0.004820992 3.9274721e-20)
(0.0019333183 -0.0044425826 -3.1852051e-20)
(0.0018960473 -0.0039781406 3.3480756e-20)
(0.0017971839 -0.0034547338 5.3784679e-20)
(0.0016445484 -0.0029043376 -3.5170376e-20)
(0.001450033 -0.0023575189 5.6294525e-20)
(0.0012299883 -0.0018438279 7.4266251e-20)
(0.0010031036 -0.0013878316 -4.8069222e-20)
(0.00079093955 -0.0010102945 -6.1137926e-20)
(0.00061550355 -0.00072543872 2.1483343e-23)
(0.00050631506 -0.00054968183 8.8354126e-21)
(0.00049274766 -0.00049144311 -1.0561855e-20)
(0.00061771848 -0.00056522212 -1.7942938e-20)
(0.00090290482 -0.00075782419 3.8343735e-21)
(0.0013603157 -0.0010462564 -3.4608174e-20)
(0.001939261 -0.0013632324 9.2530856e-21)
(0.0025434531 -0.0016267369 7.2751965e-21)
(0.0030902882 -0.0017876214 -5.0195438e-20)
(0.0035135743 -0.0018242853 6.5605517e-20)
(0.0038211237 -0.0017634936 1.9880944e-21)
(0.0040423824 -0.0016378222 1.4343842e-20)
(0.0041756765 -0.0014616139 -1.7012346e-20)
(0.0041364628 -0.0012242835 5.4117013e-20)
(0.0037810271 -0.00091833808 -3.427652e-21)
(0.0029390931 -0.00056138847 1.3850159e-20)
(0.0014077768 -0.00020281794 -1.9054215e-21)
(-0.0010039596 6.0045981e-05 2.7393792e-21)
(-0.0045141073 9.3174653e-05 -1.7122926e-21)
(-0.0094589419 -0.00031944188 3.2051867e-21)
(-0.01585012 -0.0014764862 -9.9141081e-23)
(-0.023187012 -0.0035706792 3.6447648e-20)
(-0.03105851 -0.0067124076 -1.4085091e-20)
(-0.038919664 -0.010896813 1.2743272e-20)
(-0.046276804 -0.016017937 -8.2035928e-20)
(-0.052670445 -0.021866179 -1.324828e-20)
(-0.057791345 -0.028183624 1.1630798e-19)
(-0.061407381 -0.034672822 -9.8985892e-20)
(-0.063439719 -0.041048591 -1.8801791e-21)
(-0.063861557 -0.047013784 2.9683781e-20)
(-0.062787254 -0.052341194 -2.6539639e-20)
(-0.060303377 -0.056770254 -5.0090476e-21)
(-0.05661845 -0.06014051 -2.8935826e-21)
(-0.05196661 -0.062337094 -2.5097173e-21)
(-0.046531799 -0.063207191 -5.5692082e-21)
(-0.040585992 -0.062727246 7.2868624e-22)
(-0.034362449 -0.060863023 5.3834942e-20)
(-0.028105388 -0.057639717 -7.9204008e-20)
(-0.022045193 -0.053114033 -8.2841462e-20)
(-0.01639729 -0.047378197 -3.3224565e-20)
(-0.011356936 -0.040556759 -7.5579296e-20)
(-0.0070944831 -0.032802162 1.6775033e-20)
(-0.0037493961 -0.024291295 2.4321013e-20)
(-0.0014358665 -0.015234803 -3.7708307e-20)
(-0.00021580063 -0.0058058507 -5.0295083e-21)
(1.9041021e-05 0.00068814305 -1.015577e-21)
(7.2549553e-05 0.0015328686 -6.0706906e-23)
(0.000173131 0.0023707418 -3.4977022e-21)
(0.00031980188 0.0031814328 1.177377e-20)
(0.00050926801 0.0039436701 -8.3450564e-21)
(0.00073579473 0.0046361044 -2.5611189e-20)
(0.00099119164 0.0052381468 4.875176e-21)
(0.0012648183 0.0057309593 1.9407141e-20)
(0.0015441761 0.0060985161 -1.8381783e-20)
(0.0018154132 0.0063285699 4.1414303e-20)
(0.0020638343 0.0064138922 7.5712387e-22)
(0.0022749685 0.0063531698 -2.5963874e-20)
(0.0024356776 0.0061516391 -4.2514002e-20)
(0.0025356261 0.0058220678 3.46555e-20)
(0.002567548 0.0053823355 -3.6601066e-20)
(0.0025297551 0.004858159 -5.9052924e-20)
(0.0024261502 0.0042798509 3.8767717e-20)
(0.0022660905 0.0036796876 -6.2268774e-20)
(0.0020647003 0.0030907973 -8.2399735e-20)
(0.0018406114 0.0025425692 5.3473389e-20)
(0.0016164369 0.002061244 6.8164342e-20)
(0.0014172407 0.0016678853 6.1035591e-20)
(0.0012715082 0.0013797851 5.0123162e-20)
(0.0012113812 0.0012103116 1.1832383e-20)
(0.0012694687 0.0011655813 2.0125027e-20)
(0.0014723612 0.0012401929 -4.304068e-21)
(0.0018176087 0.0014017549 3.887493e-20)
(0.0022766138 0.00160292 -1.0394972e-20)
(0.0027802177 0.0017797567 -8.1740314e-21)
(0.0032472649 0.0018792778 5.6393842e-20)
(0.0036298626 0.00188504 -7.3724263e-20)
(0.0039189347 0.0018088355 -2.222179e-21)
(0.0041189486 0.0016692345 3.6724233e-20)
(0.0041787925 0.0014635438 1.916808e-20)
(0.0039933172 0.0011833465 -6.1050375e-20)
(0.0034094311 0.00083042031 3.8711304e-21)
(0.0022531814 0.00043472841 1.1417014e-20)
(0.00031119687 5.7959534e-05 2.1543504e-21)
(-0.0025988257 -0.00018867841 -3.0952332e-21)
(-0.0066345405 -0.0001461676 1.931382e-21)
(-0.012160947 0.00040457108 -3.603107e-21)
(-0.019088817 0.0017734194 2.9227186e-20)
(-0.026810978 0.0041241549 -4.047558e-20)
(-0.034894464 0.0075368882 1.551887e-20)
(-0.042761061 0.011968358 -1.3923969e-20)
(-0.049967619 0.017291717 8.8892958e-20)
(-0.056075083 0.023274802 1.4236729e-20)
(-0.060816376 0.02965428 -1.2402093e-19)
(-0.064000725 0.036132764 1.0476547e-19)
(-0.065582806 0.042431157 1.9761498e-21)
(-0.065551569 0.04825404 -3.0983437e-20)
(-0.064062839 0.053400869 2.7520037e-20)
(-0.061179709 0.057591467 -4.1499476e-20)
(-0.057141559 0.060692677 2.9392264e-21)
(-0.052208262 0.062623426 -3.2681802e-21)
(-0.046524391 0.06319339 5.9190651e-21)
(-0.040388437 0.062417971 -7.568927e-22)
(-0.0340246 0.060260245 -5.5445779e-20)
(-0.027676642 0.056755394 8.1130681e-20)
(-0.021571808 0.051967402 8.4496263e-20)
(-0.015920858 0.04599376 3.3764757e-20)
(-0.010914448 0.03896568 7.6556113e-20)
(-0.0067167999 0.031038928 -1.694016e-20)
(-0.0034613102 0.022396189 4.8569467e-20)
(-0.0012549732 0.01324242 3.7863077e-20)
(-0.00015624801 0.0037861711 5.0393311e-21)
)
;
    }
    frontAndBack
    {
        type            empty;
    }
}


// ************************************************************************* //
