/*--------------------------------*- C++ -*----------------------------------*\
  =========                 |
  \\      /  F ield         | OpenFOAM: The Open Source CFD Toolbox
   \\    /   O peration     | Website:  https://openfoam.org
    \\  /    A nd           | Version:  13
     \\/     M anipulation  |
\*---------------------------------------------------------------------------*/
FoamFile
{
    format      ascii;
    class       volVectorField;
    location    "36.700814";
    object      wallShearStress;
}
// * * * * * * * * * * * * * * * * * * * * * * * * * * * * * * * * * * * * * //

dimensions      [0 2 -2 0 0 0 0];

internalField   uniform (0 0 0);

boundaryField
{
    inlet
    {
        type            calculated;
        value           uniform (0 0 0);
    }
    outlet
    {
        type            calculated;
        value           uniform (0 0 0);
    }
    cylinder
    {
        type            calculated;
        value           nonuniform List<vector> 
132
(
(-8.8983376e-06 0.00093192167 -2.7469632e-22)
(-2.2083793e-05 0.00063009296 7.8298612e-23)
(-1.7797105e-05 0.00031728358 4.3249826e-21)
(4.0881212e-06 -1.2654823e-06 -1.4515195e-20)
(4.437345e-05 -0.00032096568 1.0245806e-20)
(0.00010344293 -0.00063617183 3.1302844e-20)
(0.00018024554 -0.00094081851 -5.9302047e-21)
(0.00027330191 -0.0012288387 -2.3491945e-20)
(0.00038045061 -0.0014942393 2.2143271e-20)
(0.00049878918 -0.0017314278 -4.965903e-20)
(0.00062492369 -0.001935385 -9.0404183e-22)
(0.00075497182 -0.0021020228 3.0885759e-20)
(0.00088473237 -0.0022283828 5.0417632e-20)
(0.0010100065 -0.0023130401 -4.100108e-20)
(0.0011268077 -0.0023560791 4.323317e-20)
(0.0012318751 -0.00235962 6.9694566e-20)
(0.0013227898 -0.0023273216 -4.574748e-20)
(0.0013987964 -0.0022651689 7.3515681e-20)
(0.0014605764 -0.0021802162 9.7378733e-20)
(0.0015113524 -0.0020815773 -6.3279869e-20)
(0.001556685 -0.0019791725 -8.0793307e-20)
(0.0016049448 -0.0018836002 2.8475342e-23)
(0.0016673968 -0.0018054636 1.1757101e-20)
(0.0017573906 -0.0017538716 -1.4096328e-20)
(0.0018893946 -0.0017352848 -2.40118e-20)
(0.0020754479 -0.0017505671 5.1414194e-21)
(0.0023238032 -0.0017951937 -4.6468408e-20)
(0.0026339896 -0.0018572405 1.2425904e-20)
(0.002991078 -0.0019164814 9.7643534e-21)
(0.0033677987 -0.0019497542 -6.7285882e-20)
(0.0037343989 -0.0019393347 8.7836697e-20)
(0.0040541207 -0.0018710375 2.6594649e-21)
(0.0042795415 -0.0017342556 1.9178774e-20)
(0.004334844 -0.0015183449 -2.273596e-20)
(0.0041099798 -0.0012182559 7.2265188e-20)
(0.0034514023 -0.00084123531 -4.5706109e-21)
(0.002182048 -0.00042226621 1.8427244e-20)
(8.1877145e-05 -2.8330076e-05 -2.5266749e-21)
(-0.0030358775 0.00022282304 3.6151788e-21)
(-0.00731669 0.0001630104 -2.2457255e-21)
(-0.013135098 -0.00043587445 4.1689518e-21)
(-0.020378135 -0.0018922716 -1.2760164e-22)
(-0.028395626 -0.0043669418 4.6397894e-20)
(-0.036730641 -0.0079325197 -1.7729252e-20)
(-0.044807901 -0.012540431 1.5874163e-20)
(-0.05218818 -0.01805942 -1.0129168e-19)
(-0.058415148 -0.024245246 -1.6245446e-20)
(-0.063232714 -0.030831814 1.4206902e-19)
(-0.066456668 -0.037518796 -1.208627e-19)
(-0.068039519 -0.044020307 -2.3062928e-21)
(-0.067985923 -0.050045939 3.6848245e-20)
(-0.066436167 -0.055379331 -3.376298e-20)
(-0.063479754 -0.059757169 -6.7048374e-21)
(-0.059345569 -0.063034371 -4.3994846e-21)
(-0.054281048 -0.065110807 -7.5473333e-21)
(-0.048456575 -0.065819411 -1.633981e-21)
(-0.042158567 -0.065155672 5.4366012e-22)
(-0.035617679 -0.063084477 4.6435394e-20)
(-0.029079754 -0.059636383 -7.2391223e-20)
(-0.02277525 -0.054871559 -7.8058097e-20)
(-0.016919189 -0.048884912 -3.1884303e-20)
(-0.011706555 -0.041804174 -7.339655e-20)
(-0.0073070397 -0.033783947 1.6422565e-20)
(-0.0038595777 -0.025003835 2.3944707e-20)
(-0.0014775835 -0.015676261 -3.7271999e-20)
(-0.00022221397 -0.0059791903 -4.9848492e-21)
(2.0258035e-05 0.0012217355 -1.2618822e-21)
(6.4718068e-05 0.0015004252 -7.5029535e-23)
(0.00012488738 0.0017657424 -4.2973045e-21)
(0.00019935418 0.0020128374 1.4369827e-20)
(0.00028657619 0.0022371401 -1.0111961e-20)
(0.0003844984 0.002434313 -3.0795816e-20)
(0.00049060624 0.0026005336 5.8149133e-21)
(0.00060198118 0.0027325841 2.2956473e-20)
(0.00071538244 0.0028281236 -2.156187e-20)
(0.00082743075 0.0028857348 4.8178379e-20)
(0.00093478843 0.002905188 8.7384834e-22)
(0.0010342399 0.0028873725 -2.9737953e-20)
(0.0011230163 0.0028346253 -4.8356305e-20)
(0.0011988918 0.0027503681 3.9172568e-20)
(0.0012606151 0.0026395827 -4.1147331e-20)
(0.0013079101 0.0025081441 -6.608504e-20)
(0.0013418056 0.0023629618 4.3223265e-20)
(0.00136501 0.00221204 -6.9224885e-20)
(0.0013817809 0.0020636551 -9.1408783e-20)
(0.0013985123 0.0019267476 5.9231981e-20)
(0.0014235765 0.001810089 7.5435569e-20)
(0.0014679264 0.0017225468 6.7516081e-20)
(0.0015445654 0.0016718662 5.5442301e-20)
(0.0016682968 0.0016640887 1.3091692e-20)
(0.0018529849 0.0017008181 2.2278501e-20)
(0.00210858 0.001777483 -4.7675413e-21)
(0.0024357212 0.0018807812 4.3082216e-20)
(0.0028248358 0.0019912099 -1.15228e-20)
(0.0032485073 0.0020811676 -9.0595739e-21)
(0.0036667361 0.0021228689 6.247904e-20)
(0.0040481032 0.0021024925 -8.1643964e-20)
(0.0043596513 0.0020123894 -2.4605921e-21)
(0.0045571218 0.0018471494 4.0671295e-20)
(0.0045606798 0.00159795 2.1237261e-20)
(0.0042495777 0.0012603337 -6.7683154e-20)
(0.0034578321 0.00084392283 4.2952021e-21)
(0.0020009471 0.0003896434 1.2679402e-20)
(-0.00034504368 -2.7111923e-05 2.394782e-21)
(-0.0037717899 -0.00028169342 -3.4427431e-21)
(-0.0083846034 -0.00019044089 2.1489623e-21)
(-0.014557053 0.00048092804 -4.0074145e-21)
(-0.022129892 0.0020530085 3.246247e-20)
(-0.030376119 0.004669471 -4.4859157e-20)
(-0.038843141 0.0083866698 1.7155377e-20)
(-0.046951657 0.013138443 -1.5350539e-20)
(-0.054236583 0.018766193 9.7737396e-20)
(-0.060289828 0.025020753 1.5622253e-20)
(-0.064877911 0.031631393 -1.3592551e-19)
(-0.067826164 0.038289409 1.1484878e-19)
(-0.069127222 0.044721504 2.1709952e-21)
(-0.068776105 0.050625108 -3.4219959e-20)
(-0.066963023 0.055816056 3.0734179e-20)
(-0.063738326 0.05999784 -4.7434685e-20)
(-0.059369219 0.063056971 3.5788626e-21)
(-0.054127942 0.064924419 -6.1274626e-21)
(-0.048139983 0.065386332 4.3623144e-21)
(-0.041724873 0.064482059 -6.8674726e-22)
(-0.035103175 0.062169338 -5.2773251e-20)
(-0.028522251 0.058488449 7.8792625e-20)
(-0.022210696 0.053505633 8.2932923e-20)
(-0.016380363 0.047320456 3.334165e-20)
(-0.011223021 0.040066627 7.5866624e-20)
(-0.0069036995 0.031901959 -1.6820741e-20)
(-0.0035564425 0.023011127 4.8267953e-20)
(-0.0012891189 0.01360173 3.7625611e-20)
(-0.00016034218 0.0038810398 5.0032677e-21)
)
;
    }
    frontAndBack
    {
        type            empty;
    }
}


// ************************************************************************* //
