/*--------------------------------*- C++ -*----------------------------------*\
  =========                 |
  \\      /  F ield         | OpenFOAM: The Open Source CFD Toolbox
   \\    /   O peration     | Website:  https://openfoam.org
    \\  /    A nd           | Version:  13
     \\/     M anipulation  |
\*---------------------------------------------------------------------------*/
FoamFile
{
    format      ascii;
    class       volVectorField;
    location    "16.798421";
    object      wallShearStress;
}
// * * * * * * * * * * * * * * * * * * * * * * * * * * * * * * * * * * * * * //

dimensions      [0 2 -2 0 0 0 0];

internalField   uniform (0 0 0);

boundaryField
{
    inlet
    {
        type            calculated;
        value           uniform (0 0 0);
    }
    outlet
    {
        type            calculated;
        value           uniform (0 0 0);
    }
    cylinder
    {
        type            calculated;
        value           nonuniform List<vector> 
132
(
(4.3230902e-05 -0.00063383893 -1.6445561e-22)
(0.00018338117 -0.0036349428 4.7137297e-23)
(0.00048808891 -0.0065889419 2.640028e-21)
(0.00095068073 -0.0094120356 -9.0281922e-21)
(0.0015550679 -0.012019028 6.5263134e-21)
(0.0022756568 -0.014327447 2.0498552e-20)
(0.0030780521 -0.016263044 -4.0027081e-21)
(0.0039179933 -0.017757269 -1.6361941e-20)
(0.0047452831 -0.018750398 1.5908971e-20)
(0.0055006528 -0.019189443 -3.6736137e-20)
(0.006120216 -0.019038409 -6.8625187e-22)
(0.0065426393 -0.018293269 2.3962768e-20)
(0.0067170143 -0.016989831 3.9755701e-20)
(0.0066112694 -0.01520733 -3.2664031e-20)
(0.0062201786 -0.01306741 3.4587067e-20)
(0.0055676978 -0.010720097 5.5674309e-20)
(0.0047082902 -0.0083309081 -3.6310903e-20)
(0.0037199952 -0.0060628214 5.7761409e-20)
(0.0026911268 -0.0040476925 7.5556674e-20)
(0.0017103301 -0.0023787072 -4.8435079e-20)
(0.00084542006 -0.0010919375 -6.1013938e-20)
(0.00013954715 -0.0001771288 2.121009e-23)
(-0.00040097734 0.00042580538 8.6713662e-21)
(-0.00078280221 0.00077683884 -1.0293832e-20)
(-0.0010135744 0.00093032968 -1.7377589e-20)
(-0.0010169083 0.00086103427 3.6877318e-21)
(-0.00075392717 0.00059003512 -3.3056364e-20)
(-1.3434078e-05 2.0430345e-05 8.7733197e-21)
(0.0010542357 -0.0006650088 6.8699827e-21)
(0.0021132162 -0.0012160864 -4.7313976e-20)
(0.0029222441 -0.0015141664 6.1866317e-20)
(0.003359378 -0.0015495751 1.874871e-21)
(0.0035758836 -0.0014486721 1.351124e-20)
(0.0037250203 -0.0013031267 -1.5976906e-20)
(0.0038572218 -0.0011398232 5.0630463e-20)
(0.0038424028 -0.00093013742 -3.1934203e-21)
(0.0035049996 -0.00066388867 1.2852059e-20)
(0.0026398116 -0.00036404433 -1.7618824e-21)
(0.0010357083 -9.7460884e-05 2.5274459e-21)
(-0.0015470833 2.1469252e-05 -1.5791926e-21)
(-0.0054841133 -0.00018645971 2.9622575e-21)
(-0.010890412 -0.0010207781 -9.2136599e-23)
(-0.017410892 -0.0026873547 3.4148735e-20)
(-0.024659895 -0.0053354598 -1.3319338e-20)
(-0.032080909 -0.0089877041 1.2168459e-20)
(-0.039194691 -0.013571242 -7.9100208e-20)
(-0.045495589 -0.018892037 -1.2885926e-20)
(-0.05063314 -0.024697377 1.1405139e-19)
(-0.054370873 -0.030703737 -9.7760593e-20)
(-0.056605631 -0.036629956 -1.8693872e-21)
(-0.057312515 -0.042195277 2.970608e-20)
(-0.056592602 -0.047179488 -2.6751102e-20)
(-0.054539036 -0.051345538 -5.0999008e-21)
(-0.051330241 -0.05452478 -3.0028597e-21)
(-0.04720154 -0.056622371 -2.9723633e-21)
(-0.042336155 -0.057509008 -5.1539329e-21)
(-0.036973039 -0.057144107 7.0726333e-22)
(-0.03133874 -0.055508101 5.2946712e-20)
(-0.025657989 -0.052621071 -7.8406609e-20)
(-0.020145158 -0.048536765 -8.2344343e-20)
(-0.014999828 -0.043340941 -3.3122783e-20)
(-0.010402307 -0.037148411 -7.5522631e-20)
(-0.0065097986 -0.030100005 1.6795368e-20)
(-0.0034510037 -0.022358495 2.4393678e-20)
(-0.0013300521 -0.014117846 -3.788463e-20)
(-0.00020407794 -0.0055376744 -5.0616822e-21)
(6.6481868e-05 0.0023599798 -7.5539734e-22)
(0.00025190643 0.0053200743 -4.5212968e-23)
(0.00059761711 0.0081907084 -2.6216159e-21)
(0.0010932441 0.010887293 8.9306606e-21)
(0.0017187048 0.013323459 -6.4343232e-21)
(0.0024444718 0.015418186 -2.0139455e-20)
(0.0032320362 0.017099413 3.9181266e-21)
(0.0040340894 0.018301986 1.5953405e-20)
(0.0047978265 0.018973858 -1.5446919e-20)
(0.005463358 0.019073313 3.5510351e-20)
(0.0059691951 0.018581222 6.6031195e-22)
(0.0062593143 0.017512569 -2.2943091e-20)
(0.006292678 0.015926981 -3.7877984e-20)
(0.0060499881 0.013925753 3.0973027e-20)
(0.0055409206 0.011648865 -3.2649286e-20)
(0.0048045921 0.0092574161 -5.2344557e-20)
(0.0039061506 0.0069173981 3.4024261e-20)
(0.0029296048 0.0047798485 -5.3984603e-20)
(0.0019613297 0.0029548795 -7.0487889e-20)
(0.001076846 0.0015033501 4.5139052e-20)
(0.00032970634 0.00043536818 5.6835108e-20)
(-0.00026143718 -0.0002961906 5.0338841e-20)
(-0.00069772966 -0.00074915589 4.0946952e-20)
(-0.00099654045 -0.00099181298 9.5865542e-21)
(-0.0011382597 -0.0010464341 1.6178231e-20)
(-0.0010428881 -0.00088521145 -3.4312351e-21)
(-0.0005555572 -0.00043916388 3.0737808e-20)
(0.00035876917 0.00024117503 -8.1701679e-21)
(0.001488464 0.00094368021 -6.4056263e-21)
(0.0025038501 0.001443702 4.4211418e-20)
(0.0031671709 0.0016428059 -5.7869711e-20)
(0.0034976855 0.0016142285 -1.7451883e-21)
(0.0036624385 0.0014839606 2.8798724e-20)
(0.0038148603 0.0013346086 1.498951e-20)
(0.0039327289 0.0011623894 -4.7598529e-20)
(0.0038618626 0.00093542223 3.0107443e-21)
(0.0034161774 0.00064806983 8.8670825e-21)
(0.0023928637 0.00033196099 1.6737381e-21)
(0.0005779586 6.199471e-05 -2.4119398e-21)
(-0.0022711717 -3.8510364e-05 1.5141076e-21)
(-0.0065193956 0.00022154023 -2.8532598e-21)
(-0.012227398 0.0011437908 2.3484224e-20)
(-0.018991208 0.0029290502 -3.3068134e-20)
(-0.026383757 0.005706157 1.2897592e-20)
(-0.033832169 0.0094760641 -1.1762721e-20)
(-0.040884143 0.01415431 7.6202112e-20)
(-0.047019874 0.019523041 1.2347986e-20)
(-0.051930004 0.025327355 -1.0852799e-19)
(-0.055404884 0.03128508 9.2141448e-20)
(-0.057359651 0.037115374 1.7395629e-21)
(-0.057785465 0.042540999 -2.7129229e-20)
(-0.056812049 0.047360011 2.3731511e-20)
(-0.054514641 0.051319953 -3.4454698e-20)
(-0.051098214 0.054275823 2.1676064e-21)
(-0.046811096 0.056151245 3.0246871e-22)
(-0.041806876 0.056786996 7.9613363e-21)
(-0.036352435 0.056181546 -8.5517992e-22)
(-0.030662273 0.054305958 -5.9515956e-20)
(-0.024962749 0.051190435 8.5054968e-20)
(-0.019465661 0.046893542 8.7414452e-20)
(-0.014367328 0.041505235 3.4640139e-20)
(-0.0098447687 0.035145618 7.8096365e-20)
(-0.0060506106 0.027958073 -1.721051e-20)
(-0.0031089008 0.020110169 4.9191908e-20)
(-0.0011184994 0.011789713 3.8253548e-20)
(-0.00013483459 0.0031897101 5.0808336e-21)
)
;
    }
    frontAndBack
    {
        type            empty;
    }
}


// ************************************************************************* //
