/*--------------------------------*- C++ -*----------------------------------*\
  =========                 |
  \\      /  F ield         | OpenFOAM: The Open Source CFD Toolbox
   \\    /   O peration     | Website:  https://openfoam.org
    \\  /    A nd           | Version:  13
     \\/     M anipulation  |
\*---------------------------------------------------------------------------*/
FoamFile
{
    format      ascii;
    class       volVectorField;
    location    "43.000211";
    object      wallShearStress;
}
// * * * * * * * * * * * * * * * * * * * * * * * * * * * * * * * * * * * * * //

dimensions      [0 2 -2 0 0 0 0];

internalField   uniform (0 0 0);

boundaryField
{
    inlet
    {
        type            calculated;
        value           uniform (0 0 0);
    }
    outlet
    {
        type            calculated;
        value           uniform (0 0 0);
    }
    cylinder
    {
        type            calculated;
        value           nonuniform List<vector> 
132
(
(1.0450811e-05 -0.00052192479 -2.8602994e-22)
(3.5377164e-05 -0.0007866603 8.1653337e-23)
(7.5907235e-05 -0.0010542468 4.5169786e-21)
(0.00013205754 -0.0013202966 -1.5181447e-20)
(0.00020366861 -0.0015799682 1.0730715e-20)
(0.00029001865 -0.0018280716 3.2826656e-20)
(0.00038976775 -0.0020592161 -6.2262485e-21)
(0.0005008573 -0.0022680652 -2.4690816e-20)
(0.00062075317 -0.0024494613 2.3294622e-20)
(0.00074625934 -0.0025987365 -5.2280448e-20)
(0.00087367918 -0.0027119269 -9.5232307e-22)
(0.00099898885 -0.0027861227 3.2548577e-20)
(0.0011179956 -0.0028195807 5.3144663e-20)
(0.0012266771 -0.0028121802 -4.3221797e-20)
(0.0013213486 -0.0027652453 4.5570761e-20)
(0.001399225 -0.0026821642 7.3446163e-20)
(0.0014584424 -0.0025676811 -4.8193204e-20)
(0.0014986376 -0.0024283192 7.741146e-20)
(0.0015211302 -0.0022719133 1.0248626e-19)
(0.0015292945 -0.0021074764 -6.6561424e-20)
(0.0015289302 -0.0019449806 -8.4933635e-20)
(0.0015280149 -0.0017943295 2.9914254e-23)
(0.0015374186 -0.0016656481 1.2345159e-20)
(0.0015702693 -0.0015679246 -1.4792819e-20)
(0.0016419236 -0.0015086112 -2.5183172e-20)
(0.0017676128 -0.0014912863 5.3888338e-21)
(0.0019601339 -0.0015143454 -4.8670651e-20)
(0.0022241589 -0.0015680933 1.3004648e-20)
(0.0025529722 -0.0016353657 1.0209724e-20)
(0.0029237627 -0.0016921375 -7.0281701e-20)
(0.0033043308 -0.001715357 9.1636983e-20)
(0.003664447 -0.0016904415 2.7704461e-21)
(0.0039659255 -0.0016062173 1.9944252e-20)
(0.0041500264 -0.0014523208 -2.3594248e-20)
(0.0041264494 -0.0012212822 7.4820214e-20)
(0.0037519221 -0.00091152263 -4.7208541e-21)
(0.0028496922 -0.00054511959 1.8990353e-20)
(0.0011950101 -0.00017513065 -2.599183e-21)
(-0.0014145255 9.3056411e-05 3.7154053e-21)
(-0.0051863647 0.00010918412 -2.3078691e-21)
(-0.010489536 -0.00035279033 4.2895486e-21)
(-0.017228688 -0.0016034729 -1.3159609e-22)
(-0.0248214 -0.0038207003 4.801121e-20)
(-0.032809816 -0.0070887985 -1.8410836e-20)
(-0.040580902 -0.011359649 1.6540964e-20)
(-0.047684392 -0.016502937 -1.0590913e-19)
(-0.053684319 -0.022283579 -1.7042694e-20)
(-0.058322441 -0.028438997 1.4955787e-19)
(-0.061432462 -0.034683332 -1.2773443e-19)
(-0.062977571 -0.040746007 -2.4492757e-21)
(-0.062973614 -0.046356718 3.9397247e-20)
(-0.06156082 -0.051315686 -3.6463831e-20)
(-0.058837433 -0.055387285 -7.3693723e-21)
(-0.0550092 -0.058428513 -5.0103215e-21)
(-0.050313802 -0.060352112 -9.6663629e-21)
(-0.04492247 -0.061019079 7.0327866e-23)
(-0.039091886 -0.060416291 4.6142565e-22)
(-0.033039305 -0.058518026 4.3080472e-20)
(-0.026990465 -0.055352103 -6.9258887e-20)
(-0.021157656 -0.050975013 -7.5845758e-20)
(-0.015738599 -0.045474894 -3.1268065e-20)
(-0.010912115 -0.038969052 -7.2416854e-20)
(-0.0068339842 -0.031600106 1.6272706e-20)
(-0.003631759 -0.023532288 2.3801287e-20)
(-0.0014087636 -0.014962589 -3.7137467e-20)
(-0.0002207516 -0.0060473257 -4.9762019e-21)
(-3.5226429e-07 -0.00026157238 -1.3119486e-21)
(2.8315284e-06 -4.8551148e-06 -7.7885637e-23)
(1.9813966e-05 0.00024625824 -4.4538833e-21)
(5.0250984e-05 0.00048775829 1.486993e-20)
(9.3303328e-05 0.0007155899 -1.044755e-20)
(0.00014763165 0.0009258998 -3.1769285e-20)
(0.00021155826 0.0011151517 5.989888e-21)
(0.00028305236 0.0012802805 2.3614159e-20)
(0.00035979488 0.0014188397 -2.2150515e-20)
(0.00043926982 0.0015291383 4.9434027e-20)
(0.00051891296 0.0016103417 8.9565722e-22)
(0.00059623782 0.0016625736 -3.0450786e-20)
(0.00066897521 0.0016869504 -4.9474997e-20)
(0.00073533696 0.0016855892 4.0051678e-20)
(0.00079404986 0.00166152 -4.2048075e-20)
(0.00084461235 0.0016187214 -6.7504097e-20)
(0.00088741245 0.0015619157 4.4138747e-20)
(0.00092399737 0.0014966156 -7.0678119e-20)
(0.0009570846 0.0014287136 -9.3319235e-20)
(0.00099081851 0.001364467 6.0468074e-20)
(0.001030925 0.0013103085 7.7010713e-20)
(0.0010848963 0.0012726359 6.8926974e-20)
(0.00116215 0.0012575725 5.6600162e-20)
(0.0012738732 0.0012703703 1.3363893e-20)
(0.0014320692 0.0013142221 2.2736649e-20)
(0.0016467208 0.0013878968 -4.8635884e-21)
(0.0019239577 0.001485328 4.3920741e-20)
(0.0022580293 0.0015913155 -1.1736025e-20)
(0.0026355739 0.0016879974 -9.2150807e-21)
(0.0030315012 0.0017544892 6.3449674e-20)
(0.0034162619 0.0017736205 -8.2754516e-20)
(0.003765486 0.0017372625 -2.4884284e-21)
(0.0040500688 0.001640501 4.1021298e-20)
(0.0042116542 0.0014741437 2.1354161e-20)
(0.0041464133 0.0012276082 -6.782775e-20)
(0.003698428 0.00089923842 4.2893447e-21)
(0.0026865055 0.00051529351 1.2620057e-20)
(0.00087866149 0.00013361292 2.3768712e-21)
(-0.001921162 -0.00013503516 -3.4110176e-21)
(-0.0059039269 -0.00012691731 2.1275955e-21)
(-0.011437069 0.0003827495 -3.9704117e-21)
(-0.018377661 0.001708811 3.2229921e-20)
(-0.026095483 0.0040151164 -4.466757e-20)
(-0.034107426 0.007367371 1.7133436e-20)
(-0.041809538 0.011702076 -1.5374848e-20)
(-0.048784563 0.016882194 9.8157309e-20)
(-0.054585769 0.022655616 1.5718136e-20)
(-0.058984496 0.028759688 -1.3699033e-19)
(-0.061837136 0.034909638 1.1586749e-19)
(-0.063122232 0.040837418 2.1921274e-21)
(-0.062863468 0.046273404 -3.4575373e-20)
(-0.061229711 0.051037409 3.106901e-20)
(-0.05829345 0.054872581 -4.800299e-20)
(-0.054287791 0.057659708 3.625727e-21)
(-0.049473565 0.059341376 -6.2741874e-21)
(-0.043982691 0.059739227 4.3370645e-21)
(-0.038096348 0.058873859 -6.8857626e-22)
(-0.032025581 0.056717937 -5.2992825e-20)
(-0.025995367 0.053305631 7.9143665e-20)
(-0.020216525 0.048700155 8.3292081e-20)
(-0.01488323 0.04299334 3.3474251e-20)
(-0.010171164 0.036308322 7.6128866e-20)
(-0.0062314072 0.028790193 -1.6867701e-20)
(-0.003186735 0.020608467 4.8363241e-20)
(-0.0011351271 0.011952078 3.7662238e-20)
(-0.00013141854 0.0030180539 5.0021254e-21)
)
;
    }
    frontAndBack
    {
        type            empty;
    }
}


// ************************************************************************* //
