/*--------------------------------*- C++ -*----------------------------------*\
  =========                 |
  \\      /  F ield         | OpenFOAM: The Open Source CFD Toolbox
   \\    /   O peration     | Website:  https://openfoam.org
    \\  /    A nd           | Version:  13
     \\/     M anipulation  |
\*---------------------------------------------------------------------------*/
FoamFile
{
    format      ascii;
    class       volVectorField;
    location    "33.20088";
    object      wallShearStress;
}
// * * * * * * * * * * * * * * * * * * * * * * * * * * * * * * * * * * * * * //

dimensions      [0 2 -2 0 0 0 0];

internalField   uniform (0 0 0);

boundaryField
{
    inlet
    {
        type            calculated;
        value           uniform (0 0 0);
    }
    outlet
    {
        type            calculated;
        value           uniform (0 0 0);
    }
    cylinder
    {
        type            calculated;
        value           nonuniform List<vector> 
132
(
(2.3180473e-05 -0.0014186621 -2.634359e-22)
(7.3897615e-05 -0.0017174961 7.4996381e-23)
(0.00014181783 -0.0020063789 4.1376578e-21)
(0.00022580897 -0.0022800369 -1.3868655e-20)
(0.00032456258 -0.0025332223 9.7759724e-21)
(0.00043617354 -0.0027607443 2.9823854e-20)
(0.00055815128 -0.0029577004 -5.641109e-21)
(0.00068743907 -0.0031196971 -2.2308562e-20)
(0.0008204973 -0.0032430237 2.0988899e-20)
(0.00095353962 -0.0033249346 -4.6975926e-20)
(0.0010824997 -0.0033636995 -8.5339124e-22)
(0.0012033795 -0.0033591054 2.9087207e-20)
(0.0013123314 -0.0033121127 4.736722e-20)
(0.0014061833 -0.0032256658 -3.8423683e-20)
(0.0014823494 -0.0031037539 4.0411378e-20)
(0.0015395572 -0.0029523938 6.4976587e-20)
(0.001577713 -0.0027785851 -4.2541049e-20)
(0.0015983968 -0.0025905971 6.8191578e-20)
(0.0016053075 -0.0023980024 9.01106e-20)
(0.0016039894 -0.0022105203 -5.8425622e-20)
(0.0016025671 -0.0020385182 -7.4443162e-20)
(0.0016115951 -0.0018921032 2.6201697e-23)
(0.0016442747 -0.0017808284 1.0796193e-20)
(0.0017163458 -0.0017130278 -1.2927096e-20)
(0.0018441503 -0.0016935878 -2.1996905e-20)
(0.0020424973 -0.0017224111 4.7063043e-21)
(0.0023204151 -0.0017920939 -4.2514875e-20)
(0.0026721762 -0.0018836714 1.1366448e-20)
(0.0030787407 -0.0019722145 8.9322597e-21)
(0.0035050442 -0.0020289305 -6.1571261e-20)
(0.0039067324 -0.0020287217 8.0418103e-20)
(0.0042477109 -0.0019603269 2.4363378e-21)
(0.0044932851 -0.0018207436 1.7582755e-20)
(0.0045767466 -0.0016027774 -2.0864125e-20)
(0.0043922578 -0.0013013572 6.6402902e-20)
(0.0037872198 -0.00092199232 -4.2072393e-21)
(0.0025848671 -0.00049759427 1.7001256e-20)
(0.00056407518 -9.26857e-05 -2.3379577e-21)
(-0.0024583115 0.0001766964 3.357221e-21)
(-0.0066543996 0.00014553186 -2.0941059e-21)
(-0.012390497 -0.00041286315 3.9063467e-21)
(-0.019565689 -0.0018181024 -1.2021083e-22)
(-0.027552384 -0.0042384471 4.393981e-20)
(-0.035895173 -0.0077531813 -1.6873565e-20)
(-0.044010851 -0.012318143 1.5175454e-20)
(-0.051451424 -0.017805174 -9.7212496e-20)
(-0.057759407 -0.023974095 -1.5642577e-20)
(-0.062667799 -0.03055731 1.3715641e-19)
(-0.065987191 -0.037254624 -1.1691372e-19)
(-0.067663471 -0.04377783 -2.233674e-21)
(-0.067701807 -0.049837568 3.5701493e-20)
(-0.066232014 -0.055209883 -3.2679161e-20)
(-0.063354388 -0.059639939 -6.4700091e-21)
(-0.059289818 -0.062975876 -4.206816e-21)
(-0.054278553 -0.065108585 -6.9644128e-21)
(-0.048504124 -0.06588486 -2.0401032e-21)
(-0.042244405 -0.0652893 5.6028137e-22)
(-0.035732869 -0.063289646 4.699417e-20)
(-0.029214805 -0.059914768 -7.2803432e-20)
(-0.022920779 -0.055224029 -7.8273023e-20)
(-0.017066126 -0.049312018 -3.1923661e-20)
(-0.011845805 -0.04230523 -7.3429626e-20)
(-0.0074299607 -0.034358505 1.642413e-20)
(-0.003957523 -0.025649548 2.3945756e-20)
(-0.0015425674 -0.016394836 -3.727935e-20)
(-0.0002449462 -0.0067567857 -4.9875637e-21)
(-1.1141416e-05 -0.0011122662 -1.2116115e-21)
(-2.8808273e-05 -0.00079742616 -7.2127856e-23)
(-2.8882045e-05 -0.00047541316 -4.1365536e-21)
(-1.0898141e-05 -0.00015218074 1.3851619e-20)
(2.5156898e-05 0.00016767618 -9.7619807e-21)
(7.8592895e-05 0.0004787396 -2.977898e-20)
(0.00014893965 0.00077518876 5.632918e-21)
(0.00023411912 0.0010515266 2.2280988e-20)
(0.00033179384 0.0013025869 -2.0971295e-20)
(0.00043908069 0.0015237272 4.6964444e-20)
(0.00055257976 0.0017111129 8.5384536e-22)
(0.00066875143 0.0018618734 -2.9132717e-20)
(0.0007838895 0.0019743684 -4.7498113e-20)
(0.00089442781 0.0020483562 3.8582934e-20)
(0.00099723115 0.0020851434 -4.0640751e-20)
(0.0010898961 0.0020876328 -6.5453084e-20)
(0.001171076 0.0020603154 4.2926885e-20)
(0.0012408571 0.0020092608 -6.893171e-20)
(0.0013009216 0.0019416732 -9.1248984e-20)
(0.0013552485 0.0018662614 5.9265322e-20)
(0.0014100414 0.0017923188 7.5636143e-20)
(0.0014741758 0.0017296247 6.7820564e-20)
(0.0015587474 0.0016872429 5.5780068e-20)
(0.0016767675 0.0016728033 1.318843e-20)
(0.0018408686 0.0016901374 2.2465432e-20)
(0.0020605482 0.0017375149 -4.8108828e-21)
(0.0023398521 0.0018072534 4.3490724e-20)
(0.0026742816 0.001885481 -1.1633603e-20)
(0.0030454305 0.0019512958 -9.1456416e-21)
(0.0034228137 0.0019817303 6.3056752e-20)
(0.003775666 0.0019609848 -8.2372687e-20)
(0.0040709778 0.0018790826 -2.4814687e-21)
(0.0042625838 0.0017277242 4.099392e-20)
(0.0042672254 0.0014951607 2.1390393e-20)
(0.0039668178 0.0011766096 -6.8104786e-20)
(0.0032014164 0.00078167604 4.316382e-21)
(0.001792025 0.00034990382 1.2721043e-20)
(-0.00047924709 -4.5793175e-05 2.3978602e-21)
(-0.0038051369 -0.00028508309 -3.4392309e-21)
(-0.0082866165 -0.00018897385 2.141324e-21)
(-0.014294568 0.00047197596 -3.9821758e-21)
(-0.021685733 0.0020117124 3.2167975e-20)
(-0.029755769 0.0045741218 -4.4336802e-20)
(-0.038060179 0.0082177192 1.6916073e-20)
(-0.046031557 0.01288121 -1.5104692e-20)
(-0.053210762 0.018411535 9.5985701e-20)
(-0.059190414 0.02456474 1.5313201e-20)
(-0.06373574 0.031074781 -1.3297176e-19)
(-0.066668706 0.037636241 1.1209487e-19)
(-0.067979181 0.043978996 2.1128191e-21)
(-0.067656304 0.049801005 -3.3167791e-20)
(-0.065890056 0.054921814 2.9604744e-20)
(-0.062723132 0.059042227 -4.5165532e-20)
(-0.058420857 0.062049639 3.3161776e-21)
(-0.053256955 0.063879531 -4.8558535e-21)
(-0.047349902 0.064312875 5.1096476e-21)
(-0.041019506 0.063391473 -7.2311828e-22)
(-0.034483981 0.061071967 -5.4269036e-20)
(-0.0279892 0.057394271 8.0198343e-20)
(-0.021762459 0.052424237 8.3931656e-20)
(-0.016014345 0.046260705 3.3621535e-20)
(-0.010935607 0.039036811 7.6315175e-20)
(-0.0066903346 0.030909584 -1.6890298e-20)
(-0.003411761 0.022063131 4.84039e-20)
(-0.0012069763 0.012702032 3.7694407e-20)
(-0.00013550471 0.003045224 5.008788e-21)
)
;
    }
    frontAndBack
    {
        type            empty;
    }
}


// ************************************************************************* //
