/*--------------------------------*- C++ -*----------------------------------*\
  =========                 |
  \\      /  F ield         | OpenFOAM: The Open Source CFD Toolbox
   \\    /   O peration     | Website:  https://openfoam.org
    \\  /    A nd           | Version:  13
     \\/     M anipulation  |
\*---------------------------------------------------------------------------*/
FoamFile
{
    format      ascii;
    class       volVectorField;
    location    "12.99914";
    object      wallShearStress;
}
// * * * * * * * * * * * * * * * * * * * * * * * * * * * * * * * * * * * * * //

dimensions      [0 2 -2 0 0 0 0];

internalField   uniform (0 0 0);

boundaryField
{
    inlet
    {
        type            calculated;
        value           uniform (0 0 0);
    }
    outlet
    {
        type            calculated;
        value           uniform (0 0 0);
    }
    cylinder
    {
        type            calculated;
        value           nonuniform List<vector> 
132
(
(5.2328989e-05 0.00041546986 -1.0121629e-22)
(0.00024606483 -0.004596854 2.8882078e-23)
(0.00071437654 -0.0095408006 1.6439467e-21)
(0.0014451286 -0.014258586 -5.7871444e-21)
(0.0024083101 -0.018588919 4.3552666e-21)
(0.0035558985 -0.022376488 1.4341292e-20)
(0.0048223709 -0.025477769 -2.9436487e-21)
(0.0061269012 -0.027773449 -1.2635521e-20)
(0.0073814402 -0.029175427 1.285372e-20)
(0.0084919397 -0.02963463 -3.0883853e-20)
(0.0093674062 -0.029148917 -5.9641515e-22)
(0.009928112 -0.027766772 2.1406246e-20)
(0.010114852 -0.025589713 3.627116e-20)
(0.0098980452 -0.022770745 -3.0266897e-20)
(0.0092841486 -0.019505128 3.2389844e-20)
(0.008318837 -0.016016101 5.2468931e-20)
(0.0070842173 -0.012532639 -3.4317115e-20)
(0.0056877063 -0.0092662261 5.4591e-20)
(0.0042484878 -0.0063854457 7.1262558e-20)
(0.0028795309 -0.0039988189 -4.5525641e-20)
(0.0016672936 -0.0021442412 -5.7108264e-20)
(0.00066714424 -0.0008023888 1.9729362e-23)
(-0.00011137444 0.00010805318 8.0449153e-21)
(-0.00066730756 0.00065899356 -9.510109e-21)
(-0.00101067 0.00092659914 -1.599292e-20)
(-0.0010363512 0.00087742557 3.3823677e-21)
(-0.00075432842 0.00059120021 -3.0223053e-20)
(0.00010422837 -6.0884781e-05 7.9969974e-21)
(0.0013546456 -0.00085581242 6.252436e-21)
(0.0026217593 -0.0015089749 -4.3054464e-20)
(0.0036211526 -0.0018761852 5.6397561e-20)
(0.0041829209 -0.0019293812 1.7142896e-21)
(0.0044420353 -0.0017999285 1.2402351e-20)
(0.0045499108 -0.0015925761 -1.4728918e-20)
(0.0045689615 -0.0013514066 4.6904787e-20)
(0.0043605092 -0.0010571536 -2.9754413e-21)
(0.0037325503 -0.00070914005 1.2053638e-20)
(0.0024624503 -0.00034322619 -1.6644951e-21)
(0.0003376934 -4.4664793e-05 2.40571e-21)
(-0.0028891891 5.1921131e-05 -1.5140335e-21)
(-0.0075721685 -0.00025725123 2.8592417e-21)
(-0.013778149 -0.0012874412 -8.9419589e-23)
(-0.021074324 -0.0032490834 3.3252641e-20)
(-0.029033965 -0.0062783711 -1.2996391e-20)
(-0.037082803 -0.010385877 1.1884702e-20)
(-0.044740679 -0.015488941 -7.7262332e-20)
(-0.051471473 -0.021370968 -1.2578381e-20)
(-0.056931612 -0.027767326 1.1119618e-19)
(-0.060873883 -0.034374191 -9.5114677e-20)
(-0.063184413 -0.040885661 -1.8130965e-21)
(-0.063839925 -0.04699979 2.8662513e-20)
(-0.062941654 -0.052471538 -2.5585948e-20)
(-0.060586033 -0.057037734 -4.7931621e-21)
(-0.056981734 -0.06052752 -2.6983344e-21)
(-0.052368781 -0.062820449 -1.8035304e-21)
(-0.046940992 -0.063763783 -6.2018006e-21)
(-0.040976225 -0.063330971 7.6453301e-22)
(-0.034714914 -0.061487792 5.5630972e-20)
(-0.028407897 -0.058260486 -8.1328572e-20)
(-0.022291298 -0.053707261 -8.4791072e-20)
(-0.016585712 -0.047922831 -3.3946977e-20)
(-0.011490698 -0.041034606 -7.7148316e-20)
(-0.0071801367 -0.03319836 1.7115051e-20)
(-0.0037961989 -0.024594679 2.4810258e-20)
(-0.0014549579 -0.01543815 -3.8470994e-20)
(-0.00021927203 -0.005906456 -5.1329963e-21)
(0.00013067725 0.0053936387 -4.7376899e-22)
(0.00047748242 0.010280266 -2.9346894e-23)
(0.0010861311 0.014969344 -1.7815256e-21)
(0.0019339256 0.019306647 6.4107432e-21)
(0.0029810761 0.023141883 -4.898826e-21)
(0.0041710087 0.026333772 -1.6264544e-20)
(0.0054311528 0.028761355 3.3461738e-21)
(0.0066801878 0.030331321 1.4329357e-20)
(0.0078294546 0.030984459 -1.4494695e-20)
(0.0087899361 0.030704715 3.4557973e-20)
(0.0094797732 0.029522828 6.6155713e-22)
(0.0098325972 0.027519389 -2.3518468e-20)
(0.0098063857 0.024825504 -3.9483514e-20)
(0.0093905456 0.021616513 3.2663325e-20)
(0.0086109748 0.018101649 -3.4685247e-20)
(0.0075295965 0.014504501 -5.5822402e-20)
(0.0062384389 0.011042381 3.6323947e-20)
(0.0048476756 0.0079026228 -5.7574066e-20)
(0.0034691636 0.0052183691 -7.4988768e-20)
(0.0022014543 0.0030615499 4.7857541e-20)
(0.0011137618 0.0014374321 6.002625e-20)
(0.00023877849 0.00029675099 5.296073e-20)
(-0.00041969439 -0.00044430695 4.2924801e-20)
(-0.00087123746 -0.00086463116 1.0015545e-20)
(-0.001094288 -0.0010054094 1.685257e-20)
(-0.00099222198 -0.00084274535 -3.5653843e-21)
(-0.00046892822 -0.00037296753 3.1890652e-20)
(0.00054648343 0.0003722107 -8.4608913e-21)
(0.0018341469 0.0011638165 -6.630262e-21)
(0.0030167551 0.0017394755 4.5759113e-20)
(0.0038404563 0.0019918051 -5.9983902e-20)
(0.0042644071 0.0019680038 -1.8128077e-21)
(0.0044519698 0.0018043361 3.0003808e-20)
(0.0045355881 0.0015878536 1.5667935e-20)
(0.0044970343 0.0013307833 -4.9933795e-20)
(0.0041686122 0.0010118447 3.1705933e-21)
(0.0033531266 0.00063922329 9.3749845e-21)
(0.0018255845 0.00025925633 1.7762573e-21)
(-0.00061913837 -2.8530929e-05 -2.5675402e-21)
(-0.0042170435 -8.4544205e-05 1.6147202e-21)
(-0.0093134993 0.0003161042 -3.0439475e-21)
(-0.015918931 0.0014839617 2.5009445e-20)
(-0.023512064 0.0036215796 -3.5105693e-20)
(-0.031649719 0.0068407985 1.3642449e-20)
(-0.039754451 0.011130921 -1.2394389e-20)
(-0.047308411 0.016375142 7.9996645e-20)
(-0.05383438 0.022349265 1.2930519e-20)
(-0.059018484 0.028781686 -1.1341552e-19)
(-0.062627512 0.035361114 9.6232858e-20)
(-0.064596474 0.041796185 1.8176215e-21)
(-0.064897819 0.047775548 -2.8415453e-20)
(-0.063680302 0.053084351 2.498957e-20)
(-0.061011901 0.057435546 -3.6741747e-20)
(-0.057133691 0.060686018 2.4065586e-21)
(-0.05230711 0.062743429 -7.0657088e-22)
(-0.046691089 0.063421025 7.4641295e-21)
(-0.040587567 0.062726712 -8.3656655e-22)
(-0.034229521 0.060623993 -5.903243e-20)
(-0.027867566 0.057147562 8.4938235e-20)
(-0.021735508 0.052362253 8.7648641e-20)
(-0.016050042 0.046367293 3.4827573e-20)
(-0.011006957 0.039296097 7.8676213e-20)
(-0.0067749103 0.031307371 -1.736578e-20)
(-0.0034908588 0.022586926 4.9702606e-20)
(-0.0012647107 0.01334351 3.8698363e-20)
(-0.00015682112 0.0037886327 5.1460269e-21)
)
;
    }
    frontAndBack
    {
        type            empty;
    }
}


// ************************************************************************* //
