/*--------------------------------*- C++ -*----------------------------------*\
  =========                 |
  \\      /  F ield         | OpenFOAM: The Open Source CFD Toolbox
   \\    /   O peration     | Website:  https://openfoam.org
    \\  /    A nd           | Version:  13
     \\/     M anipulation  |
\*---------------------------------------------------------------------------*/
FoamFile
{
    format      ascii;
    class       volVectorField;
    location    "16.996256";
    object      wallShearStress;
}
// * * * * * * * * * * * * * * * * * * * * * * * * * * * * * * * * * * * * * //

dimensions      [0 2 -2 0 0 0 0];

internalField   uniform (0 0 0);

boundaryField
{
    inlet
    {
        type            calculated;
        value           uniform (0 0 0);
    }
    outlet
    {
        type            calculated;
        value           uniform (0 0 0);
    }
    cylinder
    {
        type            calculated;
        value           nonuniform List<vector> 
132
(
(4.48786e-05 -0.00091029157 -1.6941976e-22)
(0.00018508575 -0.0037276898 4.856589e-23)
(0.00047987388 -0.0064995329 2.7176988e-21)
(0.00092295651 -0.0091478865 -9.2798706e-21)
(0.0014995017 -0.011595023 6.6938211e-21)
(0.002186098 -0.013766568 2.0971956e-20)
(0.0029510028 -0.01559327 -4.0836851e-21)
(0.0037528981 -0.017009579 -1.6645974e-20)
(0.0045440362 -0.017955309 1.6141356e-20)
(0.0052675968 -0.0183763 -3.7179368e-20)
(0.0058623778 -0.018236112 -6.9300994e-22)
(0.0062696178 -0.0175296 2.4153147e-20)
(0.0064403878 -0.01628979 4.0013391e-20)
(0.0063440383 -0.014592257 -3.2842028e-20)
(0.0059748741 -0.012551674 3.475516e-20)
(0.0053555028 -0.010311138 5.5933586e-20)
(0.0045368537 -0.0080272498 -3.6485845e-20)
(0.0035927886 -0.0058552284 5.8063201e-20)
(0.0026072673 -0.0039213397 7.5996257e-20)
(0.0016645997 -0.0023148692 -4.8748819e-20)
(0.00083066323 -0.0010726066 -6.1450071e-20)
(0.00014694819 -0.0001854173 2.1374548e-23)
(-0.00037803065 0.00040118137 8.7430782e-21)
(-0.00074952949 0.00074376947 -1.0383457e-20)
(-0.00096978872 0.00089023192 -1.753495e-20)
(-0.00096092706 0.00081394789 3.7223197e-21)
(-0.0006798995 0.00053286549 -3.3379023e-20)
(6.1379172e-05 -3.2528119e-05 8.8636247e-21)
(0.0011141569 -0.0007036957 6.9424242e-21)
(0.0021499085 -0.0012376328 -4.7821985e-20)
(0.0029334349 -0.0015201731 6.2525801e-20)
(0.0033582628 -0.0015491268 1.8946559e-21)
(0.0035724577 -0.0014472765 1.3652256e-20)
(0.0037243071 -0.0013028675 -1.6143432e-20)
(0.0038558009 -0.001139421 5.1156683e-20)
(0.0038362064 -0.00092868944 -3.2265419e-21)
(0.0034894991 -0.00066104424 1.2984355e-20)
(0.0026117787 -0.00036035786 -1.7798102e-21)
(0.00099178819 -9.40005e-05 2.5526761e-21)
(-0.0016104693 2.3059323e-05 -1.5945242e-21)
(-0.0055694924 -0.00018935004 2.9899566e-21)
(-0.01099582 -0.001030458 -9.2952564e-23)
(-0.017532868 -0.0027059999 3.4433692e-20)
(-0.024791703 -0.0053637957 -1.342326e-20)
(-0.03221438 -0.009024932 1.2257509e-20)
(-0.039328304 -0.013617377 -7.9648319e-20)
(-0.045621419 -0.018944151 -1.2970645e-20)
(-0.050748482 -0.02475349 1.1478473e-19)
(-0.054475908 -0.030762912 -9.8384304e-20)
(-0.056698511 -0.036689944 -1.881699e-21)
(-0.057394999 -0.042255906 2.9916361e-20)
(-0.056664666 -0.047239485 -2.6968016e-20)
(-0.054602328 -0.051405063 -5.1524733e-21)
(-0.05138556 -0.054583496 -3.0512317e-21)
(-0.047249845 -0.05668029 -3.1418706e-21)
(-0.042378494 -0.057566513 -5.0143616e-21)
(-0.037010044 -0.057201312 7.0029027e-22)
(-0.031371039 -0.055565347 5.2647953e-20)
(-0.025686034 -0.052678655 -7.8109794e-20)
(-0.020169267 -0.048594963 -8.211784e-20)
(-0.015020214 -0.043400019 -3.3053378e-20)
(-0.010419067 -0.037208544 -7.5398485e-20)
(-0.006522966 -0.030161372 1.6773322e-20)
(-0.0034605348 -0.022421112 2.4367954e-20)
(-0.0013358784 -0.014181989 -3.7852581e-20)
(-0.00020599202 -0.0056025405 -5.0583032e-21)
(5.8221489e-05 0.0019037105 -7.7758603e-22)
(0.00022416214 0.0046915184 -4.6468224e-23)
(0.0005414474 0.007403109 -2.6883886e-21)
(0.0010009843 0.0099587805 9.1316643e-21)
(0.0015848951 0.012279738 -6.5570565e-21)
(0.0022665021 0.014290949 -2.0451525e-20)
(0.0030106572 0.015923758 3.9646214e-21)
(0.003773429 0.017115724 1.6088438e-20)
(0.004504871 0.017812232 -1.5530273e-20)
(0.0051479225 0.017969503 3.5608998e-20)
(0.0056434872 0.01756517 6.6076082e-22)
(0.0059371776 0.016609453 -2.2922213e-20)
(0.0059882798 0.015155005 -3.7804189e-20)
(0.0057765644 0.013295104 3.0895708e-20)
(0.0053091157 0.011160481 -3.2564902e-20)
(0.0046210642 0.0089030503 -5.2223053e-20)
(0.0037731013 0.0066812025 3.3963917e-20)
(0.0028442389 0.004640124 -5.3926755e-20)
(0.0019170773 0.0028878543 -7.0467168e-20)
(0.0010648513 0.0014861695 4.5159725e-20)
(0.00034015174 0.00044821637 5.6900029e-20)
(-0.00023694338 -0.00026765313 5.0425014e-20)
(-0.00066553851 -0.00071439134 4.1036408e-20)
(-0.00095854193 -0.00095397828 9.61065e-21)
(-0.0010910831 -0.0010031519 1.6224867e-20)
(-0.00099103463 -0.00084147911 -3.4423645e-21)
(-0.0004960398 -0.00039309632 3.0846617e-20)
(0.00040986239 0.0002774694 -8.2023445e-21)
(0.0015170734 0.00096231424 -6.4321814e-21)
(0.0025088356 0.0014468073 4.4395273e-20)
(0.003155662 0.0016369258 -5.8103891e-20)
(0.0034809003 0.0016064915 -1.7520255e-21)
(0.0036462234 0.0014773736 2.8908912e-20)
(0.0038000774 0.0013294302 1.5046135e-20)
(0.0039165827 0.0011576373 -4.777679e-20)
(0.0038412499 0.00093047731 3.021854e-21)
(0.0033891876 0.00064303773 8.8990593e-21)
(0.0023579674 0.00032731045 1.6795623e-21)
(0.00053435505 5.8547934e-05 -2.4199012e-21)
(-0.002324163 -3.9788266e-05 1.5187421e-21)
(-0.0065806631 0.00022361599 -2.8610918e-21)
(-0.012293773 0.001149842 2.3539081e-20)
(-0.019057934 0.0029391991 -3.313085e-20)
(-0.026445763 0.0057194347 1.2916282e-20)
(-0.033885226 0.0094908027 -1.1774616e-20)
(-0.040925519 0.014168544 7.6247092e-20)
(-0.04704793 0.019534607 1.2350406e-20)
(-0.051944636 0.025334384 -1.0850828e-19)
(-0.055407029 0.031286194 9.2090087e-20)
(-0.057350847 0.037109591 1.7378977e-21)
(-0.057767638 0.042527797 -2.7090336e-20)
(-0.056787258 0.047339273 2.368186e-20)
(-0.054484693 0.051291692 -3.4341708e-20)
(-0.051065079 0.054240565 2.1533351e-21)
(-0.04677652 0.056109706 3.7625545e-22)
(-0.041772048 0.056739621 8.0065576e-21)
(-0.03631859 0.056129164 -8.5742406e-22)
(-0.030630351 0.054249334 -5.9607568e-20)
(-0.024933503 0.051130352 8.513729e-20)
(-0.019439664 0.04683077 8.7467026e-20)
(-0.014344987 0.041440496 3.46518e-20)
(-0.009826357 0.035079583 7.8106391e-20)
(-0.0060362813 0.027891346 -1.7209692e-20)
(-0.0030987052 0.02004328 4.9181786e-20)
(-0.0011124206 0.011722975 3.8239923e-20)
(-0.00013290243 0.0031241633 5.0782626e-21)
)
;
    }
    frontAndBack
    {
        type            empty;
    }
}


// ************************************************************************* //
