/*--------------------------------*- C++ -*----------------------------------*\
  =========                 |
  \\      /  F ield         | OpenFOAM: The Open Source CFD Toolbox
   \\    /   O peration     | Website:  https://openfoam.org
    \\  /    A nd           | Version:  13
     \\/     M anipulation  |
\*---------------------------------------------------------------------------*/
FoamFile
{
    format      ascii;
    class       volVectorField;
    location    "1.400571";
    object      wallShearStress;
}
// * * * * * * * * * * * * * * * * * * * * * * * * * * * * * * * * * * * * * //

dimensions      [0 2 -2 0 0 0 0];

internalField   uniform (0 0 0);

boundaryField
{
    inlet
    {
        type            calculated;
        value           uniform (0 0 0);
    }
    outlet
    {
        type            calculated;
        value           uniform (0 0 0);
    }
    cylinder
    {
        type            calculated;
        value           nonuniform List<vector> 
132
(
(7.3244224e-05 -0.0011765215 -3.1143697e-22)
(0.00030509076 -0.006045523 8.943782e-23)
(0.00080771893 -0.010884767 5.0542297e-21)
(0.0015777506 -0.015593824 -1.7554276e-20)
(0.0026005092 -0.020067312 1.2960955e-20)
(0.0038486906 -0.024194959 4.1766003e-20)
(0.0052796857 -0.027864489 -8.3931156e-21)
(0.0068387962 -0.030961914 -3.536451e-20)
(0.0084558154 -0.033376768 3.5457623e-20)
(0.010045705 -0.035007219 -8.4365449e-20)
(0.011512469 -0.035771354 -1.6206973e-21)
(0.012754951 -0.035618945 5.8112827e-20)
(0.013675326 -0.034542877 9.8676349e-20)
(0.014197637 -0.032607446 -8.2690677e-20)
(0.014264915 -0.029914611 8.8950245e-20)
(0.013880927 -0.026669446 1.4476033e-19)
(0.013082563 -0.023090868 -9.5003638e-20)
(0.011948443 -0.019410017 1.5123028e-19)
(0.010616789 -0.015895965 1.9694207e-19)
(0.0092224419 -0.012740899 -1.2508037e-19)
(0.007911149 -0.010088263 -1.5547163e-19)
(0.0068051508 -0.0080085226 5.3747679e-23)
(0.0059986542 -0.0065100199 2.1354421e-20)
(0.0055529448 -0.0055505724 -2.4909975e-20)
(0.0054880204 -0.0050448613 -4.1415101e-20)
(0.0057673787 -0.00486686 8.6967562e-21)
(0.0062787138 -0.0048525332 -7.7551968e-20)
(0.0068437407 -0.0048290291 2.0593134e-20)
(0.0072815974 -0.0046712728 1.6160097e-20)
(0.007472124 -0.0043334726 -1.1169049e-19)
(0.0073531462 -0.0038274839 1.4673803e-19)
(0.0068674373 -0.0031794482 4.4849856e-21)
(0.0059254566 -0.0024127339 3.2746775e-20)
(0.0044010361 -0.0015553233 -3.9407951e-20)
(0.0021347829 -0.00065101264 1.2742587e-19)
(-0.0010492047 0.00022705888 -8.2040552e-21)
(-0.0052478641 0.00095902245 3.3629198e-20)
(-0.010586038 0.0013922707 -4.6751698e-21)
(-0.016955757 0.0013356121 6.7464091e-21)
(-0.02433819 0.00061267028 -4.2004501e-21)
(-0.032958337 -0.0010501586 7.755737e-21)
(-0.042175988 -0.0038819267 -2.3406708e-22)
(-0.051104507 -0.0078276273 8.3534213e-20)
(-0.059447889 -0.012810604 -3.1217374e-20)
(-0.066685843 -0.018639177 2.7305911e-20)
(-0.072620529 -0.025104879 -1.7041993e-19)
(-0.077028691 -0.03194557 -2.6800749e-20)
(-0.079831777 -0.038902865 2.3074392e-19)
(-0.080994407 -0.045706324 -1.9424849e-19)
(-0.080581835 -0.052117475 -3.6924003e-21)
(-0.078643533 -0.057875984 5.9321115e-20)
(-0.075401663 -0.062839569 -5.5449381e-20)
(-0.070907598 -0.066737751 -1.1520364e-20)
(-0.065414607 -0.069470769 -8.3877805e-21)
(-0.059201244 -0.07100416 -1.9733391e-20)
(-0.052372276 -0.071130851 6.7889442e-21)
(-0.045230477 -0.069897117 2.1020702e-22)
(-0.037981838 -0.067266608 3.6211327e-20)
(-0.030857669 -0.063278286 -6.6520676e-20)
(-0.024073665 -0.057996448 -7.7053467e-20)
(-0.017830539 -0.051515638 -3.2706449e-20)
(-0.012311456 -0.043962753 -7.7021289e-20)
(-0.0076758647 -0.035488792 1.7478145e-20)
(-0.0040551616 -0.026269483 2.570762e-20)
(-0.001556104 -0.016513156 -4.0218176e-20)
(-0.00023641489 -0.0063905319 -5.3907829e-21)
(0.00010697813 0.0036728454 -1.4377523e-21)
(0.00040515339 0.0084981233 -8.7073999e-23)
(0.00096992704 0.013248609 -5.1428554e-21)
(0.0017941279 0.017823843 1.7945272e-20)
(0.0028592245 0.022119595 -1.3303274e-20)
(0.0041337902 0.026026068 -4.2981967e-20)
(0.0055710307 0.029432885 8.6480379e-21)
(0.0071132147 0.032228368 3.6434251e-20)
(0.0086864406 0.034306779 -3.648282e-20)
(0.010203672 0.035574371 8.6604949e-20)
(0.011568824 0.035960879 1.6586572e-21)
(0.012684378 0.03543442 -5.92475e-20)
(0.013459239 0.034007899 -1.0018629e-19)
(0.013830547 0.031773629 8.3589453e-20)
(0.013751698 0.028845951 -8.9521646e-20)
(0.01324829 0.025459925 -1.4509576e-19)
(0.012366472 0.021830674 9.4862386e-20)
(0.011197609 0.018191603 -1.5052519e-19)
(0.0098866303 0.014803927 -1.9554742e-19)
(0.0085568982 0.011821602 1.2398766e-19)
(0.0073519224 0.0093743268 1.5397908e-19)
(0.0063760079 0.007501934 1.3416564e-19)
(0.0057144081 0.0061995106 1.0727066e-19)
(0.0054130125 0.0054086341 2.4705496e-20)
(0.0054772183 0.0050333387 4.1142919e-20)
(0.005848577 0.0049345959 -8.6581832e-21)
(0.0063948047 0.0049420879 7.7393373e-20)
(0.0069326057 0.0048924472 -2.059868e-20)
(0.0073006101 0.0046843925 -1.6194837e-20)
(0.0074032247 0.004294463 1.1210383e-19)
(0.0071861619 0.0037416145 -1.4749415e-19)
(0.0065850126 0.0030500593 -4.4883568e-21)
(0.0054991281 0.0022411867 7.5112521e-20)
(0.0037906443 0.0013432051 3.979535e-20)
(0.0013023169 0.00040665413 -1.2884714e-19)
(-0.0021325825 -0.0004870431 8.3058923e-21)
(-0.0066093286 -0.0012135339 2.4842802e-20)
(-0.012222392 -0.0016111544 4.7361031e-21)
(-0.018839449 -0.0014871493 -6.8291643e-21)
(-0.026425114 -0.00066830428 4.2461451e-21)
(-0.035164293 0.0011173856 -7.82298e-21)
(-0.044425248 0.0040864828 6.2112034e-20)
(-0.053314765 0.0081637327 -8.37439e-20)
(-0.061502737 0.013251367 3.1180427e-20)
(-0.068529266 0.019152578 -2.7170013e-20)
(-0.074213023 0.025652863 1.6884689e-19)
(-0.078334608 0.032484745 2.6434863e-20)
(-0.080847339 0.039395413 -2.2644755e-19)
(-0.081715017 0.046110702 1.8954542e-19)
(-0.081025395 0.05240211 3.578495e-21)
(-0.078820053 0.058003654 -5.69968e-20)
(-0.075351501 0.062795526 5.2674741e-20)
(-0.070641591 0.066484892 -8.6671295e-20)
(-0.064967668 0.068993687 7.6050425e-21)
(-0.058626662 0.070312342 -2.312028e-20)
(-0.051688081 0.070198536 -4.1266358e-21)
(-0.044478662 0.068731846 -3.5036451e-22)
(-0.037196638 0.065871915 -4.2448853e-20)
(-0.030073103 0.061664425 7.2842521e-20)
(-0.023321917 0.056179026 8.1879903e-20)
(-0.017140616 0.04951375 3.415214e-20)
(-0.011709402 0.041800487 7.9475078e-20)
(-0.0071834753 0.033192386 -1.7874173e-20)
(-0.0036899991 0.023869881 5.1760574e-20)
(-0.0013308727 0.014034732 4.0570367e-20)
(-0.00016277084 0.0038940059 5.4094074e-21)
)
;
    }
    frontAndBack
    {
        type            empty;
    }
}


// ************************************************************************* //
