/*--------------------------------*- C++ -*----------------------------------*\
  =========                 |
  \\      /  F ield         | OpenFOAM: The Open Source CFD Toolbox
   \\    /   O peration     | Website:  https://openfoam.org
    \\  /    A nd           | Version:  13
     \\/     M anipulation  |
\*---------------------------------------------------------------------------*/
FoamFile
{
    format      ascii;
    class       volVectorField;
    location    "31.600906";
    object      wallShearStress;
}
// * * * * * * * * * * * * * * * * * * * * * * * * * * * * * * * * * * * * * //

dimensions      [0 2 -2 0 0 0 0];

internalField   uniform (0 0 0);

boundaryField
{
    inlet
    {
        type            calculated;
        value           uniform (0 0 0);
    }
    outlet
    {
        type            calculated;
        value           uniform (0 0 0);
    }
    cylinder
    {
        type            calculated;
        value           nonuniform List<vector> 
132
(
(1.0359722e-05 -0.00049441414 -2.5250787e-22)
(3.5884566e-05 -0.00079099654 7.1983509e-23)
(7.8480057e-05 -0.001087445 3.9769974e-21)
(0.00013799502 -0.0013787478 -1.3349927e-20)
(0.00021394748 -0.001659549 9.4249567e-21)
(0.00030524382 -0.0019242748 2.879985e-20)
(0.00041014151 -0.0021673018 -5.4567119e-21)
(0.00052622225 -0.0023831777 -2.1617676e-20)
(0.00065041372 -0.0025668358 2.0376404e-20)
(0.0007791997 -0.002713831 -4.5691725e-20)
(0.00090854521 -0.0028205612 -8.3164813e-22)
(0.0010341607 -0.0028846319 2.8402806e-20)
(0.0011516686 -0.0029049176 4.6343739e-20)
(0.0012569711 -0.0028820328 -3.7666789e-20)
(0.0013464008 -0.0028180607 3.969056e-20)
(0.0014173225 -0.0027172246 6.3934421e-20)
(0.0014680454 -0.002584937 -4.1930866e-20)
(0.001498572 -0.0024285407 6.7321416e-20)
(0.0015104866 -0.0022563235 8.9090088e-20)
(0.0015074363 -0.00207764 -5.7838681e-20)
(0.001495527 -0.0019027515 -7.377718e-20)
(0.0014827446 -0.0017414083 2.5976403e-23)
(0.0014801772 -0.0016038394 1.0717037e-20)
(0.0015008187 -0.0014987402 -1.2838555e-20)
(0.0015606595 -0.0014340441 -2.1851025e-20)
(0.0016755222 -0.0014136167 4.674829e-21)
(0.0018591119 -0.0014362396 -4.2214302e-20)
(0.0021182484 -0.0014932931 1.1278007e-20)
(0.0024463733 -0.0015668983 8.8535647e-21)
(0.0028228441 -0.0016335203 -6.0947513e-20)
(0.0032135168 -0.001668045 7.9479741e-20)
(0.0035794058 -0.0016510866 2.4036189e-21)
(0.0038907099 -0.0015755666 1.7309679e-20)
(0.0041041086 -0.0014359206 -2.0487758e-20)
(0.0041367432 -0.0012237849 6.5017135e-20)
(0.003854381 -0.00093548318 -4.1066717e-21)
(0.0030903892 -0.00058930109 1.6544398e-20)
(0.001630328 -0.00023236569 -2.2690894e-21)
(-0.00073001638 3.8927267e-05 3.2525352e-21)
(-0.0042185475 8.5405587e-05 -2.0273421e-21)
(-0.0091827589 -0.0003111927 3.7847139e-21)
(-0.01558364 -0.0014522213 -1.1673084e-22)
(-0.022886016 -0.0035245658 4.2814468e-20)
(-0.030647288 -0.0066233633 -1.6505294e-20)
(-0.038295433 -0.010721457 1.4900049e-20)
(-0.04534232 -0.015693763 -9.5764357e-20)
(-0.051354971 -0.021318563 -1.5454856e-20)
(-0.0560647 -0.027339804 1.3580937e-19)
(-0.059281965 -0.033470804 -1.1596954e-19)
(-0.060967329 -0.039446838 -2.2182751e-21)
(-0.061119114 -0.044992865 3.5481138e-20)
(-0.059877056 -0.049913321 -3.2489736e-20)
(-0.057328995 -0.053968318 -6.4287187e-21)
(-0.053674452 -0.057011695 -4.1715933e-21)
(-0.049151583 -0.058958811 -6.849096e-21)
(-0.043928108 -0.059669113 -2.1330596e-21)
(-0.038257464 -0.059127295 5.6489026e-22)
(-0.032355025 -0.057306556 4.7198097e-20)
(-0.026444726 -0.054233307 -7.3015062e-20)
(-0.020737277 -0.0499625 -7.8444127e-20)
(-0.015429114 -0.044580861 -3.1980101e-20)
(-0.010697876 -0.038204 -7.3540091e-20)
(-0.006698385 -0.030972882 1.6446181e-20)
(-0.0035573862 -0.023049953 2.3975517e-20)
(-0.0013776403 -0.014630026 -3.7324014e-20)
(-0.0002147038 -0.0058679511 -4.9935809e-21)
(8.9251793e-07 -0.00019963304 -1.1598271e-21)
(7.4005607e-06 9.3936885e-05 -6.8957088e-23)
(2.9765031e-05 0.00038429351 -3.9495237e-21)
(6.8218213e-05 0.00066666295 1.3207992e-20)
(0.00012180725 0.00093606406 -9.2960233e-21)
(0.00018925105 0.0011876216 -2.8318823e-20)
(0.00026873499 0.0014166246 5.3493049e-21)
(0.00035793437 0.0016187619 2.1129096e-20)
(0.00045407178 0.0017902775 -1.9858001e-20)
(0.00055400176 0.0019282104 4.4404319e-20)
(0.00065434438 0.0020305156 8.0607172e-22)
(0.00075175861 0.0020963007 -2.7458293e-20)
(0.00084295635 0.0021257913 -4.4695885e-20)
(0.00092509317 0.0021207412 3.6247375e-20)
(0.0009957825 0.0020838979 -3.8118386e-20)
(0.0010536997 0.0020197934 -6.1291507e-20)
(0.0010982669 0.0019334864 4.0134375e-20)
(0.0011305392 0.0018317061 -6.4349428e-20)
(0.0011528363 0.0017215792 -8.5060972e-20)
(0.0011690858 0.0016107031 5.5171758e-20)
(0.0011854249 0.0015074926 7.0324661e-20)
(0.0012094945 0.0014196526 6.2986327e-20)
(0.0012516212 0.0013552455 5.1750419e-20)
(0.0013238693 0.0013210278 1.2223916e-20)
(0.0014399472 0.0013221291 2.0803386e-20)
(0.0016128933 0.0013598986 -4.450927e-21)
(0.0018505627 0.0014289757 4.0199805e-20)
(0.0021546445 0.0015185685 -1.0742742e-20)
(0.0025112079 0.0016083398 -8.4365086e-21)
(0.0028933146 0.0016744272 5.8099829e-20)
(0.0032734564 0.0016993522 -7.5797175e-20)
(0.0036239226 0.0016718099 -2.2799776e-21)
(0.0039155675 0.0015858682 3.7600439e-20)
(0.0040934098 0.0014325457 1.958224e-20)
(0.0040654859 0.0012032858 -6.2229314e-20)
(0.0036896427 0.00089646797 3.9376474e-21)
(0.0027895799 0.00053376625 1.1593991e-20)
(0.0011445051 0.00016821683 2.1857486e-21)
(-0.0014427341 -9.5770218e-05 -3.140827e-21)
(-0.0051753959 -0.00010924418 1.9622385e-21)
(-0.01040932 0.00034983125 -3.6696998e-21)
(-0.017042469 0.0015858901 2.9867877e-20)
(-0.02449411 0.0037700129 -4.1513809e-20)
(-0.03230962 0.0069803689 1.5970349e-20)
(-0.039886211 0.011164865 -1.4368077e-20)
(-0.046782519 0.016190413 9.1925905e-20)
(-0.052576186 0.021822958 1.4745269e-20)
(-0.057020015 0.027803166 -1.2860764e-19)
(-0.059954177 0.033847881 1.0876011e-19)
(-0.061353589 0.039694334 2.0542222e-21)
(-0.061228585 0.045071037 -3.2276561e-20)
(-0.059740895 0.049797385 2.8779315e-20)
(-0.056961941 0.053620118 -4.375502e-20)
(-0.05311553 0.056415415 3.16833e-21)
(-0.048455161 0.058120563 -4.2276774e-21)
(-0.043118467 0.058566072 5.4462196e-21)
(-0.037378242 0.057764715 -7.3812024e-22)
(-0.031444754 0.055689858 -5.4848503e-20)
(-0.025540698 0.052373847 8.0720516e-20)
(-0.019875066 0.047878152 8.4296898e-20)
(-0.014640652 0.042293178 3.3725955e-20)
(-0.010011809 0.035740136 7.6493554e-20)
(-0.0061386087 0.028362343 -1.6921614e-20)
(-0.0031430557 0.020327403 4.8478927e-20)
(-0.0011224645 0.011822268 3.7745487e-20)
(-0.00013136671 0.0030420562 5.0150132e-21)
)
;
    }
    frontAndBack
    {
        type            empty;
    }
}


// ************************************************************************* //
