/*--------------------------------*- C++ -*----------------------------------*\
  =========                 |
  \\      /  F ield         | OpenFOAM: The Open Source CFD Toolbox
   \\    /   O peration     | Website:  https://openfoam.org
    \\  /    A nd           | Version:  13
     \\/     M anipulation  |
\*---------------------------------------------------------------------------*/
FoamFile
{
    format      ascii;
    class       volVectorField;
    location    "38.597599";
    object      wallShearStress;
}
// * * * * * * * * * * * * * * * * * * * * * * * * * * * * * * * * * * * * * //

dimensions      [0 2 -2 0 0 0 0];

internalField   uniform (0 0 0);

boundaryField
{
    inlet
    {
        type            calculated;
        value           uniform (0 0 0);
    }
    outlet
    {
        type            calculated;
        value           uniform (0 0 0);
    }
    cylinder
    {
        type            calculated;
        value           nonuniform List<vector> 
132
(
(2.1763038e-05 -0.0013549528 -2.7082829e-22)
(6.9082343e-05 -0.0016115463 7.7151545e-23)
(0.00013127623 -0.0018600218 4.2591106e-21)
(0.00020742209 -0.002095876 -1.4284215e-20)
(0.00029644303 -0.0023145863 1.0074612e-20)
(0.00039674353 -0.0025116322 3.0751516e-20)
(0.00050621293 -0.0026826951 -5.8195553e-21)
(0.0006221916 -0.0028238574 -2.3025444e-20)
(0.00074169906 -0.0029317219 2.1673276e-20)
(0.00086138643 -0.0030036742 -4.8528507e-20)
(0.00097766469 -0.0030379636 -8.8194781e-22)
(0.0010869475 -0.0030340915 3.0072057e-20)
(0.0011857329 -0.0029925793 4.8988266e-20)
(0.0012710618 -0.0029156893 -3.9751679e-20)
(0.001340402 -0.0028065364 4.1820716e-20)
(0.0013923367 -0.0026700855 6.7261151e-20)
(0.0014263967 -0.0025121424 -4.4047752e-20)
(0.0014435397 -0.0023397015 7.0622301e-20)
(0.0014465476 -0.0021609881 9.3340331e-20)
(0.0014395753 -0.0019841383 -6.0529188e-20)
(0.001429066 -0.0018180948 -7.7132428e-20)
(0.0014231836 -0.0016712489 2.7147326e-23)
(0.0014327828 -0.0015521888 1.1187081e-20)
(0.0014706562 -0.001468262 -1.339416e-20)
(0.0015520285 -0.0014257325 -2.2787043e-20)
(0.0016919773 -0.0014271436 4.873635e-21)
(0.0019021356 -0.0014691898 -4.4001463e-20)
(0.0021879068 -0.0015422065 1.1754234e-20)
(0.0025398211 -0.0016266677 9.227029e-21)
(0.0029337546 -0.0016977085 -6.3516716e-20)
(0.0033353863 -0.0017313611 8.2827188e-20)
(0.003707129 -0.0017100705 2.5046728e-21)
(0.0040214683 -0.0016285846 1.803563e-20)
(0.0042330132 -0.0014811003 -2.1345092e-20)
(0.0042544803 -0.0012587184 6.7731888e-20)
(0.0039477952 -0.00095829955 -4.2777774e-21)
(0.0031413253 -0.00059925579 1.7232208e-20)
(0.0016152057 -0.00023084074 -2.3631719e-21)
(-0.00083658906 4.6709622e-05 3.3868815e-21)
(-0.0044413527 9.0486716e-05 -2.1106444e-21)
(-0.0095525294 -0.00032329262 3.9389649e-21)
(-0.016112082 -0.0015010839 -1.2142956e-22)
(-0.023567538 -0.0036291246 4.4516262e-20)
(-0.031465109 -0.0067996502 -1.715216e-20)
(-0.039211994 -0.010977572 1.5476945e-20)
(-0.046329373 -0.016034961 -9.9453039e-20)
(-0.052381371 -0.021744093 -1.6051188e-20)
(-0.057101066 -0.027844664 1.4113082e-19)
(-0.060306623 -0.03404884 -1.2065661e-19)
(-0.0619595 -0.040088346 -2.3128436e-21)
(-0.0620656 -0.045689229 3.7127221e-20)
(-0.060764261 -0.050652545 -3.4202839e-20)
(-0.058150206 -0.054741127 -6.8448548e-21)
(-0.05442483 -0.057808516 -4.5520211e-21)
(-0.049825819 -0.059767433 -8.1615985e-21)
(-0.044525467 -0.060480465 -1.0773559e-21)
(-0.038777523 -0.05993108 5.1378079e-22)
(-0.032799238 -0.058093481 4.5092389e-20)
(-0.02681574 -0.054994483 -7.1015851e-20)
(-0.021038849 -0.050689585 -7.6993375e-20)
(-0.015666034 -0.045266238 -3.1558352e-20)
(-0.010875757 -0.038840594 -7.2823138e-20)
(-0.0068237069 -0.031554724 1.6324162e-20)
(-0.0036372 -0.023571394 2.3836449e-20)
(-0.0014197069 -0.015088221 -3.7148556e-20)
(-0.00022651127 -0.0062548911 -4.9736401e-21)
(-1.1437997e-05 -0.0010922265 -1.2447817e-21)
(-3.0385703e-05 -0.00082255271 -7.4051157e-23)
(-3.4357266e-05 -0.00054719701 -4.2436719e-21)
(-2.3081291e-05 -0.00027090163 1.4199215e-20)
(3.5736992e-06 2.2134948e-06 -9.9987765e-21)
(4.490759e-05 0.00026763447 -3.0475352e-20)
(0.00010057946 0.00052058402 5.7595736e-21)
(0.00016881495 0.00075652941 2.2761447e-20)
(0.00024766358 0.00097122847 -2.1403861e-20)
(0.00033473258 0.001160895 4.7888875e-20)
(0.00042723416 0.0013223817 8.698594e-22)
(0.00052218754 0.0014534001 -2.9651641e-20)
(0.00061655661 0.0015525986 -4.8301211e-20)
(0.00070741375 0.001619838 3.9201632e-20)
(0.00079211752 0.0016560912 -4.1258793e-20)
(0.00086870182 0.0016638188 -6.6397462e-20)
(0.00093585468 0.0016463899 4.3515436e-20)
(0.00099363269 0.0016088794 -6.9831195e-20)
(0.0010430147 0.0015567079 -9.2385858e-20)
(0.0010870192 0.0014968907 5.9971811e-20)
(0.0011302998 0.0014367674 7.650195e-20)
(0.0011794809 0.0013839196 6.8567048e-20)
(0.0012438806 0.0013464855 5.6370716e-20)
(0.0013343002 0.001331194 1.33224e-20)
(0.0014631314 0.0013433159 2.2682725e-20)
(0.0016417611 0.0013842645 -4.8546245e-21)
(0.0018781637 0.0014504274 4.3855187e-20)
(0.002170528 0.0015299638 -1.1720704e-20)
(0.0025109366 0.001608334 -9.2037483e-21)
(0.0028785654 0.0016660144 6.3371842e-20)
(0.0032446134 0.0016844715 -8.2651965e-20)
(0.0035823372 0.0016527053 -2.4852202e-21)
(0.0038600365 0.0015634799 4.0964035e-20)
(0.0040183458 0.0014064621 2.1319767e-20)
(0.0039570622 0.0011715568 -6.769248e-20)
(0.0035263345 0.00085745092 4.2782335e-21)
(0.0025500467 0.00048928464 1.2576786e-20)
(0.00080238185 0.00012285257 2.3661027e-21)
(-0.0019111085 -0.00013480242 -3.3910056e-21)
(-0.0057776319 -0.00012438763 2.1118929e-21)
(-0.011162244 0.00037351965 -3.9345495e-21)
(-0.017938776 0.0016680766 3.1886277e-20)
(-0.025496721 0.0039231579 -4.4126476e-20)
(-0.033371142 0.0072085862 1.6905774e-20)
(-0.040965202 0.01146605 -1.5155472e-20)
(-0.047850647 0.016559308 9.6674091e-20)
(-0.053599222 0.02224653 1.5470174e-20)
(-0.057976039 0.028268348 -1.3472856e-19)
(-0.06082978 0.034341306 1.1386578e-19)
(-0.062140132 0.040202378 2.1519645e-21)
(-0.06192205 0.045580738 -3.3890496e-20)
(-0.060343564 0.05029904 3.0378111e-20)
(-0.057472666 0.054100187 -4.6717571e-20)
(-0.053538987 0.056864561 3.4886977e-21)
(-0.04880093 0.058534692 -5.676789e-21)
(-0.043389454 0.058933516 4.64556e-21)
(-0.037582769 0.058080148 -7.0126985e-22)
(-0.0315904 0.055947097 -5.3405549e-20)
(-0.025635703 0.052567857 7.9414159e-20)
(-0.019928084 0.048004887 8.3387336e-20)
(-0.014660507 0.042349249 3.3469063e-20)
(-0.010007566 0.035723147 7.6059883e-20)
(-0.0061194129 0.028270685 -1.6845751e-20)
(-0.0031180706 0.020160435 4.8293807e-20)
(-0.0011008047 0.011579489 3.7611526e-20)
(-0.0001225308 0.0027285608 4.9969261e-21)
)
;
    }
    frontAndBack
    {
        type            empty;
    }
}


// ************************************************************************* //
