/*--------------------------------*- C++ -*----------------------------------*\
  =========                 |
  \\      /  F ield         | OpenFOAM: The Open Source CFD Toolbox
   \\    /   O peration     | Website:  https://openfoam.org
    \\  /    A nd           | Version:  13
     \\/     M anipulation  |
\*---------------------------------------------------------------------------*/
FoamFile
{
    format      ascii;
    class       volVectorField;
    location    "10.598955";
    object      wallShearStress;
}
// * * * * * * * * * * * * * * * * * * * * * * * * * * * * * * * * * * * * * //

dimensions      [0 2 -2 0 0 0 0];

internalField   uniform (0 0 0);

boundaryField
{
    inlet
    {
        type            calculated;
        value           uniform (0 0 0);
    }
    outlet
    {
        type            calculated;
        value           uniform (0 0 0);
    }
    cylinder
    {
        type            calculated;
        value           nonuniform List<vector> 
132
(
(9.3124267e-05 -0.0019210049 -1.0364655e-22)
(0.00038154414 -0.0076891162 3.0028642e-23)
(0.000984086 -0.013333124 1.7404913e-21)
(0.0018826013 -0.018666785 -6.2422784e-21)
(0.0030380074 -0.023502888 4.7808616e-21)
(0.0043902212 -0.027661799 1.5983039e-20)
(0.0058589933 -0.030983087 -3.3210968e-21)
(0.0073487941 -0.033334299 -1.4387315e-20)
(0.0087548108 -0.034621508 1.4729713e-20)
(0.0099675841 -0.034799265 -3.5531996e-20)
(0.010883072 -0.033878404 -6.8752371e-22)
(0.011412902 -0.03193116 2.4682396e-20)
(0.011495351 -0.029092914 4.1779383e-20)
(0.01110615 -0.025559737 -3.4793281e-20)
(0.010264853 -0.021574297 3.7134643e-20)
(0.0090381117 -0.017408443 5.9973619e-20)
(0.0075338928 -0.013334197 -3.9105481e-20)
(0.0058854644 -0.0095936846 6.2033597e-20)
(0.0042351654 -0.0063700538 8.0788547e-20)
(0.0027096241 -0.0037675219 -5.152209e-20)
(0.0014005324 -0.0018063755 -6.4558768e-20)
(0.00035409385 -0.00043533621 2.2317924e-23)
(-0.00043071863 0.00045419691 9.0885112e-21)
(-0.0009739154 0.00096582904 -1.0745739e-20)
(-0.0012691035 0.0011651872 -1.8074261e-20)
(-0.0012254421 0.0010387264 3.8229692e-21)
(-0.00079310385 0.00062356489 -3.4165673e-20)
(0.00027715434 -0.00018059943 9.0453133e-21)
(0.0017215856 -0.0010897597 7.0798581e-21)
(0.0030677329 -0.0017674842 -4.880468e-20)
(0.0040208515 -0.0020847786 6.3957912e-20)
(0.0044947184 -0.0020741672 1.9434895e-21)
(0.0046921523 -0.0019017151 1.4050559e-20)
(0.0047775488 -0.0016724673 -1.6676764e-20)
(0.0047662534 -0.0014101229 5.3088809e-20)
(0.004478986 -0.0010865529 -3.3662669e-21)
(0.0037136346 -0.00070673914 1.3628232e-20)
(0.0022376187 -0.00031448103 -1.8801598e-21)
(-0.00016132894 -6.472697e-06 2.7136689e-21)
(-0.0037339188 7.2013117e-05 -1.7046497e-21)
(-0.0088327018 -0.00030004435 3.2109473e-21)
(-0.015486667 -0.0014450011 -1.000661e-22)
(-0.023187776 -0.0035728598 3.706826e-20)
(-0.031486791 -0.0068067513 -1.4431168e-20)
(-0.039794805 -0.011143338 1.3146855e-20)
(-0.04758087 -0.016470277 -8.517331e-20)
(-0.054349681 -0.022564224 -1.3834891e-20)
(-0.059770051 -0.029149449 1.2212915e-19)
(-0.063599879 -0.035911393 -1.0451312e-19)
(-0.065757417 -0.042548656 -1.997196e-21)
(-0.066222796 -0.04875232 3.1768085e-20)
(-0.065116549 -0.054283043 -2.8705554e-20)
(-0.062538938 -0.05887486 -5.5205678e-21)
(-0.058712833 -0.062365132 -3.3340159e-21)
(-0.053880557 -0.064632908 -3.8814846e-21)
(-0.048238547 -0.065525495 -4.6345395e-21)
(-0.042069797 -0.065020467 6.9440955e-22)
(-0.035617107 -0.063085289 5.3020488e-20)
(-0.029133458 -0.05974824 -7.9161714e-20)
(-0.022856819 -0.05506979 -8.3490274e-20)
(-0.017009083 -0.049146475 -3.3664557e-20)
(-0.011790962 -0.04210777 -7.6866381e-20)
(-0.0073772518 -0.034111597 1.7107805e-20)
(-0.0039107374 -0.025340253 2.4856943e-20)
(-0.0015081039 -0.016012022 -3.8606682e-20)
(-0.00023178155 -0.0063015354 -5.1570715e-21)
(0.00011898037 0.0038480337 -4.7971035e-22)
(0.00045695377 0.0095511592 -2.9527929e-23)
(0.0011018722 0.01506341 -1.789501e-21)
(0.0020300912 0.020200688 6.4578969e-21)
(0.0031974367 0.024781424 -4.9650283e-21)
(0.0045396818 0.028635304 -1.6616711e-20)
(0.0059732525 0.031613802 3.4489696e-21)
(0.0074025054 0.033598976 1.489996e-20)
(0.0087234111 0.034514637 -1.5195895e-20)
(0.0098300782 0.034333785 3.6492532e-20)
(0.010624794 0.033086892 7.0281163e-22)
(0.011028011 0.030865083 -2.5108673e-20)
(0.010989188 0.027821194 -4.2307809e-20)
(0.010496134 0.024163825 3.5087739e-20)
(0.0095804068 0.020142461 -3.7315639e-20)
(0.0083183493 0.01602699 -6.0093406e-20)
(0.0068216364 0.012077681 3.9103271e-20)
(0.0052236901 0.0085183671 -6.19527e-20)
(0.0036590482 0.0055065006 -8.0643997e-20)
(0.0022407846 0.0031187791 5.1436731e-20)
(0.0010474994 0.001354935 6.4486426e-20)
(0.00010573267 0.00014156526 5.6883033e-20)
(-0.00058306097 -0.00062097756 4.6098702e-20)
(-0.0010435337 -0.0010367554 1.0757269e-20)
(-0.0012575946 -0.0011559849 1.8101281e-20)
(-0.0011125746 -0.00094576264 -3.8292863e-21)
(-0.00043681852 -0.00035014599 3.4240862e-20)
(0.00073309103 0.00050245066 -9.0895499e-21)
(0.0021353212 0.0013562822 -7.1258272e-21)
(0.0033623902 0.0019399607 4.9211858e-20)
(0.0041439469 0.0021501545 -6.4519585e-20)
(0.0045139104 0.0020837287 -1.9496846e-21)
(0.0046644315 0.0018907178 3.2260639e-20)
(0.0047308928 0.0016564283 1.6845889e-20)
(0.0046571636 0.001378526 -5.3694657e-20)
(0.0042518755 0.0010326961 3.4101551e-21)
(0.0033077434 0.00063174621 1.008532e-20)
(0.0015932996 0.00022933666 1.9110808e-21)
(-0.0010962805 -6.5253483e-05 -2.7620229e-21)
(-0.004989778 -0.00010300013 1.7364787e-21)
(-0.010443022 0.00035242827 -3.2706214e-21)
(-0.017418753 0.0016221413 2.6830107e-20)
(-0.025342968 0.0039019531 -3.7586778e-20)
(-0.033748598 0.0072927309 1.4572352e-20)
(-0.042023246 0.011764477 -1.3206667e-20)
(-0.049665225 0.017189382 8.5046033e-20)
(-0.056196962 0.023328121 1.3718856e-20)
(-0.061318577 0.02990149 -1.2016248e-19)
(-0.064815032 0.036594456 1.0188872e-19)
(-0.066634458 0.043113166 1.9254138e-21)
(-0.066759843 0.049144768 -3.016762e-20)
(-0.065357908 0.054481417 2.6679949e-20)
(-0.062491099 0.058826692 -3.9733262e-20)
(-0.058416439 0.062047376 2.7108867e-21)
(-0.053406115 0.06406063 -1.956727e-21)
(-0.047606657 0.064663627 6.8634499e-21)
(-0.041334105 0.063879507 -8.1436681e-22)
(-0.034819711 0.061668345 -5.8440958e-20)
(-0.02831704 0.058068344 8.4723387e-20)
(-0.022061273 0.053146018 8.7778839e-20)
(-0.016270261 0.047002284 3.4959371e-20)
(-0.01114088 0.039772637 7.9077823e-20)
(-0.0068425571 0.031617548 -1.7466421e-20)
(-0.0035128298 0.022724859 5.0002665e-20)
(-0.0012621114 0.013304597 3.8927403e-20)
(-0.00015133911 0.0035737855 5.1742145e-21)
)
;
    }
    frontAndBack
    {
        type            empty;
    }
}


// ************************************************************************* //
