/*--------------------------------*- C++ -*----------------------------------*\
  =========                 |
  \\      /  F ield         | OpenFOAM: The Open Source CFD Toolbox
   \\    /   O peration     | Website:  https://openfoam.org
    \\  /    A nd           | Version:  13
     \\/     M anipulation  |
\*---------------------------------------------------------------------------*/
FoamFile
{
    format      ascii;
    class       volVectorField;
    location    "41.997131";
    object      wallShearStress;
}
// * * * * * * * * * * * * * * * * * * * * * * * * * * * * * * * * * * * * * //

dimensions      [0 2 -2 0 0 0 0];

internalField   uniform (0 0 0);

boundaryField
{
    inlet
    {
        type            calculated;
        value           uniform (0 0 0);
    }
    outlet
    {
        type            calculated;
        value           uniform (0 0 0);
    }
    cylinder
    {
        type            calculated;
        value           nonuniform List<vector> 
132
(
(-1.293354e-05 0.0011930162 -2.8219194e-22)
(-3.4812657e-05 0.00093013766 8.0371304e-23)
(-4.1915218e-05 0.00065636333 4.4363023e-21)
(-3.324663e-05 0.00037542783 -1.4876983e-20)
(-8.2055339e-06 9.1877567e-05 1.0492462e-20)
(3.3104043e-05 -0.00018931964 3.2029872e-20)
(9.0145331e-05 -0.00046340771 -6.0629252e-21)
(0.00016222266 -0.00072487891 -2.3997726e-20)
(0.0002473844 -0.00096851813 2.2601482e-20)
(0.0003432954 -0.0011893608 -5.0646192e-20)
(0.00044709397 -0.001382954 -9.2131768e-22)
(0.000555553 -0.0015455221 3.1452903e-20)
(0.00066511713 -0.0016742671 5.1308919e-20)
(0.00077214427 -0.0017675592 -4.1700226e-20)
(0.00087315905 -0.0018251392 4.3946107e-20)
(0.00096513793 -0.0018482466 7.0809386e-20)
(0.0010457978 -0.0018396422 -4.6459857e-20)
(0.0011139996 -0.0018037269 7.4633866e-20)
(0.001169895 -0.0017461419 9.8831409e-20)
(0.0012155611 -0.0016740828 -6.4208096e-20)
(0.0012548732 -0.0015954141 -8.1962662e-20)
(0.001294148 -0.0015188659 2.8884661e-23)
(0.0013421431 -0.001453346 1.1923151e-20)
(0.001410196 -0.0014074587 -1.4292548e-20)
(0.0015110047 -0.0013878207 -2.4339451e-20)
(0.0016577288 -0.0013982219 5.2095716e-21)
(0.0018614365 -0.0014378784 -4.7058805e-20)
(0.0021261184 -0.0014988816 1.2574504e-20)
(0.0024447988 -0.001566059 9.8713112e-21)
(0.0028003365 -0.0016206929 -6.7938479e-20)
(0.0031680498 -0.0016445694 8.8556519e-20)
(0.0035201658 -0.0016238019 2.6763633e-21)
(0.0038222582 -0.0015479177 1.9259658e-20)
(0.0040156041 -0.0014051462 -2.2775312e-20)
(0.004012108 -0.001187276 7.2190989e-20)
(0.0036736063 -0.0008922745 -4.5528035e-21)
(0.0028255145 -0.00054012555 1.8305278e-20)
(0.001248169 -0.00018171823 -2.5042073e-21)
(-0.0012612726 8.0791605e-05 3.5781319e-21)
(-0.0049162121 0.0001027763 -2.2219065e-21)
(-0.010080187 -0.00033956669 4.1291451e-21)
(-0.01667761 -0.0015526749 -1.2668576e-22)
(-0.024146937 -0.0037174024 4.6228757e-20)
(-0.03203688 -0.0069223525 -1.7732189e-20)
(-0.039743789 -0.011125854 1.5934469e-20)
(-0.046807071 -0.016199811 -1.0202471e-19)
(-0.052793412 -0.021914354 -1.6412619e-20)
(-0.057439326 -0.028008897 1.4391034e-19)
(-0.060571202 -0.034197551 -1.2272913e-19)
(-0.062151396 -0.040211876 -2.3474985e-21)
(-0.062188774 -0.045779299 3.76087e-20)
(-0.060825889 -0.050703324 -3.4582369e-20)
(-0.058153386 -0.054743489 -6.9063946e-21)
(-0.05437826 -0.057758437 -4.5818437e-21)
(-0.04974031 -0.059664179 -8.1672929e-21)
(-0.044404904 -0.060315909 -1.1520103e-21)
(-0.038630745 -0.059703311 5.2134131e-22)
(-0.032633908 -0.057799522 4.5573279e-20)
(-0.026639728 -0.054632079 -7.1636146e-20)
(-0.020860241 -0.050257352 -7.7562603e-20)
(-0.015492771 -0.044762937 -3.1756894e-20)
(-0.010716022 -0.038266141 -7.3208536e-20)
(-0.0066854374 -0.030908736 1.6394965e-20)
(-0.0035285259 -0.022855391 2.3916416e-20)
(-0.0013483551 -0.014299732 -3.7235491e-20)
(-0.0002016915 -0.0054065376 -4.979727e-21)
(2.2788728e-05 0.0014438821 -1.2972334e-21)
(7.1796768e-05 0.0016833797 -7.7183714e-23)
(0.00013440554 0.0019096352 -4.4236576e-21)
(0.00020926328 0.0021183663 1.48018e-20)
(0.00029489582 0.0023056197 -1.0422266e-20)
(0.00038937536 0.0024676004 -3.1758975e-20)
(0.00049037415 0.0026010113 5.9999645e-21)
(0.00059518029 0.0027030581 2.3698613e-20)
(0.00070084537 0.0027717798 -2.2268791e-20)
(0.00080429634 0.0028059228 4.977761e-20)
(0.00090247841 0.0028054602 9.0316419e-22)
(0.00099239775 0.0027711151 -3.0744905e-20)
(0.0010715693 0.0027052289 -5.0006089e-20)
(0.0011378296 0.0026106883 4.0517429e-20)
(0.0011899962 0.0024920768 -4.2566664e-20)
(0.0012276725 0.0023546191 -6.8372798e-20)
(0.0012516245 0.0022044887 4.4722814e-20)
(0.0012641017 0.0020488666 -7.1629431e-20)
(0.0012684632 0.0018947947 -9.4583916e-20)
(0.0012699649 0.0017500602 6.1287487e-20)
(0.0012753136 0.0016220278 7.8047766e-20)
(0.0012934057 0.0015182477 6.9845906e-20)
(0.0013350419 0.0014455792 5.7345265e-20)
(0.0014132325 0.0014101347 1.3537458e-20)
(0.0015418998 0.0014156395 2.3028211e-20)
(0.0017336797 0.0014616274 -4.9253073e-21)
(0.0019969777 0.001541959 4.4474996e-20)
(0.0023275005 0.0016403856 -1.1884303e-20)
(0.0027105747 0.0017360548 -9.3327304e-21)
(0.0031177484 0.0018044023 6.4275369e-20)
(0.0035128219 0.0018237728 -8.3859599e-20)
(0.0038672271 0.001784253 -2.5226561e-21)
(0.004152091 0.001681893 4.1603631e-20)
(0.0043085235 0.0015081205 2.1667306e-20)
(0.0042324179 0.0012531348 -6.885701e-20)
(0.0037671778 0.00091600639 4.3568175e-21)
(0.0027299778 0.00052367785 1.2826108e-20)
(0.00088724013 0.00013502357 2.4171557e-21)
(-0.0019561195 -0.00013757401 -3.4709294e-21)
(-0.0059889937 -0.00012885314 2.1661971e-21)
(-0.011579216 0.0003873903 -4.0445665e-21)
(-0.018576789 0.0017271866 3.2846824e-20)
(-0.026341852 0.0040528624 -4.5540169e-20)
(-0.034392103 0.0074286954 1.7474996e-20)
(-0.042123589 0.011789776 -1.5688446e-20)
(-0.049115347 0.016996469 1.0022011e-19)
(-0.054926491 0.022796874 1.6062399e-20)
(-0.05932947 0.028927759 -1.4016171e-19)
(-0.062181408 0.035103897 1.1876174e-19)
(-0.063462339 0.041057397 2.2526935e-21)
(-0.063198092 0.046519705 -3.5672765e-20)
(-0.061553714 0.051307501 3.2257505e-20)
(-0.058608734 0.055169491 -5.0439865e-20)
(-0.054593188 0.057984221 3.9140641e-21)
(-0.049762994 0.059688763 -7.7151536e-21)
(-0.044257881 0.060113349 3.4587739e-21)
(-0.03835469 0.05927357 -6.4400731e-22)
(-0.032265524 0.057143534 -5.1071958e-20)
(-0.026215118 0.053757154 7.7244278e-20)
(-0.020414118 0.049177425 8.1867487e-20)
(-0.015056654 0.043496198 3.3052201e-20)
(-0.010318273 0.036836406 7.5415215e-20)
(-0.0063499607 0.029342975 -1.6752087e-20)
(-0.0032744935 0.021185247 4.813366e-20)
(-0.001189716 0.012553311 3.755411e-20)
(-0.00014949696 0.003636511 4.9966046e-21)
)
;
    }
    frontAndBack
    {
        type            empty;
    }
}


// ************************************************************************* //
