/*--------------------------------*- C++ -*----------------------------------*\
  =========                 |
  \\      /  F ield         | OpenFOAM: The Open Source CFD Toolbox
   \\    /   O peration     | Website:  https://openfoam.org
    \\  /    A nd           | Version:  13
     \\/     M anipulation  |
\*---------------------------------------------------------------------------*/
FoamFile
{
    format      ascii;
    class       volVectorField;
    location    "23.003083";
    object      wallShearStress;
}
// * * * * * * * * * * * * * * * * * * * * * * * * * * * * * * * * * * * * * //

dimensions      [0 2 -2 0 0 0 0];

internalField   uniform (0 0 0);

boundaryField
{
    inlet
    {
        type            calculated;
        value           uniform (0 0 0);
    }
    outlet
    {
        type            calculated;
        value           uniform (0 0 0);
    }
    cylinder
    {
        type            calculated;
        value           nonuniform List<vector> 
132
(
(-4.400334e-06 0.00078144469 -2.3724483e-22)
(-4.8862043e-06 0.00027138977 6.7446671e-23)
(2.2737521e-05 -0.00023787687 3.7188243e-21)
(7.7432224e-05 -0.0007366085 -1.2458386e-20)
(0.00015935901 -0.0012139525 8.7800085e-21)
(0.00026535074 -0.0016588388 2.6788831e-20)
(0.00039165358 -0.0020606853 -5.069375e-21)
(0.00053330021 -0.0024095172 -2.0063067e-20)
(0.00068424454 -0.0026966058 1.8896206e-20)
(0.00083748483 -0.0029149151 -4.2347532e-20)
(0.00098574339 -0.003059656 -7.7044312e-22)
(0.0011214662 -0.0031285911 2.6303957e-20)
(0.0012375592 -0.0031227352 4.2908622e-20)
(0.00132782 -0.0030461775 -3.4867866e-20)
(0.0013876789 -0.0029065103 3.6734589e-20)
(0.0014147656 -0.0027145885 5.9162003e-20)
(0.00140863 -0.0024826691 -3.8793545e-20)
(0.0013725594 -0.0022266342 6.2271019e-20)
(0.00131232 -0.0019624653 8.2389038e-20)
(0.0012364093 -0.0017060041 -5.3476419e-20)
(0.0011560467 -0.001472402 -6.8198848e-20)
(0.0010846299 -0.0012749738 2.4000714e-23)
(0.0010384319 -0.0011257774 9.9030458e-21)
(0.0010368643 -0.0010353881 -1.1861427e-20)
(0.001101148 -0.001011118 -2.0185076e-20)
(0.0012525802 -0.0010555543 4.3179357e-21)
(0.0015005678 -0.0011577725 -3.8991075e-20)
(0.0018390563 -0.0012951282 1.0418004e-20)
(0.0022354719 -0.0014309355 8.1803474e-21)
(0.0026420374 -0.0015285625 -5.6327751e-20)
(0.0030183499 -0.0015667649 7.3465494e-20)
(0.0033507515 -0.0015456823 2.2214174e-21)
(0.0036401217 -0.001474035 1.5992809e-20)
(0.0038577379 -0.0013494938 -1.8921051e-20)
(0.0039315041 -0.0011626617 6.0015866e-20)
(0.0037311824 -0.00090496094 -3.7887699e-21)
(0.0030949431 -0.00058910348 1.5255524e-20)
(0.0018185943 -0.00025636625 -2.0913007e-21)
(-0.00030265552 6.6734636e-06 2.9968228e-21)
(-0.0035036291 6.8501314e-05 -1.8679272e-21)
(-0.0081284016 -0.0002762716 3.4887436e-21)
(-0.014186627 -0.0013235237 -1.0773398e-22)
(-0.021199907 -0.0032664273 3.9578384e-20)
(-0.028741643 -0.0062131138 -1.5287038e-20)
(-0.036258266 -0.010152744 1.3826727e-20)
(-0.043258007 -0.014973776 -8.9005536e-20)
(-0.04929269 -0.020464234 -1.4378559e-20)
(-0.054078082 -0.026372705 1.2635994e-19)
(-0.057408496 -0.032414575 -1.0777076e-19)
(-0.059230064 -0.038324186 -2.0552199e-21)
(-0.059530698 -0.043824782 3.2679447e-20)
(-0.058442674 -0.0487187 -2.9604958e-20)
(-0.056047763 -0.052763095 -5.7350961e-21)
(-0.05254185 -0.055809426 -3.5420947e-21)
(-0.048161765 -0.057772085 -4.6904889e-21)
(-0.043072728 -0.058507638 -3.8617729e-21)
(-0.037527664 -0.057999614 6.4828847e-22)
(-0.031741499 -0.056219905 5.0622566e-20)
(-0.025937875 -0.053193591 -7.6251315e-20)
(-0.020327548 -0.048974713 -8.0773531e-20)
(-0.015107005 -0.043648994 -3.2646948e-20)
(-0.010454144 -0.037331534 -7.4641542e-20)
(-0.0065238679 -0.030162182 1.6624052e-20)
(-0.0034432418 -0.0223035 2.4159993e-20)
(-0.0013150887 -0.01394694 -3.7520944e-20)
(-0.00019623307 -0.0052553754 -5.0101229e-21)
(2.3935894e-05 0.0012863721 -1.0927201e-21)
(7.8983361e-05 0.0017856787 -6.516293e-23)
(0.00016253595 0.0022739622 -3.7442564e-21)
(0.00027292497 0.0027403966 1.2564903e-20)
(0.00040795453 0.0031741137 -8.875655e-21)
(0.00056416215 0.003564168 -2.7140398e-20)
(0.00073682874 0.0039000903 5.1464485e-21)
(0.00091992554 0.0041723231 2.0406185e-20)
(0.0011065836 0.0043727343 -1.9251156e-20)
(0.0012891049 0.0044950688 4.3203573e-20)
(0.0014593432 0.0045355922 7.8691283e-22)
(0.0016092056 0.0044935453 -2.6889646e-20)
(0.0017311311 0.0043712794 -4.3889937e-20)
(0.0018190969 0.0041754917 3.5676547e-20)
(0.0018680515 0.0039143208 -3.7589085e-20)
(0.001876539 0.0036018184 -6.052662e-20)
(0.0018453574 0.0032532604 3.9672938e-20)
(0.0017785689 0.0028859259 -6.3646066e-20)
(0.0016840468 0.0025188413 -8.4149156e-20)
(0.0015716991 0.0021690403 5.4575499e-20)
(0.0014550227 0.0018535555 6.9542063e-20)
(0.0013492845 0.0015864407 6.2254468e-20)
(0.0012726122 0.001380064 5.1117816e-20)
(0.001245865 0.0012445539 1.2066253e-20)
(0.0012917411 0.0011866247 2.0520798e-20)
(0.0014325528 0.0012076887 -4.3876081e-21)
(0.0016794919 0.0012962233 3.9608157e-20)
(0.0020245845 0.0014260919 -1.0581865e-20)
(0.0024341849 0.0015583496 -8.3103234e-21)
(0.0028572829 0.0016532402 5.7245731e-20)
(0.0032500339 0.0016871537 -7.4711047e-20)
(0.0035911552 0.0016567636 -2.2479969e-21)
(0.0038724332 0.001568419 3.7080183e-20)
(0.0040524117 0.0014181142 1.9313333e-20)
(0.0040433376 0.001196535 -6.1377638e-20)
(0.0037037604 0.00089955419 3.8837897e-21)
(0.002859466 0.00054645909 1.1435044e-20)
(0.001293813 0.00018774399 2.1556893e-21)
(-0.0011916094 -7.5132362e-05 -3.0976388e-21)
(-0.0048084076 -0.00010025668 1.9354291e-21)
(-0.0099078131 0.00033385404 -3.6205657e-21)
(-0.016413265 0.001528058 2.9486032e-20)
(-0.023764227 0.0036583943 -4.1016923e-20)
(-0.031513876 0.0068092058 1.5796686e-20)
(-0.03907286 0.01093785 -1.4229928e-20)
(-0.045981994 0.015913996 9.116278e-20)
(-0.05181882 0.021509457 1.4644657e-20)
(-0.056328458 0.027466781 -1.2791854e-19)
(-0.059339704 0.033501761 1.0835303e-19)
(-0.060823836 0.039352344 2.0501163e-21)
(-0.060784808 0.044745081 -3.2280084e-20)
(-0.059379779 0.04949706 2.8860872e-20)
(-0.056681755 0.053357064 -4.4079386e-20)
(-0.052908391 0.056196053 3.2225393e-21)
(-0.048310136 0.057947281 -4.575482e-21)
(-0.043030895 0.058447855 5.1925407e-21)
(-0.037338858 0.057704648 -7.2339282e-22)
(-0.031445115 0.055691419 -5.4145311e-20)
(-0.025572298 0.052439763 7.9972133e-20)
(-0.01992931 0.048010254 8.3708919e-20)
(-0.014709151 0.042493011 3.3549258e-20)
(-0.010086214 0.036008641 7.6204232e-20)
(-0.0062106769 0.028700115 -1.6880129e-20)
(-0.0032046897 0.020734644 4.8423152e-20)
(-0.0011655356 0.012300092 3.7752776e-20)
(-0.00014696124 0.0035844155 5.0232462e-21)
)
;
    }
    frontAndBack
    {
        type            empty;
    }
}


// ************************************************************************* //
