/*--------------------------------*- C++ -*----------------------------------*\
  =========                 |
  \\      /  F ield         | OpenFOAM: The Open Source CFD Toolbox
   \\    /   O peration     | Website:  https://openfoam.org
    \\  /    A nd           | Version:  13
     \\/     M anipulation  |
\*---------------------------------------------------------------------------*/
FoamFile
{
    format      ascii;
    class       volVectorField;
    location    "0.700512";
    object      wallShearStress;
}
// * * * * * * * * * * * * * * * * * * * * * * * * * * * * * * * * * * * * * //

dimensions      [0 2 -2 0 0 0 0];

internalField   uniform (0 0 0);

boundaryField
{
    inlet
    {
        type            calculated;
        value           uniform (0 0 0);
    }
    outlet
    {
        type            calculated;
        value           uniform (0 0 0);
    }
    cylinder
    {
        type            calculated;
        value           nonuniform List<vector> 
132
(
(2.0374958e-05 -0.00032503242 -5.863593e-23)
(8.3553384e-05 -0.0016479259 1.7042201e-23)
(0.00022048594 -0.0029642427 9.9161503e-22)
(0.00043097032 -0.0042521641 -3.5920215e-21)
(0.00071304787 -0.0054936465 2.7930824e-21)
(0.001063152 -0.0066747587 9.5370546e-21)
(0.0014768104 -0.0077839264 -2.0373288e-21)
(0.0019487919 -0.0088101617 -9.1372603e-21)
(0.0024717436 -0.0097408031 9.7577934e-21)
(0.0030366733 -0.010563375 -2.4741795e-20)
(0.0036330878 -0.011266443 -5.0658688e-22)
(0.004249169 -0.011840206 1.9435903e-20)
(0.0048721593 -0.012277163 3.537075e-20)
(0.0054882064 -0.012571474 -3.1884234e-20)
(0.0060830562 -0.012720056 3.70377e-20)
(0.0066425294 -0.012723056 6.5370959e-20)
(0.0071481833 -0.012575534 -4.6713687e-20)
(0.0075866131 -0.012284585 8.1234914e-20)
(0.0079406754 -0.011853117 1.1584252e-19)
(0.0081914094 -0.011283681 -8.0629483e-20)
(0.0083292415 -0.010593897 -1.0974066e-19)
(0.008340328 -0.009795598 3.995958e-23)
(0.0082126024 -0.0089034749 1.7925686e-20)
(0.0079340097 -0.0079327041 -2.2655594e-20)
(0.0074930204 -0.0068996673 -4.056639e-20)
(0.0068776717 -0.0058211081 9.1096397e-21)
(0.0060756733 -0.0047145933 -8.6180793e-20)
(0.005070718 -0.0035961651 2.4082505e-20)
(0.0038443713 -0.0024830723 1.9743829e-20)
(0.0023717402 -0.0013920048 -1.4172895e-19)
(0.00062594121 -0.00034348196 1.9236966e-19)
(-0.0014244146 0.0006378831 6.0419087e-21)
(-0.0038069039 0.0015243766 4.5056053e-20)
(-0.006552548 0.0022737962 -5.5002481e-20)
(-0.009678844 0.0028392423 1.7904243e-19)
(-0.013202328 0.0031681923 -1.1517533e-20)
(-0.017107933 0.0031957301 4.6838118e-20)
(-0.021393706 0.0028580551 -6.4178378e-21)
(-0.025970988 0.0020811102 9.0861184e-21)
(-0.030829949 0.00080641082 -5.5317239e-21)
(-0.036123908 -0.0011253556 9.9632732e-21)
(-0.041583823 -0.0038091597 -2.9316207e-22)
(-0.046714197 -0.0071408103 1.0226817e-19)
(-0.051446072 -0.011075293 -3.7454632e-20)
(-0.055537142 -0.015513095 3.2215471e-20)
(-0.05889529 -0.020352166 -1.9835856e-19)
(-0.061371075 -0.025446457 -3.0884516e-20)
(-0.06289752 -0.030647057 2.6413757e-19)
(-0.063406599 -0.03577935 -2.2167216e-19)
(-0.062903795 -0.040683353 -4.2167525e-21)
(-0.061365081 -0.045160721 6.8121677e-20)
(-0.058922863 -0.049107421 -6.4443302e-20)
(-0.055546911 -0.052282067 -1.3697742e-20)
(-0.051411658 -0.054601706 -1.0406887e-20)
(-0.046709439 -0.056024198 -2.6905654e-20)
(-0.041485659 -0.056347307 1.2832009e-20)
(-0.035978105 -0.055601309 -1.0086404e-22)
(-0.03033571 -0.0537274 2.2376538e-20)
(-0.024744535 -0.050744406 -5.212537e-20)
(-0.019378576 -0.046687101 -6.5434576e-20)
(-0.014405841 -0.041622364 -2.8895478e-20)
(-0.0099815603 -0.035643703 -6.9614747e-20)
(-0.006243663 -0.028866993 1.6022422e-20)
(-0.0033085767 -0.021430647 2.37781e-20)
(-0.0012727366 -0.013500483 -3.7401104e-20)
(-0.0001941792 -0.0052306624 -5.026562e-21)
(2.9409598e-05 0.00099278183 -2.7186974e-22)
(0.00011040714 0.0023050891 -1.6811318e-23)
(0.00026431484 0.0036015359 -1.0285509e-21)
(0.00049037194 0.0048624868 3.7611637e-21)
(0.0007862783 0.0060721796 -2.9447985e-21)
(0.0011480061 0.0072178348 -1.0094696e-20)
(0.0015710763 0.0082880668 2.1596672e-21)
(0.0020496098 0.0092713752 9.6829116e-21)
(0.0025757653 0.010154955 -1.0324513e-20)
(0.003140379 0.010927481 2.611628e-20)
(0.0037328049 0.011578386 5.3322417e-22)
(0.0043414778 0.012099642 -2.0392264e-20)
(0.0049537172 0.012484533 -3.6990637e-20)
(0.0055554679 0.012727113 3.3234936e-20)
(0.0061335236 0.012826928 -3.8482749e-20)
(0.0066714827 0.012779735 -6.7715749e-20)
(0.0071528969 0.012584905 4.8246492e-20)
(0.0075641406 0.012249217 -8.367416e-20)
(0.0078856015 0.011771876 -1.1901939e-19)
(0.008103111 0.011162883 8.2641413e-20)
(0.0082065862 0.010438697 1.1224451e-19)
(0.0081810912 0.0096093833 1.0667384e-19)
(0.0080148688 0.0086899161 9.2652148e-20)
(0.0076963563 0.0076959356 2.3062948e-20)
(0.0072138814 0.006643555 4.1252188e-20)
(0.0065556899 0.0055496404 -9.2560021e-21)
(0.0057089886 0.0044313183 8.750945e-20)
(0.0046563934 0.0033039656 -2.4441952e-20)
(0.0033776656 0.0021839977 -2.0030757e-20)
(0.0018460207 0.001087674 1.4373955e-19)
(3.351246e-05 3.6770807e-05 -1.9503015e-19)
(-0.0020903314 -0.00094758361 -6.0862638e-21)
(-0.0045548422 -0.0018277941 1.0382389e-19)
(-0.0073881055 -0.0025656746 5.5674954e-20)
(-0.01060484 -0.0031123545 -1.810837e-19)
(-0.014219501 -0.0034135187 1.1637189e-20)
(-0.018211831 -0.0034030348 3.4471906e-20)
(-0.022575737 -0.0030169015 6.4677392e-21)
(-0.027215514 -0.002181828 -9.1419718e-21)
(-0.032119359 -0.00084121041 5.55577e-21)
(-0.03743447 0.0011650278 -9.9857022e-21)
(-0.042888505 0.0039277184 7.7370776e-20)
(-0.047981391 0.0073337381 -1.0198721e-19)
(-0.052646329 0.011332905 3.724598e-20)
(-0.056641094 0.015820271 -3.1938373e-20)
(-0.059877193 0.020690252 1.9599672e-19)
(-0.062210958 0.025793437 3.0404817e-20)
(-0.063579508 0.030978046 -2.5895818e-19)
(-0.063920406 0.03606792 2.1628273e-19)
(-0.063247499 0.040904204 4.0907402e-21)
(-0.061533839 0.045283402 -6.5613021e-20)
(-0.058932725 0.049113977 6.1486835e-20)
(-0.055394677 0.052136934 -1.0393621e-19)
(-0.051119315 0.054289336 9.592793e-21)
(-0.046312593 0.055546091 -3.2897142e-20)
(-0.040993755 0.055676733 -1.0092677e-20)
(-0.035423352 0.054741195 -4.2679507e-23)
(-0.029744735 0.052677422 -2.8749415e-20)
(-0.024145077 0.049511051 5.8575098e-20)
(-0.018797987 0.045283212 7.0354567e-20)
(-0.013868232 0.040062158 3.0368711e-20)
(-0.0095089498 0.033946002 7.2115629e-20)
(-0.0058541187 0.027049771 -1.6426116e-20)
(-0.0030171245 0.019514812 4.7949569e-20)
(-0.0010913915 0.01150391 3.776045e-20)
(-0.00013426798 0.0031992332 5.0452782e-21)
)
;
    }
    frontAndBack
    {
        type            empty;
    }
}


// ************************************************************************* //
