/*--------------------------------*- C++ -*----------------------------------*\
  =========                 |
  \\      /  F ield         | OpenFOAM: The Open Source CFD Toolbox
   \\    /   O peration     | Website:  https://openfoam.org
    \\  /    A nd           | Version:  13
     \\/     M anipulation  |
\*---------------------------------------------------------------------------*/
FoamFile
{
    format      ascii;
    class       volVectorField;
    location    "40.996029";
    object      wallShearStress;
}
// * * * * * * * * * * * * * * * * * * * * * * * * * * * * * * * * * * * * * //

dimensions      [0 2 -2 0 0 0 0];

internalField   uniform (0 0 0);

boundaryField
{
    inlet
    {
        type            calculated;
        value           uniform (0 0 0);
    }
    outlet
    {
        type            calculated;
        value           uniform (0 0 0);
    }
    cylinder
    {
        type            calculated;
        value           nonuniform List<vector> 
132
(
(-1.4841302e-05 0.0013376232 -2.7910134e-22)
(-4.0662318e-05 0.0010727926 7.9262808e-23)
(-5.2043768e-05 0.0008024694 4.3627067e-21)
(-4.8436299e-05 0.00052990741 -1.4587492e-20)
(-2.9875821e-05 0.0002607301 1.0257966e-20)
(3.3317078e-06 -1.408085e-06 3.1221073e-20)
(5.0008553e-05 -0.00025203223 -5.8922466e-21)
(0.00010942827 -0.00048671579 -2.3252829e-20)
(0.00017945607 -0.00070151484 2.1835203e-20)
(0.00025788951 -0.00089294805 -4.8786389e-20)
(0.00034220501 -0.0010581385 -8.849805e-22)
(0.00042968195 -0.0011950087 3.0127086e-20)
(0.00051749135 -0.001302418 4.9014529e-20)
(0.00060303799 -0.0013802726 -3.9733761e-20)
(0.00068396729 -0.001429518 4.1773009e-20)
(0.0007584984 -0.001452356 6.7157393e-20)
(0.00082549689 -0.0014519024 -4.3973397e-20)
(0.0008849279 -0.0014325591 7.0509229e-20)
(0.00093776494 -0.0013993395 9.3216754e-20)
(0.00098654098 -0.001358268 -6.0474909e-20)
(0.001035482 -0.001316002 -7.7104121e-20)
(0.0010905093 -0.0012793127 2.7162279e-23)
(0.0011599699 -0.0012554662 1.1196318e-20)
(0.0012539024 -0.0012508237 -1.3412995e-20)
(0.0013841441 -0.0012706594 -2.2831066e-20)
(0.0015622634 -0.0013171167 4.8851338e-21)
(0.001795872 -0.0013867531 -4.4118702e-20)
(0.0020876855 -0.0014714224 1.178706e-20)
(0.0024295483 -0.001556049 9.2522911e-21)
(0.0028021066 -0.001621578 -6.3672537e-20)
(0.0031814717 -0.001651478 8.2989494e-20)
(0.0035381913 -0.0016320969 2.5080325e-21)
(0.0038461116 -0.0015574952 1.8047225e-20)
(0.0040583841 -0.0014199325 -2.1342236e-20)
(0.0040858974 -0.0012088173 6.7662071e-20)
(0.0037909325 -0.00092027263 -4.2688808e-21)
(0.0030032962 -0.00057311809 1.7175296e-20)
(0.0015051553 -0.00021579226 -2.3520546e-21)
(-0.00090876492 5.2562207e-05 3.3656624e-21)
(-0.0044658131 9.1447657e-05 -2.0939277e-21)
(-0.0095190282 -0.00032193619 3.9007957e-21)
(-0.016017138 -0.0014921541 -1.2003488e-22)
(-0.023414828 -0.0036055905 4.3930593e-20)
(-0.031261544 -0.0067556888 -1.6899514e-20)
(-0.038966623 -0.010909 1.5225617e-20)
(-0.046050021 -0.015938417 -9.768671e-20)
(-0.052076159 -0.021617442 -1.5739378e-20)
(-0.056776339 -0.027686342 1.3811764e-19)
(-0.059967543 -0.033857395 -1.1779154e-19)
(-0.06161094 -0.039862785 -2.2506695e-21)
(-0.061710255 -0.045427557 3.5964848e-20)
(-0.06040747 -0.050354988 -3.2906267e-20)
(-0.057791712 -0.054403411 -6.5068433e-21)
(-0.054069046 -0.057430338 -4.2218889e-21)
(-0.049478911 -0.059350916 -6.9416591e-21)
(-0.04418733 -0.060020621 -2.1268189e-21)
(-0.038452344 -0.059427797 5.6802598e-22)
(-0.032490354 -0.057545426 4.7473567e-20)
(-0.026526777 -0.054400556 -7.3412393e-20)
(-0.020773788 -0.050049128 -7.8822176e-20)
(-0.015428927 -0.044578466 -3.2109742e-20)
(-0.010671063 -0.038105482 -7.3772346e-20)
(-0.0066558718 -0.03077175 1.6481151e-20)
(-0.0035110249 -0.022741562 2.3997439e-20)
(-0.0013399086 -0.014208368 -3.7305451e-20)
(-0.0001994987 -0.0053355908 -4.9826345e-21)
(2.4957299e-05 0.0015951296 -1.2866198e-21)
(7.8652077e-05 0.0018459394 -7.6766249e-23)
(0.00014698733 0.0020881707 -4.412231e-21)
(0.0002290114 0.0023172827 1.4805521e-20)
(0.0003236017 0.0025287237 -1.0454495e-20)
(0.00042910454 0.0027178984 -3.1947242e-20)
(0.00054328896 0.0028804421 6.0524596e-21)
(0.00066350177 0.0030123488 2.3971979e-20)
(0.00078665185 0.0031101839 -2.2586617e-20)
(0.00090927893 0.0031712913 5.0620852e-20)
(0.0010277244 0.0031940121 9.2076735e-22)
(0.0011383075 0.0031778623 -3.1421486e-20)
(0.0012375382 0.0031236579 -5.1224478e-20)
(0.0013224353 0.0030338101 4.1594588e-20)
(0.0013905695 0.0029118023 -4.3786329e-20)
(0.0014406183 0.0027628583 -7.0461524e-20)
(0.0014724234 0.002593341 4.6166035e-20)
(0.0014873086 0.0024107384 -7.4050908e-20)
(0.0014884536 0.0022236416 -9.7909136e-20)
(0.001480659 0.0020407654 6.3513571e-20)
(0.0014711037 0.0018715252 8.095971e-20)
(0.0014688141 0.0017247265 7.2509191e-20)
(0.0014856995 0.0016093559 5.9569848e-20)
(0.0015353658 0.0015326692 1.4069716e-20)
(0.0016334923 0.0015003655 2.3942645e-20)
(0.0017941348 0.0015131547 -5.122325e-21)
(0.0020262387 0.0015649908 4.6262901e-20)
(0.0023296632 0.0016422 -1.2363566e-20)
(0.002691971 0.0017242922 -9.7099085e-21)
(0.0030864206 0.001786327 6.6877254e-20)
(0.0034738574 0.0018035655 -8.7262649e-20)
(0.0038221199 0.0017634635 -2.6251692e-21)
(0.0040992599 0.0016605598 4.3295453e-20)
(0.0042401618 0.0014843328 2.2547331e-20)
(0.0041416662 0.0012264881 -7.1638542e-20)
(0.0036493799 0.00088774198 4.5310514e-21)
(0.0025788856 0.00049548005 1.3330551e-20)
(0.00069764383 0.00010972862 2.5098881e-21)
(-0.0021875302 -0.00015585969 -3.5995216e-21)
(-0.0062546924 -0.00013572227 2.2429427e-21)
(-0.011873225 0.00039643826 -4.1797831e-21)
(-0.018887408 0.0017554809 3.3871904e-20)
(-0.026647578 0.0040993612 -4.6859957e-20)
(-0.034676415 0.0074896376 1.7946596e-20)
(-0.042379249 0.011860986 -1.6085244e-20)
(-0.049329308 0.017070191 1.0261654e-19)
(-0.055097577 0.022867498 1.6432653e-20)
(-0.059460802 0.02899145 -1.4332996e-19)
(-0.06227503 0.035156463 1.2146807e-19)
(-0.063525055 0.041097726 2.3059767e-21)
(-0.063234674 0.046546428 -3.6586355e-20)
(-0.061570197 0.051321067 3.3201048e-20)
(-0.058610236 0.055170769 -5.2287303e-20)
(-0.054584488 0.057974862 4.124923e-21)
(-0.049747599 0.059670205 -8.733987e-21)
(-0.044239477 0.060088282 2.8549796e-21)
(-0.038335845 0.059244399 -6.1407989e-22)
(-0.032248259 0.057112933 -4.9807302e-20)
(-0.026200841 0.053727883 7.6013267e-20)
(-0.02040362 0.049152182 8.0955662e-20)
(-0.015050204 0.043477668 3.2784669e-20)
(-0.010315628 0.036827165 7.4966319e-20)
(-0.0063504005 0.029345398 -1.6679876e-20)
(-0.0032769323 0.021201651 4.7991511e-20)
(-0.0011925764 0.012585643 3.7488551e-20)
(-0.00015090698 0.0036875682 4.9936305e-21)
)
;
    }
    frontAndBack
    {
        type            empty;
    }
}


// ************************************************************************* //
