/*--------------------------------*- C++ -*----------------------------------*\
  =========                 |
  \\      /  F ield         | OpenFOAM: The Open Source CFD Toolbox
   \\    /   O peration     | Website:  https://openfoam.org
    \\  /    A nd           | Version:  13
     \\/     M anipulation  |
\*---------------------------------------------------------------------------*/
FoamFile
{
    format      ascii;
    class       volVectorField;
    location    "16.402786";
    object      wallShearStress;
}
// * * * * * * * * * * * * * * * * * * * * * * * * * * * * * * * * * * * * * //

dimensions      [0 2 -2 0 0 0 0];

internalField   uniform (0 0 0);

boundaryField
{
    inlet
    {
        type            calculated;
        value           uniform (0 0 0);
    }
    outlet
    {
        type            calculated;
        value           uniform (0 0 0);
    }
    cylinder
    {
        type            calculated;
        value           nonuniform List<vector> 
132
(
(3.9705032e-05 -5.6648096e-05 -1.5382579e-22)
(0.00017943419 -0.0034332879 4.4069754e-23)
(0.0005043303 -0.0067631165 2.4730102e-21)
(0.0010068117 -0.0099462297 -8.4863758e-21)
(0.0016680721 -0.012880823 6.1645255e-21)
(0.0024585266 -0.015472451 1.9477326e-20)
(0.0033379643 -0.017633201 -3.8277565e-21)
(0.0042556759 -0.019286718 -1.5749187e-20)
(0.0051555089 -0.020371468 1.5408712e-20)
(0.0059731168 -0.020838271 -3.5782551e-20)
(0.006640066 -0.020656344 -6.7170352e-22)
(0.0070897317 -0.01982386 2.355146e-20)
(0.00726799 -0.018384405 3.9196056e-20)
(0.0071404636 -0.016425551 -3.2275438e-20)
(0.0067033066 -0.014083289 3.4219172e-20)
(0.0059839044 -0.011522318 5.5108154e-20)
(0.0050437393 -0.0089250938 -3.5931617e-20)
(0.0039691229 -0.006469359 5.7113399e-20)
(0.0028566568 -0.0042970387 7.4621569e-20)
(0.0018030197 -0.0025079996 -4.7773214e-20)
(0.00087935801 -0.0011361662 -6.0100426e-20)
(0.00013191928 -0.00016892249 2.0867392e-23)
(-0.00043734405 0.00046476377 8.5225418e-21)
(-0.00083861812 0.0008322998 -1.0108419e-20)
(-0.0010866636 0.00099725114 -1.7053007e-20)
(-0.0011127408 0.00094159041 3.6167723e-21)
(-0.00088517209 0.00069135845 -3.2396402e-20)
(-0.00014955944 0.00011676105 8.5891112e-21)
(0.00094369004 -0.00059364317 6.7221976e-21)
(0.0020464757 -0.0011768754 -4.6277144e-20)
(0.0029036252 -0.0015041214 6.0519684e-20)
(0.0033662364 -0.0015525952 1.8344278e-21)
(0.003589499 -0.0014541956 1.3223237e-20)
(0.0037333606 -0.0013060703 -1.563753e-20)
(0.0038660932 -0.0011424132 4.9558699e-20)
(0.0038606158 -0.00093444682 -3.126113e-21)
(0.0035403978 -0.00067041551 1.2583722e-20)
(0.0026985257 -0.00037178939 -1.7256326e-21)
(0.0011234687 -0.00010439408 2.4765921e-21)
(-0.0014237855 1.8380585e-05 -1.5484164e-21)
(-0.0053214102 -0.00018095665 2.9068996e-21)
(-0.010692211 -0.0010025888 -9.0513873e-23)
(-0.017184255 -0.0026527241 3.3584861e-20)
(-0.024417461 -0.0052833539 -1.3114574e-20)
(-0.031837649 -0.0089198674 1.199372e-20)
(-0.038953768 -0.013488066 -7.8029042e-20)
(-0.04527099 -0.018799027 -1.2720764e-20)
(-0.050429366 -0.02459826 1.1262607e-19)
(-0.05418728 -0.030600319 -9.6550142e-20)
(-0.056444986 -0.036526218 -1.8455269e-21)
(-0.057171246 -0.042091454 2.9298904e-20)
(-0.056470399 -0.047077761 -2.6331053e-20)
(-0.054432512 -0.051245362 -4.9980378e-21)
(-0.051237714 -0.05442658 -2.9090492e-21)
(-0.0471211 -0.056525925 -2.6431378e-21)
(-0.042265717 -0.05741334 -5.4254995e-21)
(-0.036911392 -0.057048804 7.2085898e-22)
(-0.031284702 -0.055412317 5.353052e-20)
(-0.025610744 -0.05252405 -7.8987946e-20)
(-0.020104173 -0.048437811 -8.2788935e-20)
(-0.014964793 -0.043239385 -3.3259271e-20)
(-0.010373152 -0.037043771 -7.576709e-20)
(-0.0064865944 -0.029991814 1.6838794e-20)
(-0.0034339812 -0.022246604 2.4444287e-20)
(-0.0013195069 -0.014001653 -3.7947435e-20)
(-0.00020057401 -0.0054186148 -5.0682457e-21)
(8.3495182e-05 0.0033028227 -7.0811665e-22)
(0.00030889587 0.0066121195 -4.2557918e-23)
(0.00071267346 0.0098050198 -2.481744e-21)
(0.0012812318 0.012780224 8.5140264e-21)
(0.0019900906 0.015440875 -6.1825425e-21)
(0.0028038902 0.017695321 -1.9512959e-20)
(0.0036770395 0.019463266 3.8272596e-21)
(0.0045561085 0.020678303 1.5702153e-20)
(0.0053812903 0.021288068 -1.5305925e-20)
(0.0060875451 0.021258184 3.5385771e-20)
(0.0066090376 0.020577788 6.6094907e-22)
(0.0068875318 0.01927425 -2.3042128e-20)
(0.0068816952 0.017421137 -3.8124706e-20)
(0.0065753143 0.015137669 3.1209951e-20)
(0.0059830724 0.01258061 -3.2906793e-20)
(0.0051524032 0.0099290654 -5.2730124e-20)
(0.004157454 0.007363551 3.4239981e-20)
(0.0030905268 0.0050432242 -5.4253185e-20)
(0.0020455856 0.0030824434 -7.0735865e-20)
(0.0011015433 0.001538579 4.5233532e-20)
(0.00031338581 0.00041540156 5.6882533e-20)
(-0.00030260748 -0.0003441406 5.0327864e-20)
(-0.0007526252 -0.00080843121 4.0904149e-20)
(-0.0010616326 -0.0010566184 9.5708167e-21)
(-0.0012200597 -0.0011214531 1.6142001e-20)
(-0.0011356511 -0.00096343207 -3.4214998e-21)
(-0.00066057401 -0.00052044486 3.0634409e-20)
(0.0002665257 0.00017567322 -8.1369e-21)
(0.0014351256 0.00090896546 -6.3771818e-21)
(0.0024932165 0.0014371375 4.4012346e-20)
(0.0031880659 0.0016534711 -5.7620451e-20)
(0.0035287516 0.0016285445 -1.7380451e-21)
(0.0036928761 0.0014963233 2.8685016e-20)
(0.0038424548 0.0013442779 1.493134e-20)
(0.0039622176 0.0011710746 -4.7415425e-20)
(0.0038984319 0.00094420178 2.9993441e-21)
(0.0034629453 0.00065679716 8.8344216e-21)
(0.0024519173 0.0003398397 1.6678459e-21)
(0.00065014889 6.7708188e-05 -2.4040358e-21)
(-0.0021853993 -3.6435836e-05 1.5096549e-21)
(-0.0064227149 0.00021826741 -2.8461707e-21)
(-0.012125782 0.0011345448 2.3440165e-20)
(-0.018892838 0.0029141118 -3.3028133e-20)
(-0.026297062 0.005687625 1.2891e-20)
(-0.033763907 0.0094571449 -1.1764853e-20)
(-0.040838235 0.014138563 7.6267446e-20)
(-0.046998253 0.019514197 1.2366827e-20)
(-0.051932115 0.025328557 -1.0876604e-19)
(-0.05542841 0.031298519 9.2409145e-20)
(-0.057401349 0.037142494 1.7460344e-21)
(-0.057841565 0.042582423 -2.7258689e-20)
(-0.056878608 0.047415609 2.3881758e-20)
(-0.054588297 0.0513894 -3.4775114e-20)
(-0.051175397 0.054357906 2.2063332e-21)
(-0.046888653 0.05624438 1.0877669e-22)
(-0.041882716 0.056890124 7.845379e-21)
(-0.036424434 0.056292944 -8.495153e-22)
(-0.03072886 0.054424042 -5.9286645e-20)
(-0.025022721 0.051313609 8.4848751e-20)
(-0.019518157 0.047020261 8.7280708e-20)
(-0.014411797 0.041634064 3.4608967e-20)
(-0.0098809217 0.035275239 7.8063789e-20)
(-0.0060783769 0.028087319 -1.7210162e-20)
(-0.0031284009 0.020238029 4.9208033e-20)
(-0.0011299824 0.01191567 3.8278426e-20)
(-0.00013844355 0.0033117898 5.0857356e-21)
)
;
    }
    frontAndBack
    {
        type            empty;
    }
}


// ************************************************************************* //
