/*--------------------------------*- C++ -*----------------------------------*\
  =========                 |
  \\      /  F ield         | OpenFOAM: The Open Source CFD Toolbox
   \\    /   O peration     | Website:  https://openfoam.org
    \\  /    A nd           | Version:  13
     \\/     M anipulation  |
\*---------------------------------------------------------------------------*/
FoamFile
{
    format      ascii;
    class       volVectorField;
    location    "30.203761";
    object      wallShearStress;
}
// * * * * * * * * * * * * * * * * * * * * * * * * * * * * * * * * * * * * * //

dimensions      [0 2 -2 0 0 0 0];

internalField   uniform (0 0 0);

boundaryField
{
    inlet
    {
        type            calculated;
        value           uniform (0 0 0);
    }
    outlet
    {
        type            calculated;
        value           uniform (0 0 0);
    }
    cylinder
    {
        type            calculated;
        value           nonuniform List<vector> 
132
(
(-3.9460549e-06 0.00058704535 -2.5028825e-22)
(-7.513583e-06 0.00027818267 7.1251269e-23)
(6.391699e-06 -3.565631e-05 3.93167e-21)
(3.7697018e-05 -0.00034997767 -1.3181107e-20)
(8.7152468e-05 -0.00065924637 9.2942956e-21)
(0.00015371906 -0.00095769241 2.8367443e-20)
(0.00023609847 -0.0012395236 -5.3689548e-21)
(0.00033231991 -0.0014989985 -2.1249054e-20)
(0.0004397583 -0.0017306681 2.0011419e-20)
(0.00055511664 -0.0019296255 -4.4839851e-20)
(0.00067473041 -0.0020917563 -8.1564608e-22)
(0.00079453016 -0.0022139051 2.7843184e-20)
(0.00091032393 -0.002294314 4.5415693e-20)
(0.0010179513 -0.0023325102 -3.6905536e-20)
(0.0011137815 -0.0023299703 3.8886132e-20)
(0.0011946842 -0.0022893979 6.2642597e-20)
(0.0012589218 -0.0022158818 -4.1090408e-20)
(0.0013056693 -0.0021152319 6.5989023e-20)
(0.0013360387 -0.0019951401 8.7354554e-20)
(0.0013529614 -0.0018642186 -5.6732996e-20)
(0.0013614462 -0.0017317088 -7.2394674e-20)
(0.0013690572 -0.0016074895 2.5500466e-23)
(0.0013856091 -0.0015010205 1.0524265e-20)
(0.0014235786 -0.0014213083 -1.2611943e-20)
(0.0014976986 -0.0013759518 -2.1471652e-20)
(0.0016229364 -0.0013690818 4.5947667e-21)
(0.0018115503 -0.0013994045 -4.1498569e-20)
(0.0020694354 -0.0014588544 1.1087918e-20)
(0.0023908405 -0.0015313417 8.7045495e-21)
(0.0027569104 -0.0015953868 -5.9918296e-20)
(0.0031368795 -0.0016282671 7.8128246e-20)
(0.0034956088 -0.0016124092 2.3623703e-21)
(0.003803934 -0.0015403833 1.7009588e-20)
(0.0040190353 -0.0014061007 -2.0128658e-20)
(0.0040589981 -0.0012007241 6.3863769e-20)
(0.0037906885 -0.00091995677 -4.0328465e-21)
(0.0030494064 -0.00058139632 1.6242629e-20)
(0.0016229404 -0.00023111396 -2.2270665e-21)
(-0.00069240252 3.6027248e-05 3.1914273e-21)
(-0.0041252358 8.3321188e-05 -1.9887225e-21)
(-0.0090212303 -0.00030588643 3.7118277e-21)
(-0.015350505 -0.0014306608 -1.1446829e-22)
(-0.022586618 -0.0034786394 4.1980782e-20)
(-0.030291104 -0.0065465946 -1.6183029e-20)
(-0.037899269 -0.010610767 1.4607886e-20)
(-0.044918994 -0.015547461 -9.3866441e-20)
(-0.050917515 -0.021137206 -1.5142775e-20)
(-0.055624515 -0.027125369 1.329759e-19)
(-0.058847155 -0.033225506 -1.1342671e-19)
(-0.060545174 -0.039173862 -2.1659357e-21)
(-0.060713891 -0.044694691 3.4550438e-20)
(-0.059493425 -0.049593624 -3.1498523e-20)
(-0.056968401 -0.053628905 -6.1819386e-21)
(-0.053339135 -0.056655541 -3.9402076e-21)
(-0.048843818 -0.058589589 -6.0284177e-21)
(-0.043647641 -0.059288026 -2.8122279e-21)
(-0.038005078 -0.05873703 5.9873292e-22)
(-0.032130812 -0.056909124 4.8632848e-20)
(-0.026248601 -0.05383063 -7.4413638e-20)
(-0.020569019 -0.049556432 -7.9481264e-20)
(-0.015288308 -0.044172989 -3.2285427e-20)
(-0.010584074 -0.037795972 -7.4057064e-20)
(-0.0066109618 -0.030565871 1.65313e-20)
(-0.0034957322 -0.022645509 2.4064526e-20)
(-0.0013409914 -0.014227599 -3.7417626e-20)
(-0.00020297076 -0.0054727785 -5.0008242e-21)
(1.5917103e-05 0.00088863733 -1.1511667e-21)
(5.1934981e-05 0.0011836854 -6.8534331e-23)
(0.0001047371 0.0014700882 -3.9306329e-21)
(0.00017326553 0.0017425429 1.3162528e-20)
(0.0002562965 0.001995887 -9.2762825e-21)
(0.00035202058 0.0022250144 -2.8294855e-20)
(0.00045805563 0.0024251095 5.3512952e-21)
(0.00057148635 0.0025918668 2.1161044e-20)
(0.0006888745 0.0027216533 -1.9908871e-20)
(0.00080660245 0.0028118015 4.4559706e-20)
(0.0009207608 0.0028606151 8.0954486e-22)
(0.001027517 0.0028678978 -2.7595419e-20)
(0.0011232105 0.0028346481 -4.4943389e-20)
(0.0012047803 0.0027636227 3.6462753e-20)
(0.00126991 0.0026589935 -3.835502e-20)
(0.001317026 0.0025257686 -6.1680772e-20)
(0.0013461119 0.0023708671 4.0389873e-20)
(0.0013587614 0.0022024051 -6.4753999e-20)
(0.0013581765 0.0020290535 -8.5580811e-20)
(0.0013492864 0.0018597298 5.5496217e-20)
(0.0013390362 0.0017035276 7.0718444e-20)
(0.0013363606 0.0015691872 6.3320223e-20)
(0.0013526267 0.0014651641 5.2008856e-20)
(0.0014013268 0.0013987788 1.2281405e-20)
(0.0014977401 0.0013755402 2.0895673e-20)
(0.0016566925 0.0013970473 -4.4696923e-21)
(0.00188796 0.0014579474 4.036277e-20)
(0.0021942998 0.0015465183 -1.0785389e-20)
(0.0025597203 0.00163937 -8.4701635e-21)
(0.0029537617 0.0017093712 5.8338023e-20)
(0.0033445609 0.0017362599 -7.6122787e-20)
(0.0037009262 0.0017073624 -2.2903281e-21)
(0.0039940182 0.0016176832 3.7781333e-20)
(0.0041701869 0.0014594516 1.9682489e-20)
(0.0041375844 0.0012246489 -6.2569927e-20)
(0.0037527443 0.00091180349 3.9608486e-21)
(0.002838282 0.00054305194 1.166793e-20)
(0.0011719217 0.00017207052 2.2008916e-21)
(-0.0014434532 -9.5537168e-05 -3.1644688e-21)
(-0.0052109444 -0.00010995979 1.9782196e-21)
(-0.010486599 0.00035241483 -3.7019049e-21)
(-0.017163748 0.0015971247 3.0148217e-20)
(-0.024655537 0.0037947814 -4.192607e-20)
(-0.032505305 0.0070225493 1.613692e-20)
(-0.040108738 0.01122703 -1.4525019e-20)
(-0.047025312 0.016274315 9.2979604e-20)
(-0.052832031 0.021929048 1.4923711e-20)
(-0.05728294 0.027931279 -1.3027e-19)
(-0.060219719 0.033997724 1.1028719e-19)
(-0.061617248 0.039864867 2.0863042e-21)
(-0.061488169 0.045262098 -3.2858022e-20)
(-0.059992235 0.050006896 2.9408125e-20)
(-0.057204844 0.053848836 -4.5037346e-20)
(-0.053348216 0.056662641 3.3190737e-21)
(-0.048673971 0.058383159 -4.9738349e-21)
(-0.043323684 0.058845023 4.9969237e-21)
(-0.037568195 0.058058566 -7.1566462e-22)
(-0.031618426 0.055997848 -5.3899023e-20)
(-0.02569711 0.052695158 7.9803907e-20)
(-0.020013266 0.048211881 8.3630378e-20)
(-0.01475978 0.042638506 3.3536561e-20)
(-0.010111031 0.036096199 7.6191984e-20)
(-0.0062171208 0.028728276 -1.6877261e-20)
(-0.0032001236 0.020702312 4.8406081e-20)
(-0.0011573383 0.012206089 3.7726767e-20)
(-0.00014272421 0.0034298333 5.0173228e-21)
)
;
    }
    frontAndBack
    {
        type            empty;
    }
}


// ************************************************************************* //
