/*--------------------------------*- C++ -*----------------------------------*\
  =========                 |
  \\      /  F ield         | OpenFOAM: The Open Source CFD Toolbox
   \\    /   O peration     | Website:  https://openfoam.org
    \\  /    A nd           | Version:  13
     \\/     M anipulation  |
\*---------------------------------------------------------------------------*/
FoamFile
{
    format      ascii;
    class       volVectorField;
    location    "27.100446";
    object      wallShearStress;
}
// * * * * * * * * * * * * * * * * * * * * * * * * * * * * * * * * * * * * * //

dimensions      [0 2 -2 0 0 0 0];

internalField   uniform (0 0 0);

boundaryField
{
    inlet
    {
        type            calculated;
        value           uniform (0 0 0);
    }
    outlet
    {
        type            calculated;
        value           uniform (0 0 0);
    }
    cylinder
    {
        type            calculated;
        value           nonuniform List<vector> 
132
(
(1.4136975e-05 -0.0007210649 -2.4659733e-22)
(4.7178741e-05 -0.0010564946 7.01699e-23)
(9.9347624e-05 -0.0013851646 3.8700567e-21)
(0.00016968374 -0.0017009701 -1.2968307e-20)
(0.00025701674 -0.0019978129 9.1398681e-21)
(0.00035947763 -0.002269545 2.7881779e-20)
(0.000474507 -0.0025102943 -5.2740361e-21)
(0.00059887563 -0.0027146134 -2.0860022e-20)
(0.00072870188 -0.0028778552 1.963078e-20)
(0.00085976026 -0.0029962522 -4.3950455e-20)
(0.00098751067 -0.0030673718 -7.9873219e-22)
(0.0011072735 -0.0030900779 2.7236423e-20)
(0.0012146633 -0.0030651828 4.4374151e-20)
(0.0013056292 -0.0029948377 -3.6013382e-20)
(0.0013772148 -0.0028836702 3.7894528e-20)
(0.0014272432 -0.0027372408 6.0958429e-20)
(0.0014553121 -0.0025633887 -3.9927103e-20)
(0.0014624987 -0.0023708337 6.4026485e-20)
(0.0014518251 -0.0021693153 8.4633634e-20)
(0.0014286621 -0.0019695543 -5.488901e-20)
(0.0013998424 -0.0017813585 -6.994987e-20)
(0.0013749779 -0.0016150418 2.4615265e-23)
(0.001365464 -0.0014795907 1.0145763e-20)
(0.001385606 -0.00138358 -1.2147042e-20)
(0.0014514856 -0.0013334775 -2.0664262e-20)
(0.0015798268 -0.0013325129 4.4192689e-21)
(0.0017842907 -0.0013780288 -3.9896065e-20)
(0.0020673276 -0.0014570145 1.065703e-20)
(0.0024213573 -0.0015505742 8.3654831e-21)
(0.0028191518 -0.0016312229 -5.7589932e-20)
(0.00321957 -0.0016711273 7.5106692e-20)
(0.0035913443 -0.0016565565 2.2715216e-21)
(0.0039086158 -0.0015827707 1.6360578e-20)
(0.0041317246 -0.0014454766 -1.9368072e-20)
(0.0041852996 -0.0012379375 6.1482193e-20)
(0.0039372432 -0.0009552251 -3.8853158e-21)
(0.0032212013 -0.00061354427 1.5664184e-20)
(0.0018249516 -0.0002581427 -2.1506229e-21)
(-0.0004580914 1.7474186e-05 3.087156e-21)
(-0.0038613145 7.6558764e-05 -1.9276508e-21)
(-0.0087307612 -0.00029655995 3.6066746e-21)
(-0.015044222 -0.0014027375 -1.115396e-22)
(-0.022282247 -0.0034323078 4.1019752e-20)
(-0.030004554 -0.0064851616 -1.5854474e-20)
(-0.037645481 -0.010540163 1.4345865e-20)
(-0.04470799 -0.015474706 -9.2376734e-20)
(-0.050754704 -0.021070056 -1.4929478e-20)
(-0.055511316 -0.027070569 1.3129809e-19)
(-0.058781952 -0.033189061 -1.1213043e-19)
(-0.060523651 -0.039160281 -2.1431306e-21)
(-0.060731698 -0.044708127 3.4207413e-20)
(-0.059543282 -0.0496355 -3.1191632e-20)
(-0.057046257 -0.053702533 -6.1194039e-21)
(-0.053438744 -0.056761671 -3.8922944e-21)
(-0.048957674 -0.058726525 -5.8946308e-21)
(-0.043772291 -0.059457757 -2.897344e-21)
(-0.038134842 -0.058938061 6.0187523e-22)
(-0.032261249 -0.057140734 4.8727337e-20)
(-0.026375474 -0.054091557 -7.4477221e-20)
(-0.020688439 -0.049845121 -7.9515243e-20)
(-0.015396824 -0.044487878 -3.229457e-20)
(-0.010678472 -0.03813508 -7.4078464e-20)
(-0.006688481 -0.030927582 1.653761e-20)
(-0.0035537825 -0.023027464 2.4077672e-20)
(-0.0013774604 -0.014629794 -3.744588e-20)
(-0.00021516802 -0.0058873643 -5.0059144e-21)
(-9.13785e-07 -0.00038150365 -1.1347714e-21)
(2.4385466e-06 -3.7177007e-05 -6.7598078e-23)
(2.5389548e-05 0.00030941887 -3.8794706e-21)
(6.7565432e-05 0.00065249111 1.30011e-20)
(0.00012889559 0.00098583556 -9.1704626e-21)
(0.00020815107 0.0013029262 -2.7999741e-20)
(0.00030348759 0.0015972941 5.3014082e-21)
(0.00041231743 0.001862673 2.0990004e-20)
(0.00053132386 0.0020932752 -1.9775253e-20)
(0.00065655522 0.0022840904 4.4327509e-20)
(0.00078369533 0.0024310976 8.0661019e-22)
(0.0009080855 0.0025316263 -2.7543569e-20)
(0.0010250236 0.0025845316 -4.4939323e-20)
(0.0011301272 0.0025905524 3.6526501e-20)
(0.0012195586 0.0025521458 -3.8493258e-20)
(0.0012906184 0.0024740377 -6.2016294e-20)
(0.0013416724 0.0023622496 4.0682117e-20)
(0.0013730487 0.0022250093 -6.533318e-20)
(0.0013867295 0.0020713737 -8.6484188e-20)
(0.0013867951 0.0019112725 5.6163599e-20)
(0.0013800417 0.0017556909 7.1662482e-20)
(0.0013753867 0.0016151301 6.4238437e-20)
(0.0013845347 0.0014999362 5.2814139e-20)
(0.0014216448 0.0014193249 1.248139e-20)
(0.0015025948 0.0013802872 2.1249131e-20)
(0.001642633 0.0013854586 -4.5473438e-21)
(0.0018536086 0.0014316473 4.1076027e-20)
(0.002136745 0.0015061356 -1.0977923e-20)
(0.0024788313 0.0015876801 -8.6216442e-21)
(0.0028516936 0.0016503719 5.9379623e-20)
(0.003223465 0.001673419 -7.7473323e-20)
(0.0035666255 0.0016454021 -2.3305835e-21)
(0.0038493216 0.0015590815 3.8436775e-20)
(0.0040174504 0.0014060272 2.0016923e-20)
(0.0039790759 0.0011778271 -6.3603074e-20)
(0.003590394 0.00087256206 4.023455e-21)
(0.0026778571 0.00051281446 1.1841235e-20)
(0.0010211129 0.00015164511 2.2308283e-21)
(-0.001574787 -0.0001074935 -3.202606e-21)
(-0.0053064492 -0.00011279795 1.9985094e-21)
(-0.010531972 0.00035346114 -3.7322292e-21)
(-0.017147242 0.0015952863 3.0328395e-20)
(-0.024570213 0.0037814189 -4.2087555e-20)
(-0.032351654 0.0069891888 1.6167784e-20)
(-0.039892312 0.011166395 -1.4527604e-20)
(-0.046753788 0.016180329 9.285168e-20)
(-0.052517141 0.021798276 1.4882125e-20)
(-0.056936362 0.027762235 -1.2973185e-19)
(-0.059852255 0.033790228 1.0968081e-19)
(-0.061239475 0.039620419 2.0716454e-21)
(-0.061108165 0.044982329 -3.256409e-20)
(-0.059618448 0.049695267 2.9065167e-20)
(-0.056842163 0.053507339 -4.4295611e-20)
(-0.053001931 0.056294732 3.2276284e-21)
(-0.048349168 0.057993406 -4.5028512e-21)
(-0.043022369 0.058435533 5.2905203e-21)
(-0.037293218 0.057633306 -7.3082561e-22)
(-0.031371466 0.05556005 -5.4562329e-20)
(-0.025479391 0.052248114 8.0469658e-20)
(-0.019825524 0.047758782 8.4138829e-20)
(-0.014602316 0.042182393 3.3691175e-20)
(-0.0099837832 0.03564001 7.6464486e-20)
(-0.0061196941 0.028274794 -1.6924638e-20)
(-0.0031318125 0.020254282 4.8512977e-20)
(-0.001117142 0.011765061 3.7792091e-20)
(-0.00013012617 0.0030036137 5.024098e-21)
)
;
    }
    frontAndBack
    {
        type            empty;
    }
}


// ************************************************************************* //
