/*--------------------------------*- C++ -*----------------------------------*\
  =========                 |
  \\      /  F ield         | OpenFOAM: The Open Source CFD Toolbox
   \\    /   O peration     | Website:  https://openfoam.org
    \\  /    A nd           | Version:  13
     \\/     M anipulation  |
\*---------------------------------------------------------------------------*/
FoamFile
{
    format      ascii;
    class       volVectorField;
    location    "40.801914";
    object      wallShearStress;
}
// * * * * * * * * * * * * * * * * * * * * * * * * * * * * * * * * * * * * * //

dimensions      [0 2 -2 0 0 0 0];

internalField   uniform (0 0 0);

boundaryField
{
    inlet
    {
        type            calculated;
        value           uniform (0 0 0);
    }
    outlet
    {
        type            calculated;
        value           uniform (0 0 0);
    }
    cylinder
    {
        type            calculated;
        value           nonuniform List<vector> 
132
(
(-1.7768578e-05 0.0015861478 -2.893431e-22)
(-4.899454e-05 0.0012862771 8.2083191e-23)
(-6.4050352e-05 0.00098223572 4.5132112e-21)
(-6.2480236e-05 0.00067753838 -1.5074374e-20)
(-4.4545089e-05 0.00037890766 1.0588764e-20)
(-1.0740317e-05 9.0092625e-05 3.219257e-20)
(3.7764435e-05 -0.00018388549 -6.0688707e-21)
(9.904502e-05 -0.0004386872 -2.3924151e-20)
(0.00017167954 -0.00067027632 2.2441476e-20)
(0.00025294102 -0.00087538617 -5.0088149e-20)
(0.00034015133 -0.0010515818 -9.0767368e-22)
(0.00043055951 -0.0011973612 3.0868502e-20)
(0.00052148486 -0.0013122923 5.0172957e-20)
(0.0006104906 -0.0013971306 -4.0636241e-20)
(0.00069566739 -0.001453759 4.2685935e-20)
(0.00077582181 -0.0014852759 6.8572073e-20)
(0.00085062753 -0.0014957935 -4.486839e-20)
(0.00092101038 -0.0014905849 7.1899971e-20)
(0.0009892115 -0.0014756305 9.5005277e-20)
(0.0010592477 -0.0014577907 -6.1608419e-20)
(0.0011370772 -0.0014444388 -7.8523301e-20)
(0.0012305043 -0.0014427768 2.7666616e-23)
(0.0013497869 -0.0014600942 1.1398724e-20)
(0.0015059094 -0.0015014242 -1.3656063e-20)
(0.0017099977 -0.0015691381 -2.3249411e-20)
(0.0019700449 -0.0016604788 4.9765602e-21)
(0.002288263 -0.0017668535 -4.4970355e-20)
(0.0026555115 -0.0018718699 1.2024205e-20)
(0.00305307 -0.0019559206 9.4475538e-21)
(0.0034569313 -0.0020012653 -6.5091714e-20)
(0.0038354661 -0.0019918421 8.4955088e-20)
(0.0041601338 -0.0019199711 2.5714938e-21)
(0.0043954409 -0.0017811552 1.8539753e-20)
(0.0044661874 -0.0015641989 -2.1975356e-20)
(0.0042601764 -0.0012625188 6.9849408e-20)
(0.0036201732 -0.00088191582 -4.4189148e-21)
(0.0023662301 -0.0004568577 1.7824854e-20)
(0.00027388418 -5.410788e-05 -2.446126e-21)
(-0.0028420326 0.00020687111 3.5041028e-21)
(-0.0071415822 0.00015774721 -2.1799572e-21)
(-0.012999445 -0.00043203221 4.0542422e-21)
(-0.020300031 -0.0018854892 -1.2434914e-22)
(-0.02839258 -0.0043668742 4.5303755e-20)
(-0.036810915 -0.0079501865 -1.7342023e-20)
(-0.044971552 -0.012586453 1.5550445e-20)
(-0.052428325 -0.018142683 -9.9334498e-20)
(-0.058719464 -0.024371732 -1.5941812e-20)
(-0.063586094 -0.031004246 1.3943386e-19)
(-0.066842665 -0.037736792 -1.1856662e-19)
(-0.068442981 -0.044281378 -2.2597783e-21)
(-0.068391083 -0.050344191 3.6021225e-20)
(-0.066833009 -0.055710116 -3.2873491e-20)
(-0.063854731 -0.060110085 -6.4772895e-21)
(-0.059690716 -0.063400922 -4.1796908e-21)
(-0.05459326 -0.065485229 -6.7334768e-21)
(-0.048728824 -0.066189099 -2.340815e-21)
(-0.042389349 -0.065512206 5.8083271e-22)
(-0.035806081 -0.063417984 4.8105777e-20)
(-0.029226744 -0.059937587 -7.4121415e-20)
(-0.022883314 -0.055131579 -7.9423735e-20)
(-0.016992179 -0.049095318 -3.2312311e-20)
(-0.011749634 -0.04195725 -7.4167442e-20)
(-0.0073265279 -0.033872749 1.6557126e-20)
(-0.003862762 -0.025022272 2.4093164e-20)
(-0.00147279 -0.015619096 -3.7434066e-20)
(-0.00021851676 -0.0058410556 -4.9972676e-21)
(2.9286203e-05 0.0018794623 -1.3352173e-21)
(9.2255528e-05 0.0021668158 -7.9748298e-23)
(0.00017214024 0.0024460386 -4.5884081e-21)
(0.00026799087 0.0027118265 1.5412669e-20)
(0.00037864156 0.0029587606 -1.0894402e-20)
(0.00050228829 0.0031812856 -3.3325206e-20)
(0.0006364181 0.0033740465 6.3197684e-21)
(0.0007780113 0.003532057 2.5054716e-20)
(0.00092347389 0.0036509607 -2.3628576e-20)
(0.0010687537 0.003727322 5.3002585e-20)
(0.0012095266 0.0037588696 9.648791e-22)
(0.0013414179 0.0037447514 -3.2952599e-20)
(0.0014602873 0.0036857682 -5.3758788e-20)
(0.0015625036 0.0035844354 4.3680829e-20)
(0.0016453191 0.0034451215 -4.600907e-20)
(0.0017071527 0.0032739085 -7.4077007e-20)
(0.0017479877 0.0030785538 4.8556793e-20)
(0.0017697568 0.0028683991 -7.7916577e-20)
(0.0017764843 0.002653753 -1.0305529e-19)
(0.0017746942 0.0024457981 6.687172e-20)
(0.0017735917 0.0022560616 8.5262855e-20)
(0.0017851522 0.0020958382 7.6382402e-20)
(0.0018241026 0.0019755471 6.2768503e-20)
(0.0019067368 0.0019030254 1.4829858e-20)
(0.0020495398 0.0018822363 2.5246379e-20)
(0.0022650251 0.0019101917 -5.4041739e-21)
(0.0025587904 0.0019764483 4.8843762e-20)
(0.0029180713 0.002057414 -1.3065822e-20)
(0.0033166737 0.0021251392 -1.0273448e-20)
(0.0037212852 0.0021546224 7.0854368e-20)
(0.0040916452 0.0021252633 -9.2593979e-20)
(0.0043859435 0.0020247533 -2.790598e-21)
(0.0045486777 0.0018441149 4.6121942e-20)
(0.0044900237 0.0015738122 2.4076266e-20)
(0.0040851144 0.0012125499 -7.6686478e-20)
(0.0031603594 0.00077309251 4.8617666e-21)
(0.0015293917 0.00030219788 1.4330424e-20)
(-0.0010323834 -0.00011819758 2.7008967e-21)
(-0.0047211019 -0.00035711895 -3.8718215e-21)
(-0.0095973124 -0.00022241734 2.4082902e-21)
(-0.016048892 0.00052768045 -4.4717163e-21)
(-0.023873761 0.0022127355 3.6044176e-20)
(-0.03230518 0.0049640617 -4.9562178e-20)
(-0.040894922 0.0088277869 1.8865768e-20)
(-0.049040143 0.013721269 -1.6811722e-20)
(-0.056302747 0.019479654 1.067026e-19)
(-0.062284279 0.025846638 1.7017533e-20)
(-0.06676195 0.032548291 -1.4794446e-19)
(-0.069578109 0.039276907 1.2509822e-19)
(-0.070731781 0.045758212 2.37175e-21)
(-0.070226587 0.051691587 -3.761841e-20)
(-0.068259576 0.056895719 3.4184892e-20)
(-0.064880387 0.061071945 -5.4016198e-20)
(-0.060363997 0.064112761 4.3090122e-21)
(-0.054985343 0.065952163 -9.5240486e-21)
(-0.048864774 0.066370213 2.4349382e-21)
(-0.042328365 0.065414253 -5.9591099e-22)
(-0.035595213 0.063040429 -4.9150781e-20)
(-0.028913845 0.059291264 7.5490369e-20)
(-0.022513085 0.054234057 8.0663031e-20)
(-0.016604973 0.047969516 3.273057e-20)
(-0.011381433 0.040632714 7.4940828e-20)
(-0.0070074138 0.032382416 -1.6689857e-20)
(-0.0036169452 0.023404782 4.8054805e-20)
(-0.0013175206 0.013908533 3.7560484e-20)
(-0.00016726532 0.0041027439 5.0058186e-21)
)
;
    }
    frontAndBack
    {
        type            empty;
    }
}


// ************************************************************************* //
