/*--------------------------------*- C++ -*----------------------------------*\
  =========                 |
  \\      /  F ield         | OpenFOAM: The Open Source CFD Toolbox
   \\    /   O peration     | Website:  https://openfoam.org
    \\  /    A nd           | Version:  13
     \\/     M anipulation  |
\*---------------------------------------------------------------------------*/
FoamFile
{
    format      ascii;
    class       volVectorField;
    location    "17.699692";
    object      wallShearStress;
}
// * * * * * * * * * * * * * * * * * * * * * * * * * * * * * * * * * * * * * //

dimensions      [0 2 -2 0 0 0 0];

internalField   uniform (0 0 0);

boundaryField
{
    inlet
    {
        type            calculated;
        value           uniform (0 0 0);
    }
    outlet
    {
        type            calculated;
        value           uniform (0 0 0);
    }
    cylinder
    {
        type            calculated;
        value           nonuniform List<vector> 
132
(
(4.9245098e-05 -0.001743225 -1.8491814e-22)
(0.00018758119 -0.0039561432 5.299167e-23)
(0.0004478952 -0.0061321027 2.9566255e-21)
(0.0008259468 -0.0082173838 -1.0049675e-20)
(0.001311434 -0.01015705 7.205498e-21)
(0.0018874249 -0.011894534 2.2414324e-20)
(0.0025295494 -0.013371136 -4.330945e-21)
(0.0032042309 -0.014525337 -1.7514074e-20)
(0.0038705975 -0.015295677 1.6850819e-20)
(0.004480477 -0.015631091 -3.8527408e-20)
(0.0049829145 -0.015500542 -7.1341186e-22)
(0.0053293958 -0.01490051 2.4721122e-20)
(0.0054797138 -0.013859282 4.0770501e-20)
(0.0054090832 -0.012440744 -3.3356763e-20)
(0.0051115119 -0.010736801 3.5235775e-20)
(0.0046047006 -0.0088643056 5.6675254e-20)
(0.0039288458 -0.0069503396 -3.6990928e-20)
(0.0031418554 -0.0051192875 5.8951351e-20)
(0.0023129368 -0.0034776977 7.7311325e-20)
(0.001510686 -0.0020998763 -4.9704466e-20)
(0.00079212002 -0.0010214803 -6.2793798e-20)
(0.00019278538 -0.00023770016 2.1888235e-23)
(-0.00027115063 0.00028634295 8.9678734e-21)
(-0.00059915703 0.00059427652 -1.0666344e-20)
(-0.00077405783 0.00071089543 -1.8034564e-20)
(-0.00072190961 0.00061272011 3.8329913e-21)
(-0.00038042605 0.00030142975 -3.4414449e-20)
(0.000352296 -0.00023858893 9.1545919e-21)
(0.0013368626 -0.00084755618 7.1757446e-21)
(0.0022865229 -0.001317822 -4.9452062e-20)
(0.0029793096 -0.001544675 6.4636682e-20)
(0.0033638211 -0.0015518973 1.9579198e-21)
(0.0035741308 -0.0014479083 1.4103231e-20)
(0.0037373835 -0.0013074022 -1.6676167e-20)
(0.0038660588 -0.0011425242 5.2845995e-20)
(0.0038283969 -0.00092698838 -3.3331801e-21)
(0.0034468918 -0.00065330161 1.3412146e-20)
(0.0025217364 -0.00034857417 -1.8380599e-21)
(0.00084065681 -8.2188756e-05 2.6351231e-21)
(-0.0018365835 2.867823e-05 -1.644946e-21)
(-0.0058812723 -0.00019991813 3.0816643e-21)
(-0.011387919 -0.0010665005 -9.5673756e-23)
(-0.017991387 -0.0027761168 3.5388977e-20)
(-0.025292432 -0.0054714885 -1.3773987e-20)
(-0.032728926 -0.0091684826 1.255919e-20)
(-0.039843248 -0.013795183 -8.1506964e-20)
(-0.046111875 -0.019147329 -1.3260053e-20)
(-0.051203677 -0.024974964 1.1728322e-19)
(-0.054892337 -0.030997567 -1.0051694e-19)
(-0.057071095 -0.03693061 -1.9237065e-21)
(-0.057727371 -0.042500238 3.0633452e-20)
(-0.056957198 -0.047483051 -2.7706286e-20)
(-0.054860091 -0.051647496 -5.3310173e-21)
(-0.051611495 -0.054823309 -3.2150978e-21)
(-0.047447296 -0.056917035 -3.7144047e-21)
(-0.042551144 -0.057800989 -4.5443491e-21)
(-0.037160302 -0.057433567 6.7687524e-22)
(-0.03150131 -0.055796196 5.1647373e-20)
(-0.025798138 -0.052908785 -7.7117737e-20)
(-0.020264597 -0.048825017 -8.1361697e-20)
(-0.015099818 -0.043630624 -3.282165e-20)
(-0.010483617 -0.037440031 -7.4983148e-20)
(-0.0065729372 -0.030394107 1.6699202e-20)
(-0.0034961528 -0.022654913 2.4280666e-20)
(-0.0013573161 -0.014417649 -3.7742055e-20)
(-0.00021293681 -0.0058369285 -5.0463201e-21)
(3.1955152e-05 0.00047451585 -8.4740404e-22)
(0.0001352737 0.0026849861 -5.045048e-23)
(0.00035952801 0.0048556999 -2.9023918e-21)
(0.00070001364 0.0069315625 9.7850465e-21)
(0.0011457823 0.0088560933 -6.965122e-21)
(0.0016792112 0.010572244 -2.1517822e-20)
(0.0022752984 0.012021663 4.1310025e-21)
(0.0029007338 0.013146013 1.6606333e-20)
(0.0035146379 0.013887693 -1.5891853e-20)
(0.0040698861 0.014198949 3.6161459e-20)
(0.0045167795 0.014052041 6.6682789e-22)
(0.0048085043 0.013446615 -2.3021052e-20)
(0.00490759 0.01241544 -3.7846391e-20)
(0.0047930586 0.011027538 3.0879712e-20)
(0.0044642155 0.0093810136 -3.2543898e-20)
(0.003943797 0.0075957124 -5.224574e-20)
(0.0032764588 0.005799728 3.4049216e-20)
(0.0025230294 0.0041144102 -5.4204279e-20)
(0.0017515916 0.0026371035 -7.1037222e-20)
(0.0010244737 0.0014279649 4.5654694e-20)
(0.00039010668 0.00050996124 5.7674347e-20)
(-0.00012714867 -0.00013972086 5.1224639e-20)
(-0.00051955202 -0.0005567458 4.1766206e-20)
(-0.00078730875 -0.0007834627 9.7951266e-21)
(-0.00087882489 -0.00080841983 1.6559256e-20)
(-0.00075927537 -0.00064593001 -3.5189736e-21)
(-0.00024432393 -0.00019811616 3.1577946e-20)
(0.0006186576 0.00042584604 -8.4088861e-21)
(0.0016320201 0.001037199 -6.5988409e-21)
(0.0025281867 0.0014588756 4.5544093e-20)
(0.0031114027 0.0016143193 -5.9578597e-20)
(0.0034150457 0.0015761261 -1.795474e-21)
(0.0035854594 0.001452665 2.9613867e-20)
(0.0037463694 0.00131062 1.5410585e-20)
(0.0038550437 0.0011395487 -4.8926018e-20)
(0.0037586366 0.00091068921 3.0937448e-21)
(0.0032757267 0.00062191727 9.1069054e-21)
(0.0022054079 0.00030701884 1.7177184e-21)
(0.00033685493 4.2764072e-05 -2.4726784e-21)
(-0.0025713122 -4.5727842e-05 1.5500494e-21)
(-0.0068754473 0.00023361395 -2.9155777e-21)
(-0.012624719 0.0011800811 2.3940603e-20)
(-0.019402526 0.0029916967 -3.3625232e-20)
(-0.026782667 0.0057917097 1.30819e-20)
(-0.034197977 0.0095778455 -1.190158e-20)
(-0.041192941 0.014260692 7.6920732e-20)
(-0.047261917 0.019622991 1.243919e-20)
(-0.052103518 0.025411368 -1.0911877e-19)
(-0.055510761 0.031344319 9.2486644e-20)
(-0.057405808 0.03714475 1.7431835e-21)
(-0.057779666 0.042536291 -2.7140763e-20)
(-0.056764556 0.047320018 2.369516e-20)
(-0.054433929 0.051243595 -3.4300365e-20)
(-0.050994309 0.054165112 2.1423257e-21)
(-0.046692615 0.056008778 4.5424896e-22)
(-0.041680053 0.056614371 8.0628924e-21)
(-0.036223709 0.055982214 -8.6047211e-22)
(-0.030536738 0.054083176 -5.973567e-20)
(-0.024844593 0.050947593 8.5248045e-20)
(-0.019358237 0.046634051 8.7526813e-20)
(-0.014273193 0.041232324 3.4658107e-20)
(-0.009765823 0.034862332 7.8086416e-20)
(-0.0059881832 0.02766719 -1.7198305e-20)
(-0.0030638206 0.019814169 4.9129756e-20)
(-0.0010912486 0.011490136 3.8184037e-20)
(-0.00012607366 0.0028914198 5.0686821e-21)
)
;
    }
    frontAndBack
    {
        type            empty;
    }
}


// ************************************************************************* //
