/*--------------------------------*- C++ -*----------------------------------*\
  =========                 |
  \\      /  F ield         | OpenFOAM: The Open Source CFD Toolbox
   \\    /   O peration     | Website:  https://openfoam.org
    \\  /    A nd           | Version:  13
     \\/     M anipulation  |
\*---------------------------------------------------------------------------*/
FoamFile
{
    format      ascii;
    class       volVectorField;
    location    "3.102279";
    object      wallShearStress;
}
// * * * * * * * * * * * * * * * * * * * * * * * * * * * * * * * * * * * * * //

dimensions      [0 2 -2 0 0 0 0];

internalField   uniform (0 0 0);

boundaryField
{
    inlet
    {
        type            calculated;
        value           uniform (0 0 0);
    }
    outlet
    {
        type            calculated;
        value           uniform (0 0 0);
    }
    cylinder
    {
        type            calculated;
        value           nonuniform List<vector> 
132
(
(0.00011429778 -0.0017620287 -2.1259172e-22)
(0.00048006444 -0.0095339822 6.1433029e-23)
(0.0012651498 -0.017095509 3.535521e-21)
(0.0024361887 -0.02414329 -1.2577441e-20)
(0.0039254045 -0.030373331 9.5399604e-21)
(0.0056309452 -0.035497864 3.1547305e-20)
(0.0074179376 -0.039266467 -6.4774396e-21)
(0.0091348629 -0.041485027 -2.7697027e-20)
(0.010616989 -0.042042251 2.7957407e-20)
(0.011705825 -0.040929859 -6.6419495e-20)
(0.012269855 -0.038260186 -1.2647912e-21)
(0.012225048 -0.034268304 4.4634715e-20)
(0.01155409 -0.02930385 7.428469e-20)
(0.010316826 -0.023800123 -6.0874767e-20)
(0.00864805 -0.018223643 6.4051229e-20)
(0.0067354503 -0.013010361 1.0228332e-19)
(0.0047861263 -0.0085006189 -6.620326e-20)
(0.0029873629 -0.0048929911 1.0469778e-19)
(0.0014703492 -0.0022325188 1.36498e-19)
(0.00028925158 -0.00042600826 -8.743994e-20)
(-0.0005748448 0.00071379126 -1.1028535e-19)
(-0.0012075186 0.0014067855 3.8529461e-23)
(-0.0016486918 0.0017812 1.5744714e-20)
(-0.0017600821 0.0017605292 -1.8710153e-20)
(-0.0013608179 0.0012645579 -3.157921e-20)
(2.2575271e-05 5.0407402e-06 6.7037272e-21)
(0.0020314344 -0.0015472205 -6.0358175e-20)
(0.0039179594 -0.002749926 1.6151452e-20)
(0.0050804502 -0.0032533296 1.2739613e-20)
(0.0054923902 -0.0031834339 -8.8063698e-20)
(0.0056011871 -0.0029126701 1.1512671e-19)
(0.0057318093 -0.0026475731 3.4882851e-21)
(0.0058653663 -0.0023782549 2.5189321e-20)
(0.0057705709 -0.0020227917 -2.9939111e-20)
(0.0052089317 -0.0015464498 9.5542149e-20)
(0.0039484954 -0.0009665811 -6.0761882e-21)
(0.0017683417 -0.00035154351 2.4666003e-20)
(-0.001592069 0.00018775341 -3.409153e-21)
(-0.0063057268 0.00047944474 4.9168907e-21)
(-0.012366775 0.00029005197 -3.077367e-21)
(-0.020165041 -0.00065973097 5.7459335e-21)
(-0.029242968 -0.002706359 -1.7629493e-22)
(-0.038612827 -0.005928343 6.4066999e-20)
(-0.047778233 -0.010308037 -2.4397377e-20)
(-0.056135679 -0.015701037 2.1731512e-20)
(-0.063273224 -0.021885578 -1.3782026e-19)
(-0.06886732 -0.028571439 -2.1980231e-20)
(-0.072791681 -0.035481173 1.9136295e-19)
(-0.074958925 -0.042308062 -1.6247611e-19)
(-0.07543438 -0.048794703 -3.1048812e-21)
(-0.074273515 -0.05466533 4.9963111e-20)
(-0.071691688 -0.059752081 -4.6535776e-20)
(-0.067776996 -0.063795006 -9.5580497e-21)
(-0.062790164 -0.066686648 -6.7682423e-21)
(-0.057003152 -0.068370347 -1.4759985e-20)
(-0.050556882 -0.068667321 3.2951787e-21)
(-0.04374644 -0.067605455 3.5340739e-22)
(-0.036790404 -0.065157952 4.0938619e-20)
(-0.029923248 -0.061363251 -6.9772949e-20)
(-0.023363952 -0.056287591 -7.8393982e-20)
(-0.017315147 -0.050027347 -3.2754404e-20)
(-0.011960462 -0.042710062 -7.6430533e-20)
(-0.0074591271 -0.03448737 1.7246686e-20)
(-0.0039414448 -0.025533871 2.5278413e-20)
(-0.0015128838 -0.01605598 -3.9464812e-20)
(-0.00022995713 -0.0062205152 -5.2845106e-21)
(0.00017127238 0.0060068342 -9.8470108e-22)
(0.00064631257 0.013637856 -6.0463357e-23)
(0.0015250772 0.020912833 -3.6478825e-21)
(0.0027621802 0.027532688 1.3068173e-20)
(0.0042788624 0.033206853 -9.9529107e-21)
(0.0059632812 0.037668077 -3.2940653e-20)
(0.0076772878 0.040695314 6.7504592e-21)
(0.0092678103 0.042132677 2.875074e-20)
(0.010575778 0.041914624 -2.8867518e-20)
(0.01145559 0.040084309 6.816804e-20)
(0.011795358 0.036805127 1.2900815e-21)
(0.011536202 0.032357813 -4.5245603e-20)
(0.010688554 0.027125508 -7.4886596e-20)
(0.0093369472 0.021553204 6.1084736e-20)
(0.0076334503 0.016094923 -6.404485e-20)
(0.0057663158 0.011145983 -1.0203905e-19)
(0.0039324688 0.0069908439 6.5967567e-20)
(0.0022919344 0.0037610318 -1.0430478e-19)
(0.00094792871 0.0014521098 -1.3604474e-19)
(-7.8813103e-05 -8.5261805e-05 8.7213064e-20)
(-0.00081974142 -0.0010277012 1.1007038e-19)
(-0.0013756037 -0.0016058477 9.7799342e-20)
(-0.0017225116 -0.0018633227 7.9731752e-20)
(-0.0016944352 -0.0016990301 1.8682248e-20)
(-0.00094529236 -0.00088758074 3.1530821e-20)
(0.00067778993 0.00054696438 -6.7078665e-21)
(0.0026734062 0.0020450913 6.0487332e-20)
(0.0043637788 0.0030681151 -1.6216816e-20)
(0.0052038245 0.0033351872 -1.279625e-20)
(0.0054746139 0.0031737856 8.8437598e-20)
(0.0055924257 0.0029079744 -1.1565024e-19)
(0.0057355717 0.0026493594 -3.4860524e-21)
(0.0058330327 0.0023657532 5.7676737e-20)
(0.005621447 0.0019716851 3.0173607e-20)
(0.0048885608 0.0014532376 -9.6443527e-20)
(0.0033924727 0.00083402386 6.1437904e-21)
(0.00091850251 0.00019370191 1.821858e-20)
(-0.0027795298 -0.00034557963 3.4575493e-21)
(-0.0078478965 -0.00060247012 -4.9906508e-21)
(-0.014244261 -0.00034048863 3.1234084e-21)
(-0.022339788 0.00072699696 -5.8258795e-21)
(-0.031596889 0.0029210308 4.7036739e-20)
(-0.041013464 0.0062939006 -6.4604195e-20)
(-0.050117722 0.010809934 2.4507182e-20)
(-0.058280683 0.016298611 -2.1733382e-20)
(-0.065159037 0.022534802 1.3717359e-19)
(-0.070451667 0.029225814 2.1761696e-20)
(-0.074047443 0.036090509 -1.8837831e-19)
(-0.075889153 0.042830467 1.5889311e-19)
(-0.076052067 0.049191719 3.0131527e-21)
(-0.074593666 0.054898489 -4.801185e-20)
(-0.071761104 0.059807554 4.4146557e-20)
(-0.067609669 0.063634839 -7.1575106e-20)
(-0.062419535 0.066290471 6.0665003e-21)
(-0.056490276 0.067752443 -1.6627404e-20)
(-0.049922317 0.067802338 -8.5444804e-22)
(-0.043034362 0.066501539 -4.8302905e-22)
(-0.036037055 0.06381964 -4.6744588e-20)
(-0.029164137 0.059801589 7.5687661e-20)
(-0.022632498 0.05451909 8.2928208e-20)
(-0.01664131 0.048072016 3.4116988e-20)
(-0.011371001 0.040592927 7.874909e-20)
(-0.0069763148 0.032235555 -1.7621601e-20)
(-0.0035831321 0.023179207 5.0869008e-20)
(-0.0012918211 0.013623403 3.9798948e-20)
(-0.00015770666 0.0037712233 5.3022862e-21)
)
;
    }
    frontAndBack
    {
        type            empty;
    }
}


// ************************************************************************* //
