/*--------------------------------*- C++ -*----------------------------------*\
  =========                 |
  \\      /  F ield         | OpenFOAM: The Open Source CFD Toolbox
   \\    /   O peration     | Website:  https://openfoam.org
    \\  /    A nd           | Version:  13
     \\/     M anipulation  |
\*---------------------------------------------------------------------------*/
FoamFile
{
    format      ascii;
    class       volVectorField;
    location    "30.600192";
    object      wallShearStress;
}
// * * * * * * * * * * * * * * * * * * * * * * * * * * * * * * * * * * * * * //

dimensions      [0 2 -2 0 0 0 0];

internalField   uniform (0 0 0);

boundaryField
{
    inlet
    {
        type            calculated;
        value           uniform (0 0 0);
    }
    outlet
    {
        type            calculated;
        value           uniform (0 0 0);
    }
    cylinder
    {
        type            calculated;
        value           nonuniform List<vector> 
132
(
(-8.7171762e-07 0.00034282521 -2.5083089e-22)
(2.0102113e-06 3.7133137e-05 7.1448203e-23)
(2.2529541e-05 -0.0002732823 3.944738e-21)
(6.0486822e-05 -0.00058351086 -1.3232311e-20)
(0.00011620495 -0.00088819216 9.3356734e-21)
(0.00018885173 -0.0011815401 2.8509492e-20)
(0.00027708079 -0.0014577209 -5.3987335e-21)
(0.00037886305 -0.0017109391 -2.137789e-20)
(0.00049148351 -0.0019357001 2.0142584e-20)
(0.00061158776 -0.0021270282 -4.5154346e-20)
(0.00073542856 -0.0022807397 -8.2170848e-22)
(0.00085881248 -0.0023936301 2.8060937e-20)
(0.00097743181 -0.0024639104 4.5786398e-20)
(0.0010870109 -0.0024911114 -3.7217754e-20)
(0.0011838115 -0.0024767556 3.9224949e-20)
(0.001264612 -0.0024236352 6.3201367e-20)
(0.0013276384 -0.0023370307 -4.1463746e-20)
(0.0013720004 -0.0022228625 6.6596587e-20)
(0.0013989423 -0.0020892314 8.8166497e-20)
(0.0014114345 -0.0019449337 -5.726323e-20)
(0.0014145884 -0.0017994458 -7.3073232e-20)
(0.0014162326 -0.0016630206 2.5737903e-23)
(0.0014263577 -0.0015453009 1.0622825e-20)
(0.0014578009 -0.0014556084 -1.2729769e-20)
(0.0015255778 -0.0014016865 -2.1671661e-20)
(0.0016450742 -0.0013878594 4.6374357e-21)
(0.0018290863 -0.0014130259 -4.1882911e-20)
(0.0020841801 -0.0014692959 1.1190426e-20)
(0.0024043517 -0.0015400201 8.7850104e-21)
(0.0027709011 -0.0016034901 -6.0472808e-20)
(0.0031524626 -0.0016363598 7.8853588e-20)
(0.0035121759 -0.0016200593 2.3843908e-21)
(0.0038206415 -0.0015471635 1.7168788e-20)
(0.0040341586 -0.0014114171 -2.0317839e-20)
(0.0040700617 -0.0012040339 6.4465876e-20)
(0.0037950646 -0.00092107282 -4.0709361e-21)
(0.0030439016 -0.00058043948 1.6395994e-20)
(0.0016037873 -0.00022863089 -2.2480268e-21)
(-0.00072883165 3.9094255e-05 3.2212042e-21)
(-0.0041817921 8.4682135e-05 -2.0070751e-21)
(-0.0091012442 -0.00030844812 3.7454401e-21)
(-0.015453629 -0.0014401505 -1.1547762e-22)
(-0.022709338 -0.0034974218 4.2340682e-20)
(-0.030428949 -0.0065762643 -1.6317747e-20)
(-0.03804526 -0.010651519 1.4726343e-20)
(-0.045068412 -0.015599077 -9.4614577e-20)
(-0.051066028 -0.021198735 -1.5262594e-20)
(-0.055768599 -0.027195521 1.3403822e-19)
(-0.058984782 -0.033303111 -1.1435946e-19)
(-0.060674636 -0.039257541 -2.1847607e-21)
(-0.060834542 -0.044783436 3.4879234e-20)
(-0.059604575 -0.04968622 -3.1843163e-20)
(-0.057070183 -0.053724679 -6.2664637e-21)
(-0.05343154 -0.056753662 -4.0184516e-21)
(-0.048926811 -0.058689129 -6.3025873e-21)
(-0.043721705 -0.059388637 -2.5877652e-21)
(-0.038070471 -0.058838124 5.8765654e-22)
(-0.032187896 -0.057010286 4.8167446e-20)
(-0.026297743 -0.053931505 -7.3963645e-20)
(-0.020610576 -0.049656704 -7.915008e-20)
(-0.015322642 -0.044272424 -3.2188638e-20)
(-0.010611515 -0.037894339 -7.3894386e-20)
(-0.0066318402 -0.030663054 1.6504741e-20)
(-0.0035103425 -0.022741321 2.403705e-20)
(-0.0013496204 -0.014322323 -3.7389257e-20)
(-0.00020572196 -0.0055654686 -4.9987223e-21)
(1.2526513e-05 0.00064191355 -1.1529998e-21)
(4.1702681e-05 0.00093511326 -6.8604248e-23)
(8.7456503e-05 0.0012202717 -3.9323556e-21)
(0.0001487887 0.001492246 1.3160662e-20)
(0.00022453976 0.0017459948 -9.2696318e-21)
(0.00031298273 0.0019765465 -2.8258574e-20)
(0.00041184005 0.0021792372 5.3414867e-21)
(0.00051832549 0.0023498945 2.1111036e-20)
(0.0006291728 0.002485031 -1.9851729e-20)
(0.00074086559 0.0025820762 4.4410655e-20)
(0.00084972047 0.0026394684 8.064835e-22)
(0.00095206818 0.0026569654 -2.7479847e-20)
(0.0010444719 0.0026356519 -4.4738896e-20)
(0.0011239825 0.002578045 3.6285303e-20)
(0.0011884613 0.0024882454 -3.8157827e-20)
(0.001236393 0.0023709452 -6.134959e-20)
(0.0012678387 0.00223283 4.0165446e-20)
(0.0012843256 0.0020815826 -6.4385006e-20)
(0.0012888994 0.0019253866 -8.5083891e-20)
(0.0012863927 0.0017728712 5.516999e-20)
(0.0012834211 0.001632599 7.0299474e-20)
(0.0012886842 0.0015130284 6.2943727e-20)
(0.001313167 0.0014222484 5.1699352e-20)
(0.0013699862 0.0013673338 1.220843e-20)
(0.0014739166 0.001353521 2.077185e-20)
(0.0016392684 0.0013822488 -4.4432969e-21)
(0.0018749122 0.0014478059 4.012513e-20)
(0.0021833771 0.001538788 -1.0721967e-20)
(0.0025488671 0.0016324099 -8.4202769e-21)
(0.0029415176 0.0017022855 5.7992775e-20)
(0.0033307189 0.0017290716 -7.566873e-20)
(0.0036863494 0.0017006274 -2.2765361e-21)
(0.0039800321 0.0016120015 3.7551584e-20)
(0.0041581342 0.0014552111 1.9561646e-20)
(0.0041290073 0.0012220802 -6.2182236e-20)
(0.0037497669 0.00091103669 3.9361132e-21)
(0.0028431463 0.00054390558 1.159463e-20)
(0.0011873923 0.00017407905 2.1870261e-21)
(-0.0014149332 -9.3172705e-05 -3.1445673e-21)
(-0.0051681838 -0.00010891191 1.9658655e-21)
(-0.010427794 0.00035054141 -3.6791052e-21)
(-0.017089566 0.0015903084 2.9966353e-20)
(-0.024569513 0.0037816286 -4.1679214e-20)
(-0.032411142 0.0070022921 1.6044114e-20)
(-0.040010253 0.01119954 -1.4443026e-20)
(-0.046925419 0.016239816 9.2459809e-20)
(-0.052733465 0.021888217 1.484007e-20)
(-0.057187546 0.027884835 -1.2952514e-19)
(-0.060128571 0.033946327 1.0962988e-19)
(-0.061531186 0.039809238 2.0729747e-21)
(-0.061407346 0.045202642 -3.2623996e-20)
(-0.059917112 0.049944305 2.9161799e-20)
(-0.05713504 0.053783138 -4.4547889e-20)
(-0.053283681 0.0565941 3.2627107e-21)
(-0.048615042 0.058312464 -4.7002898e-21)
(-0.043269943 0.058771998 5.1589316e-21)
(-0.03751962 0.057983446 -7.2364666e-22)
(-0.031574929 0.055920734 -5.4232463e-20)
(-0.025658624 0.05261612 8.0122715e-20)
(-0.01997976 0.048130992 8.3860572e-20)
(-0.014731244 0.042555806 3.3601722e-20)
(-0.010087485 0.036011725 7.6295816e-20)
(-0.0061986186 0.028642061 -1.6892671e-20)
(-0.0031867338 0.020614381 4.843218e-20)
(-0.0011491725 0.012116249 3.7734614e-20)
(-0.00014006136 0.0033389912 5.0168055e-21)
)
;
    }
    frontAndBack
    {
        type            empty;
    }
}


// ************************************************************************* //
