/*--------------------------------*- C++ -*----------------------------------*\
  =========                 |
  \\      /  F ield         | OpenFOAM: The Open Source CFD Toolbox
   \\    /   O peration     | Website:  https://openfoam.org
    \\  /    A nd           | Version:  13
     \\/     M anipulation  |
\*---------------------------------------------------------------------------*/
FoamFile
{
    format      ascii;
    class       volVectorField;
    location    "36.000961";
    object      wallShearStress;
}
// * * * * * * * * * * * * * * * * * * * * * * * * * * * * * * * * * * * * * //

dimensions      [0 2 -2 0 0 0 0];

internalField   uniform (0 0 0);

boundaryField
{
    inlet
    {
        type            calculated;
        value           uniform (0 0 0);
    }
    outlet
    {
        type            calculated;
        value           uniform (0 0 0);
    }
    cylinder
    {
        type            calculated;
        value           nonuniform List<vector> 
132
(
(-1.7205713e-05 0.0015449059 -2.7262645e-22)
(-4.71189e-05 0.0012423155 7.7539475e-23)
(-6.0284207e-05 0.00092971663 4.2743607e-21)
(-5.5732119e-05 0.00061060294 -1.4314656e-20)
(-3.3169442e-05 0.00029154259 1.0082445e-20)
(7.35603e-06 -2.2963121e-05 3.0737926e-20)
(6.4860088e-05 -0.00032754287 -5.8109386e-21)
(0.00013861019 -0.00061646459 -2.2971684e-20)
(0.00022633442 -0.00088448222 2.1609116e-20)
(0.00032552252 -0.0011267376 -4.8366729e-20)
(0.0004331717 -0.0013390122 -8.7890017e-22)
(0.00054588021 -0.0015179839 2.9973795e-20)
(0.00066017523 -0.0016613483 4.8849817e-20)
(0.00077256931 -0.0017681374 -3.9667347e-20)
(0.00087982467 -0.0018387151 4.1771354e-20)
(0.00097935896 -0.0018751272 6.7259342e-20)
(0.0010693653 -0.0018807252 -4.4104738e-20)
(0.001149447 -0.0018607057 7.0816024e-20)
(0.0012205532 -0.0018212797 9.3739056e-20)
(0.0012857102 -0.0017701516 -6.0882092e-20)
(0.0013502566 -0.0017160635 -7.7701222e-20)
(0.0014216726 -0.0016678478 2.7387791e-23)
(0.0015103302 -0.0016347408 1.130206e-20)
(0.0016279803 -0.001624107 -1.3549548e-20)
(0.0017874751 -0.0016411268 -2.3079605e-20)
(0.0019998133 -0.0016863158 4.9418606e-21)
(0.0022706499 -0.0017538107 -4.4665671e-20)
(0.0025952308 -0.0018297298 1.1944113e-20)
(0.002959646 -0.0018962366 9.3854078e-21)
(0.0033416375 -0.0019345532 -6.4669746e-20)
(0.0037088835 -0.001926067 8.4414515e-20)
(0.0040285298 -0.0018591861 2.5555187e-21)
(0.0042609956 -0.0017266439 1.8427103e-20)
(0.004332066 -0.0015172123 -2.1843513e-20)
(0.0041330353 -0.0012248401 6.9429322e-20)
(0.0035115339 -0.00085546567 -4.3917414e-21)
(0.0022919235 -0.00044256721 1.7710469e-20)
(0.0002546261 -5.1080015e-05 -2.4294109e-21)
(-0.0027845866 0.00020275811 3.4782489e-21)
(-0.0069842069 0.00015429633 -2.162456e-21)
(-0.012715863 -0.00042267071 4.0187505e-21)
(-0.019875451 -0.0018461733 -1.2316911e-22)
(-0.027831575 -0.004280772 4.4846118e-20)
(-0.036126907 -0.0078026765 -1.7157802e-20)
(-0.044183393 -0.012366111 1.5379564e-20)
(-0.051564333 -0.01784399 -9.8222508e-20)
(-0.057808753 -0.023994094 -1.5760277e-20)
(-0.06265423 -0.030550246 1.3783314e-19)
(-0.065914667 -0.037213245 -1.1718987e-19)
(-0.067538144 -0.043696319 -2.2331794e-21)
(-0.0675273 -0.049708675 3.5587187e-20)
(-0.066021295 -0.055033798 -3.2458469e-20)
(-0.063107493 -0.059406967 -6.3889927e-21)
(-0.059014326 -0.062682729 -4.1109957e-21)
(-0.053989769 -0.064761552 -6.5505062e-21)
(-0.048202684 -0.065474625 -2.4382187e-21)
(-0.041939842 -0.064817653 5.8273372e-22)
(-0.035431727 -0.062755067 4.8049493e-20)
(-0.028924123 -0.05931706 -7.3922875e-20)
(-0.022647538 -0.054563575 -7.9161559e-20)
(-0.016817014 -0.048589198 -3.219876e-20)
(-0.011627628 -0.041521484 -7.3908812e-20)
(-0.0072491321 -0.033514709 1.6502758e-20)
(-0.0038205656 -0.024748421 2.4022615e-20)
(-0.0014554625 -0.015434077 -3.7343581e-20)
(-0.00021540924 -0.0057513316 -4.98863e-21)
(2.862914e-05 0.0018357245 -1.2549564e-21)
(9.0009748e-05 0.0021154511 -7.4770814e-23)
(0.00016750221 0.0023818952 -4.2913732e-21)
(0.00025971986 0.0026299662 1.4379537e-20)
(0.00036510557 0.0028547928 -1.0139402e-20)
(0.0004815363 0.0030515818 -3.0941188e-20)
(0.00060636415 0.003215986 5.8537785e-21)
(0.00073637831 0.0033441982 2.3153675e-20)
(0.00086814418 0.0034332491 -2.1786638e-20)
(0.00099787237 0.0034810368 4.876474e-20)
(0.0011217284 0.0034868149 8.8590706e-22)
(0.001235921 0.0034509203 -3.0194708e-20)
(0.0013371365 0.003375497 -4.9167569e-20)
(0.0014225218 0.0032637615 3.9880534e-20)
(0.0014902362 0.0031207357 -4.1938559e-20)
(0.0015395135 0.002952654 -6.7423844e-20)
(0.0015710185 0.0027670135 4.4137209e-20)
(0.0015873306 0.0025727661 -7.0741282e-20)
(0.001592619 0.0023790407 -9.3468683e-20)
(0.0015935665 0.0021960393 6.0597173e-20)
(0.0015988454 0.0020335606 7.7204729e-20)
(0.0016201873 0.0019018691 6.9120093e-20)
(0.0016713041 0.0018097059 5.6771807e-20)
(0.0017683949 0.0017645488 1.3407517e-20)
(0.0019267428 0.0017690533 2.2818016e-20)
(0.0021576933 0.0018192977 -4.8832199e-21)
(0.0024648666 0.0019035576 4.4128449e-20)
(0.0028406331 0.0020024847 -1.1802854e-20)
(0.0032583982 0.0020875482 -9.2801717e-21)
(0.0036762186 0.0021283701 6.4006326e-20)
(0.0040567488 0.0021070069 -8.3650753e-20)
(0.0043648266 0.0020148201 -2.5213878e-21)
(0.0045563042 0.0018468849 4.1680557e-20)
(0.0045489546 0.0015939522 2.1765865e-20)
(0.0042208478 0.0012519851 -6.9368147e-20)
(0.0034066596 0.0008317288 4.4017766e-21)
(0.0019218077 0.00037494983 1.2991487e-20)
(-0.0004568392 -4.1948851e-05 2.4529234e-21)
(-0.0039223447 -0.00029368906 -3.5246285e-21)
(-0.00857132 -0.00019542138 2.1986934e-21)
(-0.014777845 0.00048779854 -4.0969328e-21)
(-0.02237887 0.0020757632 3.3157887e-20)
(-0.030640305 0.0047097543 -4.5779226e-20)
(-0.039111788 0.008444367 1.7493409e-20)
(-0.047215247 0.013211945 -1.5643083e-20)
(-0.054487471 0.018852769 9.9558772e-20)
(-0.060523369 0.025117408 1.5911142e-20)
(-0.065091895 0.031735487 -1.3846681e-19)
(-0.068020134 0.03839871 1.1707138e-19)
(-0.069301699 0.044834217 2.2157562e-21)
(-0.0689332 0.050740613 -3.5002762e-20)
(-0.067103182 0.055932781 3.1556117e-20)
(-0.063865113 0.060117139 -4.9069944e-20)
(-0.059484103 0.063178953 3.7674337e-21)
(-0.054230715 0.065047699 -7.047765e-21)
(-0.048233534 0.065513455 3.8134516e-21)
(-0.041809687 0.064613237 -6.5943668e-22)
(-0.035180099 0.062305752 -5.1617708e-20)
(-0.02859171 0.058631153 7.7669561e-20)
(-0.022272821 0.053655698 8.2104704e-20)
(-0.016435022 0.047478975 3.3100529e-20)
(-0.011269808 0.040234646 7.5466882e-20)
(-0.0069419476 0.03208041 -1.6757622e-20)
(-0.0035853007 0.023200921 4.81476e-20)
(-0.0013074587 0.013804041 3.7573847e-20)
(-0.00016657902 0.0040952199 5.0016674e-21)
)
;
    }
    frontAndBack
    {
        type            empty;
    }
}


// ************************************************************************* //
