/*--------------------------------*- C++ -*----------------------------------*\
  =========                 |
  \\      /  F ield         | OpenFOAM: The Open Source CFD Toolbox
   \\    /   O peration     | Website:  https://openfoam.org
    \\  /    A nd           | Version:  13
     \\/     M anipulation  |
\*---------------------------------------------------------------------------*/
FoamFile
{
    format      ascii;
    class       volVectorField;
    location    "48.999964";
    object      wallShearStress;
}
// * * * * * * * * * * * * * * * * * * * * * * * * * * * * * * * * * * * * * //

dimensions      [0 2 -2 0 0 0 0];

internalField   uniform (0 0 0);

boundaryField
{
    inlet
    {
        type            calculated;
        value           uniform (0 0 0);
    }
    outlet
    {
        type            calculated;
        value           uniform (0 0 0);
    }
    cylinder
    {
        type            calculated;
        value           nonuniform List<vector> 
132
(
(3.4532639e-05 -0.0022880924 -3.0781305e-22)
(0.00010769956 -0.0025499712 8.7899454e-23)
(0.00019639943 -0.0028015659 4.8636839e-21)
(0.00029952882 -0.003037768 -1.6349493e-20)
(0.00041575431 -0.0032534402 1.1557145e-20)
(0.00054308448 -0.0034433539 3.535321e-20)
(0.00067896684 -0.0036025339 -6.7042655e-21)
(0.00082031325 -0.0037263728 -2.6577722e-20)
(0.0009634884 -0.0038109716 2.506267e-20)
(0.0011044516 -0.0038532964 -5.6212303e-20)
(0.0012389598 -0.0038515654 -1.0231443e-21)
(0.0013627186 -0.0038052493 3.493512e-20)
(0.0014717592 -0.0037156162 5.6979553e-20)
(0.0015625367 -0.003585297 -4.6285082e-20)
(0.0016323971 -0.00341878 4.8737971e-20)
(0.0016798074 -0.0032221297 7.84453e-20)
(0.0017046927 -0.0030029423 -5.14033e-20)
(0.0017086912 -0.0027700595 8.2456013e-20)
(0.0016952509 -0.0025330576 1.0902211e-19)
(0.0016698997 -0.0023020645 -7.0719328e-20)
(0.0016403554 -0.0020873199 -9.0137771e-20)
(0.0016165397 -0.0018986666 3.1724563e-23)
(0.0016110861 -0.0017456511 1.307741e-20)
(0.0016385673 -0.0016361395 -1.5659333e-20)
(0.001715863 -0.0015764239 -2.6643903e-20)
(0.0018584762 -0.0015677373 5.6992683e-21)
(0.0020775452 -0.0016048307 -5.1463139e-20)
(0.0023744797 -0.001673893 1.3749855e-20)
(0.0027387447 -0.0017542583 1.0795315e-20)
(0.0031429753 -0.0018189972 -7.4323954e-20)
(0.0035473022 -0.001841592 9.6928083e-20)
(0.0039157338 -0.0018065425 2.9311629e-21)
(0.0042139988 -0.0017068807 2.1106613e-20)
(0.0043849866 -0.0015347571 -2.4977151e-20)
(0.0043280762 -0.001281246 7.9239445e-20)
(0.003887928 -0.000944997 -5.0022526e-21)
(0.0028811183 -0.00055190838 2.013419e-20)
(0.001071771 -0.0001596917 -2.7574679e-21)
(-0.0017422714 0.0001199027 3.943911e-21)
(-0.0057612786 0.00012279755 -2.4509321e-21)
(-0.011363428 -0.00038105093 4.556399e-21)
(-0.018415365 -0.0017129134 -1.397582e-22)
(-0.026287806 -0.0040453276 5.0965925e-20)
(-0.034494723 -0.0074516643 -1.9530119e-20)
(-0.04241871 -0.011873053 1.7535692e-20)
(-0.04963421 -0.017176766 -1.1223274e-19)
(-0.055678548 -0.023110125 -1.8056499e-20)
(-0.060308781 -0.029406444 1.5853267e-19)
(-0.063375542 -0.035779301 -1.3555815e-19)
(-0.064840798 -0.041950571 -2.6054538e-21)
(-0.064738399 -0.047655015 4.2081687e-20)
(-0.063204821 -0.052685382 -3.9217849e-20)
(-0.060352554 -0.05681304 -8.0273613e-21)
(-0.056389211 -0.059893891 -5.5997391e-21)
(-0.051551044 -0.061835936 -1.1650567e-20)
(-0.046017589 -0.062506513 1.6176614e-21)
(-0.040045396 -0.061890038 3.8942251e-22)
(-0.033854741 -0.059962638 4.0265959e-20)
(-0.027673181 -0.056752873 -6.6770351e-20)
(-0.02171467 -0.052318113 -7.4211925e-20)
(-0.016178536 -0.046747789 -3.0858175e-20)
(-0.011244824 -0.040160056 -7.1864549e-20)
(-0.0070706754 -0.032699487 1.6210541e-20)
(-0.0037844819 -0.024530744 2.3776817e-20)
(-0.0014906559 -0.01585597 -3.7176931e-20)
(-0.00024426516 -0.0068220317 -4.9895504e-21)
(-2.3929697e-05 -0.0020181226 -1.4113679e-21)
(-6.7870281e-05 -0.001739689 -8.3755944e-23)
(-9.6931133e-05 -0.001454739 -4.7875777e-21)
(-0.00011059579 -0.00116785 1.5977678e-20)
(-0.00010869846 -0.00088268282 -1.1221632e-20)
(-9.1831767e-05 -0.00060549249 -3.4111823e-20)
(-6.0737602e-05 -0.0003396274 6.42982e-21)
(-1.6811364e-05 -8.961543e-05 2.5343703e-20)
(3.8185247e-05 0.000140735 -2.3770613e-20)
(0.00010196387 0.0003484727 5.3050817e-20)
(0.00017272645 0.00053108497 9.6130204e-22)
(0.00024780968 0.00068710801 -3.2690915e-20)
(0.00032486576 0.00081602473 -5.3134012e-20)
(0.00040177943 0.00091830814 4.3034481e-20)
(0.00047682035 0.00099549561 -4.5205975e-20)
(0.00054888338 0.0010500811 -7.2622957e-20)
(0.00061765975 0.0010855377 4.7521006e-20)
(0.00068373411 0.00110608 -7.6154621e-20)
(0.00074894875 0.001116803 -1.0063126e-19)
(0.00081634138 0.0011231237 6.5259254e-20)
(0.00089084646 0.0011313201 8.3176823e-20)
(0.00097878143 0.0011473341 7.4500452e-20)
(0.0010887617 0.0011774649 6.1216445e-20)
(0.0012303652 0.0012264465 1.4462069e-20)
(0.0014136655 0.0012969641 2.4616124e-20)
(0.001647343 0.0013882323 -5.2673809e-21)
(0.0019335793 0.001492732 4.757705e-20)
(0.0022668022 0.0015975883 -1.2713497e-20)
(0.0026333934 0.0016867527 -9.9817352e-21)
(0.0030133717 0.0017441254 6.870926e-20)
(0.0033845771 0.0017572461 -8.9578418e-20)
(0.0037238411 0.0017180994 -2.6923258e-21)
(0.0039978507 0.0016194586 4.4358637e-20)
(0.004135261 0.0014476597 2.3076913e-20)
(0.0040255592 0.0011922938 -7.3237928e-20)
(0.0035093951 0.00085412815 4.6264356e-21)
(0.0023990415 0.00046196792 1.3592327e-20)
(0.00045784628 7.7871712e-05 2.5552638e-21)
(-0.0025093793 -0.00018087513 -3.6583094e-21)
(-0.0066730155 -0.00014615516 2.2754089e-21)
(-0.012406452 0.00041327875 -4.2313922e-21)
(-0.019542469 0.0018156354 3.4210581e-20)
(-0.02740248 0.0042147657 -4.721154e-20)
(-0.035504198 0.0076677732 1.8036682e-20)
(-0.043261305 0.012107379 -1.6124341e-20)
(-0.050213479 0.017375611 1.0256698e-19)
(-0.055955305 0.023222693 1.6377528e-20)
(-0.060271866 0.029386072 -1.4235866e-19)
(-0.06301216 0.035571793 1.2017993e-19)
(-0.064181325 0.041521486 2.2704156e-21)
(-0.063792556 0.046956257 -3.5786934e-20)
(-0.062036237 0.051708712 3.2173775e-20)
(-0.058969934 0.055508362 -4.9822327e-20)
(-0.054840951 0.058246333 3.7953687e-21)
(-0.049918305 0.059873906 -6.883919e-21)
(-0.044320626 0.060197245 4.1042034e-21)
(-0.038339783 0.059249015 -6.8365741e-22)
(-0.032185371 0.056999737 -5.3078048e-20)
(-0.02608373 0.053485412 7.9520485e-20)
(-0.020246616 0.048770853 8.3798819e-20)
(-0.014868688 0.042948916 3.3693889e-20)
(-0.010126234 0.036144384 7.6629129e-20)
(-0.0061706632 0.028503697 -1.6973438e-20)
(-0.003124902 0.020197955 4.8640024e-20)
(-0.001087047 0.011416172 3.7848925e-20)
(-0.00011288716 0.0023656943 5.0219985e-21)
)
;
    }
    frontAndBack
    {
        type            empty;
    }
}


// ************************************************************************* //
