/*--------------------------------*- C++ -*----------------------------------*\
  =========                 |
  \\      /  F ield         | OpenFOAM: The Open Source CFD Toolbox
   \\    /   O peration     | Website:  https://openfoam.org
    \\  /    A nd           | Version:  13
     \\/     M anipulation  |
\*---------------------------------------------------------------------------*/
FoamFile
{
    format      ascii;
    class       volVectorField;
    location    "22.601229";
    object      wallShearStress;
}
// * * * * * * * * * * * * * * * * * * * * * * * * * * * * * * * * * * * * * //

dimensions      [0 2 -2 0 0 0 0];

internalField   uniform (0 0 0);

boundaryField
{
    inlet
    {
        type            calculated;
        value           uniform (0 0 0);
    }
    outlet
    {
        type            calculated;
        value           uniform (0 0 0);
    }
    cylinder
    {
        type            calculated;
        value           nonuniform List<vector> 
132
(
(-4.3884643e-06 0.00094705684 -2.2534179e-22)
(-2.2441314e-06 0.0002501418 6.3951573e-23)
(3.8735127e-05 -0.00043831527 3.5207652e-21)
(0.0001149761 -0.0011031604 -1.1778051e-20)
(0.00022613354 -0.0017279427 8.2895911e-21)
(0.00036667072 -0.0022962105 2.5261858e-20)
(0.00053011555 -0.002792652 -4.7750373e-21)
(0.0007083063 -0.0032034718 -1.8878055e-20)
(0.00089170448 -0.0035173911 1.7761737e-20)
(0.001069714 -0.0037263919 -3.976417e-20)
(0.0012317756 -0.0038265341 -7.2269188e-22)
(0.0013675305 -0.0038182881 2.4645844e-20)
(0.0014679885 -0.0037074291 4.0156551e-20)
(0.0015261331 -0.003504357 -3.2590904e-20)
(0.0015383059 -0.00322516 3.4290521e-20)
(0.0015039965 -0.0028888457 5.5150866e-20)
(0.001427085 -0.0025180635 -3.611315e-20)
(0.0013153424 -0.0021364603 5.7889145e-20)
(0.0011801645 -0.0017671881 7.648918e-20)
(0.0010359303 -0.0014312853 -4.9584991e-20)
(0.00090036388 -0.001148101 -6.3162362e-20)
(0.00079320036 -0.00093307061 2.221597e-23)
(0.00074062109 -0.00080276738 9.15392e-21)
(0.00076892055 -0.00076682953 -1.0956648e-20)
(0.00091184476 -0.00083549588 -1.8636118e-20)
(0.0011848223 -0.00099632277 3.9864907e-21)
(0.001591463 -0.0012260346 -3.601027e-20)
(0.0020912912 -0.0014716402 9.6311373e-21)
(0.0026126914 -0.001672039 7.5725724e-21)
(0.0030924782 -0.0017894307 -5.2230428e-20)
(0.0034786489 -0.0018063392 6.8239728e-20)
(0.003776345 -0.0017428141 2.0672249e-21)
(0.0040016738 -0.0016213094 1.4912171e-20)
(0.0041292215 -0.0014454552 -1.7684129e-20)
(0.0040669025 -0.0012039494 5.6243149e-20)
(0.003672094 -0.00089233314 -3.5611255e-21)
(0.0027761781 -0.00053113726 1.4381959e-20)
(0.0011760274 -0.00017206306 -1.9770766e-21)
(-0.0013165275 8.5700909e-05 2.8394098e-21)
(-0.0049094491 0.00010317503 -1.7724014e-21)
(-0.009944543 -0.00033465111 3.3118439e-21)
(-0.016414943 -0.0015281901 -1.0221496e-22)
(-0.023801838 -0.0036645016 3.7492201e-20)
(-0.031694795 -0.0068490949 -1.4454778e-20)
(-0.039544652 -0.011071056 1.3048257e-20)
(-0.046864455 -0.016220702 -8.3829877e-20)
(-0.05320184 -0.022085961 -1.3513655e-20)
(-0.058254476 -0.028408713 1.1846597e-19)
(-0.06179737 -0.034892312 -1.0070975e-19)
(-0.06375693 -0.04125319 -1.9115948e-21)
(-0.06410924 -0.047195528 3.0174829e-20)
(-0.062972635 -0.052495186 -2.6997548e-20)
(-0.060431868 -0.056890693 -5.1073149e-21)
(-0.056698548 -0.060225117 -2.973176e-21)
(-0.052008162 -0.062386475 -2.7489936e-21)
(-0.046540556 -0.063218612 -5.4029906e-21)
(-0.040569649 -0.062701496 7.2182679e-22)
(-0.034327539 -0.060800652 5.3598053e-20)
(-0.028057951 -0.057541807 -7.9018025e-20)
(-0.021990771 -0.052982143 -8.2730812e-20)
(-0.016340787 -0.047213917 -3.3197816e-20)
(-0.011302829 -0.040362069 -7.5538751e-20)
(-0.0070466845 -0.032578783 1.6767915e-20)
(-0.0037114827 -0.02404146 2.4310721e-20)
(-0.0014109094 -0.014959066 -3.768955e-20)
(-0.0002071597 -0.0055105323 -5.0262821e-21)
(3.121431e-05 0.0016421578 -1.0397871e-21)
(0.00010365345 0.002333368 -6.2130155e-23)
(0.00021561664 0.0030116653 -3.5775571e-21)
(0.00036484816 0.0036605979 1.2032749e-20)
(0.00054818001 0.0042635315 -8.5199969e-21)
(0.00076051639 0.0048038004 -2.6116954e-20)
(0.00099485105 0.0052654981 4.9647598e-21)
(0.0012422214 0.0056343037 1.9734829e-20)
(0.0014924661 0.0058981269 -1.8663171e-20)
(0.0017342411 0.0060480739 4.1981494e-20)
(0.0019556333 0.0060790956 7.6629959e-22)
(0.0021450446 0.0059910411 -2.6237725e-20)
(0.0022918626 0.0057885326 -4.2900849e-20)
(0.0023878343 0.0054823848 3.4924902e-20)
(0.0024270663 0.0050871527 -3.6842371e-20)
(0.0024081461 0.0046236717 -5.9382439e-20)
(0.0023336448 0.0041155458 3.8951177e-20)
(0.0022108048 0.0035886844 -6.2520432e-20)
(0.0020519459 0.0030704221 -8.2687332e-20)
(0.0018723173 0.0025850862 5.3636625e-20)
(0.0016915317 0.0021558249 6.8349156e-20)
(0.0015313232 0.0018011482 6.1185001e-20)
(0.0014176585 0.0015376959 5.023596e-20)
(0.0013788167 0.001377326 1.1857457e-20)
(0.0014447652 0.0013268043 2.0165915e-20)
(0.0016382821 0.0013806042 -4.312641e-21)
(0.0019611588 0.001513209 3.8949601e-20)
(0.0023899482 0.0016833272 -1.041442e-20)
(0.0028705853 0.0018379375 -8.1882249e-21)
(0.0033321499 0.0019285117 5.6488851e-20)
(0.0037213809 0.0019325492 -7.3849375e-20)
(0.0040236959 0.0018571498 -2.2262744e-21)
(0.0042318926 0.0017150077 3.680074e-20)
(0.0042897524 0.0015024527 1.9214576e-20)
(0.0040908691 0.0012123267 -6.1224865e-20)
(0.0034819631 0.00084817665 3.8843272e-21)
(0.0022880341 0.00044159462 1.1463521e-20)
(0.00029334083 5.5942585e-05 2.164812e-21)
(-0.0026836696 -0.00019508797 -3.1128998e-21)
(-0.0067988394 -0.00015000454 1.9441315e-21)
(-0.012416967 0.00041286055 -3.6300898e-21)
(-0.019439128 0.0018057205 2.946987e-20)
(-0.027243218 0.0041903437 -4.0838335e-20)
(-0.035387603 0.0076430672 1.5665833e-20)
(-0.043296952 0.012118014 -1.4061855e-20)
(-0.050528927 0.017485623 8.9806226e-20)
(-0.056642338 0.023509865 1.438831e-20)
(-0.061375561 0.029926578 -1.2540002e-19)
(-0.064540938 0.036437416 1.0599784e-19)
(-0.066095902 0.042762826 2.0012994e-21)
(-0.066032904 0.048608108 -3.1425341e-20)
(-0.064508613 0.053772245 2.7983935e-20)
(-0.061588954 0.057976563 -4.241491e-20)
(-0.057513986 0.061088149 3.0439732e-21)
(-0.052543194 0.063025137 -3.7718505e-21)
(-0.046822898 0.063598884 5.6233829e-21)
(-0.040651368 0.062824436 -7.4243714e-22)
(-0.034253125 0.060665209 -5.4844785e-20)
(-0.027872102 0.057156585 8.0555662e-20)
(-0.02173563 0.05236263 8.4076848e-20)
(-0.016054581 0.046380957 3.3642816e-20)
(-0.011019689 0.039342812 7.6350554e-20)
(-0.0067952856 0.031404053 -1.690597e-20)
(-0.0035148746 0.022747284 4.849565e-20)
(-0.0012856371 0.013578505 3.7819798e-20)
(-0.00016561025 0.0041011365 5.0349881e-21)
)
;
    }
    frontAndBack
    {
        type            empty;
    }
}


// ************************************************************************* //
