/*--------------------------------*- C++ -*----------------------------------*\
  =========                 |
  \\      /  F ield         | OpenFOAM: The Open Source CFD Toolbox
   \\    /   O peration     | Website:  https://openfoam.org
    \\  /    A nd           | Version:  13
     \\/     M anipulation  |
\*---------------------------------------------------------------------------*/
FoamFile
{
    format      ascii;
    class       volVectorField;
    location    "42.801354";
    object      wallShearStress;
}
// * * * * * * * * * * * * * * * * * * * * * * * * * * * * * * * * * * * * * //

dimensions      [0 2 -2 0 0 0 0];

internalField   uniform (0 0 0);

boundaryField
{
    inlet
    {
        type            calculated;
        value           uniform (0 0 0);
    }
    outlet
    {
        type            calculated;
        value           uniform (0 0 0);
    }
    cylinder
    {
        type            calculated;
        value           nonuniform List<vector> 
132
(
(5.7609602e-06 -0.00016910903 -2.954689e-22)
(2.2970556e-05 -0.0004729635 8.4408816e-23)
(5.7799895e-05 -0.00078456929 4.6729114e-21)
(0.00011100262 -0.0010990561 -1.5717759e-20)
(0.000182769 -0.0014107448 1.1118705e-20)
(0.00027263681 -0.0017134778 3.4041597e-20)
(0.00037940288 -0.0020007115 -6.4621389e-21)
(0.00050102325 -0.0022658212 -2.5648283e-20)
(0.00063473893 -0.0025023111 2.421907e-20)
(0.0007770578 -0.0027041335 -5.4402913e-20)
(0.00092380292 -0.0028660236 -9.9183986e-22)
(0.0010703244 -0.002983865 3.392905e-20)
(0.0012117286 -0.0030549854 5.5445613e-20)
(0.0013432146 -0.0030785256 -4.5130054e-20)
(0.0014603903 -0.0030555383 4.7619961e-20)
(0.0015598184 -0.0029894176 7.680508e-20)
(0.0016392131 -0.0028854258 -5.0431781e-20)
(0.0016981814 -0.0027511763 8.1057204e-20)
(0.0017384598 -0.002596056 1.0737325e-19)
(0.0017641862 -0.0024307174 -6.9769907e-20)
(0.0017825941 -0.0022671971 -8.9067064e-20)
(0.0018037101 -0.0021175756 3.1380734e-23)
(0.0018406845 -0.0019936966 1.2955826e-20)
(0.0019087268 -0.0019053968 -1.5530304e-20)
(0.0020237062 -0.0018590128 -2.6449503e-20)
(0.0022006974 -0.0018564593 5.6625635e-21)
(0.002447777 -0.0018911305 -5.1174899e-20)
(0.002761937 -0.001947565 1.3684496e-20)
(0.0031277114 -0.0020040915 1.0753889e-20)
(0.0035154197 -0.0020352956 -7.4112916e-20)
(0.0038860822 -0.0020182446 9.6763822e-20)
(0.0041992704 -0.0019382198 2.9300659e-21)
(0.004405396 -0.0017855311 2.1131674e-20)
(0.0044202837 -0.001548681 -2.5051364e-20)
(0.0041258922 -0.0012236071 7.9617808e-20)
(0.0033606716 -0.00082020369 -5.034456e-21)
(0.0019418869 -0.0003782261 2.02881e-20)
(-0.0003541235 2.8677174e-05 -2.779766e-21)
(-0.003725491 0.0002782899 3.9726507e-21)
(-0.0082816015 0.00018802679 -2.464061e-21)
(-0.01440581 -0.00047616587 4.564882e-21)
(-0.021958833 -0.002037471 -1.3935448e-22)
(-0.030227253 -0.0046470513 5.0534888e-20)
(-0.038761855 -0.0083696978 -1.9259903e-20)
(-0.046981027 -0.013147281 1.720398e-20)
(-0.05441232 -0.018827722 -1.0956268e-19)
(-0.060636311 -0.025165552 -1.7553314e-20)
(-0.065405495 -0.031889726 1.5346286e-19)
(-0.068537203 -0.03869201 -1.3069906e-19)
(-0.070005727 -0.045291165 -2.5006892e-21)
(-0.069814456 -0.051390866 4.0167075e-20)
(-0.068117297 -0.056779715 -3.7152406e-20)
(-0.065003444 -0.061190692 -7.5110025e-21)
(-0.06071037 -0.064483338 -5.1215747e-21)
(-0.055487427 -0.066557343 -9.9797606e-21)
(-0.049506216 -0.067244775 2.7057422e-22)
(-0.043057161 -0.066544224 4.5439191e-22)
(-0.036372144 -0.064420724 4.2904669e-20)
(-0.029698939 -0.060906405 -6.9212205e-20)
(-0.023269365 -0.056062528 -7.5911678e-20)
(-0.017299739 -0.049985415 -3.1321088e-20)
(-0.011986078 -0.042804064 -7.2575304e-20)
(-0.0074990516 -0.034674815 1.6313389e-20)
(-0.0039782728 -0.025778376 2.3865796e-20)
(-0.0015378307 -0.016330975 -3.7244091e-20)
(-0.00023840446 -0.0065061543 -4.9911079e-21)
(5.0856987e-06 0.00012552537 -1.3542747e-21)
(2.010819e-05 0.00041153493 -8.0340558e-23)
(5.0432725e-05 0.00068677343 -4.590967e-21)
(9.5263759e-05 0.000946561 1.5316637e-20)
(0.00015321738 0.0011864003 -1.0753649e-20)
(0.00022248633 0.0014021752 -3.2676385e-20)
(0.00030084733 0.0015903249 6.1564175e-21)
(0.00038574069 0.0017479903 2.4252854e-20)
(0.00047438523 0.0018731754 -2.2732813e-20)
(0.00056389813 0.001964874 5.0695963e-20)
(0.00065145738 0.0020231648 9.1785059e-22)
(0.00073449058 0.0020492747 -3.1181945e-20)
(0.00081082422 0.0020455752 -5.0626017e-20)
(0.00087896839 0.002015538 4.0954299e-20)
(0.00093820282 0.0019636706 -4.2965934e-20)
(0.00098884292 0.0018954889 -6.8932467e-20)
(0.0010323845 0.0018172602 4.5044675e-20)
(0.00107172 0.0017359154 -7.2088251e-20)
(0.0011112159 0.0016586737 -9.5132574e-20)
(0.0011571108 0.0015932003 6.1616645e-20)
(0.0012173793 0.0015468844 7.8446435e-20)
(0.00130231 0.0015271521 7.0195259e-20)
(0.0014236995 0.0015400167 5.7635399e-20)
(0.0015943367 0.0015893951 1.3608976e-20)
(0.0018254621 0.0016748171 2.3159203e-20)
(0.002122695 0.0017888837 -4.9562704e-21)
(0.0024821856 0.00191641 4.478945e-20)
(0.0028911625 0.0020379127 -1.1979253e-20)
(0.0033232082 0.0021290903 -9.4173795e-21)
(0.0037411377 0.0021660703 6.4934088e-20)
(0.0041148284 0.0021372846 -8.4829464e-20)
(0.0044175712 0.0020392317 -2.5556939e-21)
(0.0046059985 0.001867079 4.2228142e-20)
(0.0045910819 0.0016087997 2.2042512e-20)
(0.0042449557 0.0012593047 -7.0223364e-20)
(0.0033966001 0.00082961112 4.4545662e-21)
(0.0018573952 0.00036327575 1.3143434e-20)
(-0.00059940924 -6.056547e-05 2.4809809e-21)
(-0.0041693387 -0.00031302642 -3.5640205e-21)
(-0.0089416832 -0.00020471554 2.2226646e-21)
(-0.015296111 0.00050437375 -4.1401302e-21)
(-0.023051466 0.0021376789 3.3489448e-20)
(-0.031451835 0.0048340035 -4.6206677e-20)
(-0.04004052 0.0086443618 1.764195e-20)
(-0.048224579 0.013493918 -1.5759992e-20)
(-0.055542756 0.019217431 1.0018641e-19)
(-0.061590485 0.02555959 1.5989558e-20)
(-0.066140157 0.032245891 -1.3893204e-19)
(-0.069024353 0.038964943 1.172431e-19)
(-0.070243289 0.045442711 2.2138949e-21)
(-0.069793409 0.051373148 -3.4862912e-20)
(-0.067879286 0.056579063 3.1294202e-20)
(-0.064539857 0.060751559 -4.8269401e-20)
(-0.060058069 0.063787966 3.6460449e-21)
(-0.054713713 0.065626356 -6.286242e-21)
(-0.048617673 0.066034444 4.3689593e-21)
(-0.042103914 0.065067097 -6.9236851e-22)
(-0.035390549 0.062677471 -5.3245821e-20)
(-0.028727584 0.058908561 7.9489077e-20)
(-0.022344846 0.053827627 8.3631385e-20)
(-0.016455325 0.047535453 3.3602907e-20)
(-0.011251852 0.040167297 7.6407441e-20)
(-0.0069002691 0.031882418 -1.692672e-20)
(-0.0035351942 0.022867088 4.8525619e-20)
(-0.0012650454 0.013329561 3.7784101e-20)
(-0.00014926992 0.0034836077 5.0176958e-21)
)
;
    }
    frontAndBack
    {
        type            empty;
    }
}


// ************************************************************************* //
