/*--------------------------------*- C++ -*----------------------------------*\
  =========                 |
  \\      /  F ield         | OpenFOAM: The Open Source CFD Toolbox
   \\    /   O peration     | Website:  https://openfoam.org
    \\  /    A nd           | Version:  13
     \\/     M anipulation  |
\*---------------------------------------------------------------------------*/
FoamFile
{
    format      ascii;
    class       volVectorField;
    location    "11.402216";
    object      wallShearStress;
}
// * * * * * * * * * * * * * * * * * * * * * * * * * * * * * * * * * * * * * //

dimensions      [0 2 -2 0 0 0 0];

internalField   uniform (0 0 0);

boundaryField
{
    inlet
    {
        type            calculated;
        value           uniform (0 0 0);
    }
    outlet
    {
        type            calculated;
        value           uniform (0 0 0);
    }
    cylinder
    {
        type            calculated;
        value           nonuniform List<vector> 
132
(
(8.1896545e-05 -0.0013436526 -1.0205084e-22)
(0.00034291891 -0.0068269754 2.9427937e-23)
(0.00090303624 -0.012202906 1.6959854e-21)
(0.0017460724 -0.017296437 -6.0468227e-21)
(0.0028361382 -0.021930898 4.6054306e-21)
(0.0041175526 -0.02593661 1.5322402e-20)
(0.0055154788 -0.029160133 -3.171453e-21)
(0.0069398393 -0.031473984 -1.3699109e-20)
(0.0082919924 -0.032786684 1.3997006e-20)
(0.0094681022 -0.033051344 -3.3723277e-20)
(0.010368918 -0.032274092 -6.5215401e-22)
(0.010909152 -0.030518236 2.3412174e-20)
(0.011027994 -0.027906801 3.964483e-20)
(0.010699162 -0.024619996 -3.3038863e-20)
(0.0099374557 -0.020883331 3.5293954e-20)
(0.008801831 -0.01695102 5.7057991e-20)
(0.007391091 -0.01307938 -3.7240932e-20)
(0.0058292432 -0.0095002029 5.9127493e-20)
(0.0042503577 -0.0063912442 7.7057534e-20)
(0.0027769238 -0.0038593011 -4.9165713e-20)
(0.0014983847 -0.0019304008 -6.1622526e-20)
(0.00046565855 -0.00056620853 2.1294964e-23)
(-0.00032017643 0.00033432845 8.6753488e-21)
(-0.00086940489 0.00086123837 -1.0255463e-20)
(-0.0011799287 0.0010828488 -1.7247941e-20)
(-0.0011630243 0.00098530194 3.6478589e-21)
(-0.00080305976 0.00063027546 -3.2598108e-20)
(0.00018900472 -0.0001191424 8.6259708e-21)
(0.0015740959 -0.00099554353 6.7492555e-21)
(0.0029005849 -0.0016704714 -4.6502648e-20)
(0.0038834127 -0.0020129744 6.0939475e-20)
(0.0043903874 -0.0020256897 1.852027e-21)
(0.0046111301 -0.0018687275 1.3393454e-20)
(0.0047044343 -0.0016467914 -1.5900597e-20)
(0.0047066767 -0.0013923442 5.062682e-20)
(0.0044523426 -0.0010797973 -3.210798e-21)
(0.003743724 -0.00071193168 1.3002716e-20)
(0.002350546 -0.00032906119 -1.7946355e-21)
(6.0469291e-05 -2.3252761e-05 2.5918245e-21)
(-0.0033780055 6.3361937e-05 -1.6294826e-21)
(-0.0083166717 -0.00028246502 3.0727999e-21)
(-0.014801923 -0.0013819162 -9.5906932e-23)
(-0.022354834 -0.0034453135 3.558596e-20)
(-0.030531858 -0.0066011003 -1.3877132e-20)
(-0.038751101 -0.01085189 1.2662661e-20)
(-0.04649803 -0.016096177 -8.2157346e-20)
(-0.053262037 -0.022113347 -1.3358967e-20)
(-0.058706322 -0.028631548 1.1801342e-19)
(-0.062586137 -0.035339799 -1.0099701e-19)
(-0.064807476 -0.041934744 -1.9287205e-21)
(-0.06534961 -0.048110174 3.0620057e-20)
(-0.064324286 -0.053623204 -2.7558312e-20)
(-0.061832529 -0.058210394 -5.2548798e-21)
(-0.058091672 -0.061705808 -3.1030295e-21)
(-0.053341474 -0.063986662 -3.131382e-21)
(-0.047779582 -0.064902413 -5.1966946e-21)
(-0.041686031 -0.064427641 7.1938003e-22)
(-0.035303371 -0.062529837 5.3942413e-20)
(-0.028883726 -0.059236255 -7.991929e-20)
(-0.022664533 -0.054606614 -8.3938943e-20)
(-0.01686728 -0.048736765 -3.3759884e-20)
(-0.011692326 -0.041755422 -7.6956872e-20)
(-0.0073142063 -0.033819779 1.7108726e-20)
(-0.0038755225 -0.025111456 2.4838832e-20)
(-0.001492802 -0.015847682 -3.8557642e-20)
(-0.00022857139 -0.0062033393 -5.1486453e-21)
(0.000119399 0.0041318106 -4.7390859e-22)
(0.00045295256 0.0095369649 -2.9219977e-23)
(0.0010772255 0.014754345 -1.7710897e-21)
(0.0019694652 0.019611636 6.383114e-21)
(0.0030877263 0.023939252 -4.8963893e-21)
(0.0043712833 0.027577959 -1.6341749e-20)
(0.0057412508 0.030388767 3.3821019e-21)
(0.0071074403 0.032261104 1.4571233e-20)
(0.0083717686 0.033123698 -1.4824824e-20)
(0.0094344038 0.0329514 3.5530427e-20)
(0.010202961 0.031772295 6.8323064e-22)
(0.010601953 0.029671272 -2.4381856e-20)
(0.010582767 0.02679062 -4.105487e-20)
(0.010132505 0.02332488 3.4037626e-20)
(0.0092789858 0.01950687 -3.6198304e-20)
(0.0080921021 0.015589379 -5.8305965e-20)
(0.0066752079 0.011816845 3.7953272e-20)
(0.0051527114 0.0084011796 -6.0154093e-20)
(0.0036514022 0.0054936742 -7.8331073e-20)
(0.0022799135 0.0031718155 4.9974954e-20)
(0.0011150707 0.0014404538 6.2664393e-20)
(0.00018781416 0.00023777674 5.5278623e-20)
(-0.00049960959 -0.00053050004 4.4799015e-20)
(-0.00096568229 -0.0009588285 1.0453085e-20)
(-0.001192109 -0.0010954871 1.7588557e-20)
(-0.0010706166 -0.0009096448 -3.7207932e-21)
(-0.0004692472 -0.00037429585 3.3274883e-20)
(0.00063266449 0.00043214457 -8.8297011e-21)
(0.0019936697 0.0012656103 -6.9203528e-21)
(0.0032139284 0.0018537405 4.7776802e-20)
(0.0040208531 0.0020858791 -6.26356e-20)
(0.0044147402 0.0020377162 -1.8928423e-21)
(0.004580958 0.0018567727 3.132325e-20)
(0.0046545803 0.0016296286 1.635674e-20)
(0.0045958607 0.0013602286 -5.2132118e-20)
(0.0042238452 0.001025612 3.3106112e-21)
(0.0033340287 0.00063624663 9.7901122e-21)
(0.0016976596 0.00024282513 1.8550645e-21)
(-0.00089096098 -5.0039052e-05 -2.6812034e-21)
(-0.004664459 -9.5182994e-05 1.6859663e-21)
(-0.0099737075 0.00033736645 -3.1767067e-21)
(-0.016802348 0.0015653775 2.6077234e-20)
(-0.024595624 0.0037875292 -3.6562203e-20)
(-0.032896277 0.0071092329 1.4189139e-20)
(-0.041109175 0.011509214 -1.2872517e-20)
(-0.048719839 0.016862788 8.2969121e-20)
(-0.055252673 0.02293691 1.3394744e-20)
(-0.060402295 0.029455411 -1.1738376e-19)
(-0.063944846 0.036103848 9.955432e-20)
(-0.065824871 0.04259 1.8807356e-21)
(-0.066019954 0.048600696 -2.9437082e-20)
(-0.064690945 0.053925979 2.596943e-20)
(-0.061901752 0.058272409 -3.8460176e-20)
(-0.057903592 0.061503076 2.5792923e-21)
(-0.052964879 0.063531759 -1.4026885e-21)
(-0.047236744 0.064161539 7.1398435e-21)
(-0.041029959 0.063409791 -8.2526084e-22)
(-0.034576518 0.061237933 -5.8773122e-20)
(-0.02812891 0.05768284 8.4913546e-20)
(-0.021921854 0.052810439 8.7813288e-20)
(-0.016172796 0.046721025 3.493523e-20)
(-0.011078234 0.039549352 7.8971749e-20)
(-0.0068073242 0.031455256 -1.7436395e-20)
(-0.003497396 0.022625869 4.9907327e-20)
(-0.0012586707 0.013270604 3.8851668e-20)
(-0.00015195437 0.0036052731 5.1646153e-21)
)
;
    }
    frontAndBack
    {
        type            empty;
    }
}


// ************************************************************************* //
