/*--------------------------------*- C++ -*----------------------------------*\
  =========                 |
  \\      /  F ield         | OpenFOAM: The Open Source CFD Toolbox
   \\    /   O peration     | Website:  https://openfoam.org
    \\  /    A nd           | Version:  13
     \\/     M anipulation  |
\*---------------------------------------------------------------------------*/
FoamFile
{
    format      ascii;
    class       volVectorField;
    location    "25.199595";
    object      wallShearStress;
}
// * * * * * * * * * * * * * * * * * * * * * * * * * * * * * * * * * * * * * //

dimensions      [0 2 -2 0 0 0 0];

internalField   uniform (0 0 0);

boundaryField
{
    inlet
    {
        type            calculated;
        value           uniform (0 0 0);
    }
    outlet
    {
        type            calculated;
        value           uniform (0 0 0);
    }
    cylinder
    {
        type            calculated;
        value           nonuniform List<vector> 
132
(
(9.8588636e-06 -0.00039858153 -2.438678e-22)
(3.6646466e-05 -0.00078488457 6.951659e-23)
(8.518459e-05 -0.0011702621 3.8411468e-21)
(0.00015543734 -0.0015476662 -1.289653e-20)
(0.00024657899 -0.0019095742 9.1077148e-21)
(0.00035692535 -0.0022482504 2.7842053e-20)
(0.00048389654 -0.0025560013 -5.277926e-21)
(0.00062399264 -0.0028254222 -2.0921662e-20)
(0.00077282821 -0.0030498203 1.9733156e-20)
(0.00092544428 -0.0032233721 -4.4279803e-20)
(0.001076278 -0.0033417193 -8.0651031e-22)
(0.0012194257 -0.0034020216 2.7563876e-20)
(0.0013491309 -0.0034037535 4.5005048e-20)
(0.001459939 -0.003348281 -3.6601596e-20)
(0.0015474749 -0.0032398646 3.8589524e-20)
(0.0016085905 -0.0030849208 6.2190699e-20)
(0.0016413966 -0.0028912128 -4.0803366e-20)
(0.0016467277 -0.002669671 6.5531006e-20)
(0.0016277992 -0.0024325576 8.6739372e-20)
(0.001590107 -0.0021925176 -5.6320238e-20)
(0.0015415646 -0.001962174 -7.1845272e-20)
(0.0014927697 -0.0017539128 2.5288572e-23)
(0.0014569744 -0.0015792744 1.0436251e-20)
(0.0014501296 -0.0014485052 -1.2501385e-20)
(0.0014904312 -0.0013696807 -2.1275455e-20)
(0.0015962821 -0.0013467157 4.5512682e-21)
(0.0017821562 -0.0013765994 -4.1095735e-20)
(0.0020501817 -0.001445077 1.0978913e-20)
(0.0023895414 -0.0015303077 8.6189211e-21)
(0.0027725552 -0.0016043289 -5.9336922e-20)
(0.0031607855 -0.0016406619 7.7386171e-20)
(0.0035197647 -0.0016235872 2.340477e-21)
(0.003825002 -0.0015489477 1.6855912e-20)
(0.0040391803 -0.0014131464 -1.9951375e-20)
(0.0040825469 -0.0012076444 6.3317362e-20)
(0.0038220795 -0.00092747127 -3.9994981e-21)
(0.0030935626 -0.00058959852 1.6113694e-20)
(0.0016858049 -0.00023944634 -2.2102363e-21)
(-0.00060504496 2.8720946e-05 3.1687856e-21)
(-0.0040084156 8.0453358e-05 -1.9755601e-21)
(-0.0088701261 -0.00030109538 3.6894569e-21)
(-0.015166015 -0.0014137072 -1.1385716e-22)
(-0.022375756 -0.00344639 4.1786931e-20)
(-0.030063449 -0.0064976209 -1.612049e-20)
(-0.03766746 -0.010546095 1.4562603e-20)
(-0.044693966 -0.015469736 -9.3645808e-20)
(-0.050708525 -0.021050713 -1.5118818e-20)
(-0.055438432 -0.027034886 1.328675e-19)
(-0.058688338 -0.033136093 -1.1342708e-19)
(-0.060415486 -0.039090204 -2.1678904e-21)
(-0.060614341 -0.04462166 3.4619406e-20)
(-0.059421814 -0.049534179 -3.1605862e-20)
(-0.056924417 -0.053587774 -6.217421e-21)
(-0.053319947 -0.056635427 -3.980506e-21)
(-0.048844863 -0.05859114 -6.1966667e-21)
(-0.043667249 -0.059315 -2.6542226e-21)
(-0.038039272 -0.058790268 5.900176e-22)
(-0.03217623 -0.05699004 4.8232922e-20)
(-0.026301707 -0.053940132 -7.4001283e-20)
(-0.020626258 -0.049695113 -7.916603e-20)
(-0.015346205 -0.044341345 -3.2192983e-20)
(-0.010639114 -0.037994112 -7.3909512e-20)
(-0.0066597457 -0.030794035 1.6510765e-20)
(-0.003534825 -0.022903352 2.4051604e-20)
(-0.0013670688 -0.014516287 -3.7423455e-20)
(-0.00021216516 -0.0057884514 -5.0052572e-21)
(4.2095391e-06 -1.4422213e-05 -1.1202856e-21)
(1.9419343e-05 0.0003677571 -6.6621967e-23)
(5.5627047e-05 0.00074475988 -3.8170674e-21)
(0.00011241427 0.0011096741 1.2770853e-20)
(0.00018859187 0.0014552901 -8.9933678e-21)
(0.00028216662 0.0017744417 -2.7414595e-20)
(0.00039033929 0.0020602476 5.1822532e-21)
(0.00050954237 0.0023063705 2.0485265e-20)
(0.00063553124 0.0025073634 -1.9268673e-20)
(0.00076346322 0.002658926 4.3122502e-20)
(0.00088836751 0.0027582729 7.8343778e-22)
(0.0010050908 0.0028042077 -2.6708486e-20)
(0.0011088396 0.0027977544 -4.3506822e-20)
(0.0011952988 0.0027416166 3.5305898e-20)
(0.0012613843 0.0026411652 -3.7148621e-20)
(0.0013049798 0.0025028991 -5.9758956e-20)
(0.0013259558 0.0023357497 3.9143724e-20)
(0.0013260924 0.0021499355 -6.2775576e-20)
(0.0013091627 0.0019563606 -8.2990386e-20)
(0.0012814601 0.001766774 5.383081e-20)
(0.001251109 0.0015921472 6.8612429e-20)
(0.001228844 0.001443322 6.1446796e-20)
(0.0012277487 0.0013301346 5.0478087e-20)
(0.0012634623 0.0012612194 1.1921308e-20)
(0.0013533271 0.0012427665 2.0284496e-20)
(0.0015139521 0.0012763739 -4.3391414e-21)
(0.0017540324 0.0013541464 3.9184927e-20)
(0.00207251 0.0014603319 -1.0470905e-20)
(0.0024477423 0.0015674048 -8.2233403e-21)
(0.0028443293 0.0016459158 5.6637805e-20)
(0.0032286495 0.0016760475 -7.3900277e-20)
(0.0035748846 0.0016491897 -2.2231607e-21)
(0.0038628306 0.0015644882 3.6665851e-20)
(0.0040443413 0.0014152974 1.9096261e-20)
(0.0040313191 0.0011930284 -6.0686659e-20)
(0.0036833447 0.00089469618 3.8402057e-21)
(0.0028257496 0.00054022255 1.1307839e-20)
(0.0012410981 0.0001807789 2.1320554e-21)
(-0.0012684744 -8.1452037e-05 -3.0643084e-21)
(-0.0049122615 -0.0001028518 1.9150481e-21)
(-0.010041871 0.00033807531 -3.5832222e-21)
(-0.016573342 0.0015427216 2.9185143e-20)
(-0.023941201 0.0036853984 -4.0598412e-20)
(-0.031696447 0.0068484025 1.563238e-20)
(-0.039246061 0.010986123 -1.4076404e-20)
(-0.046136336 0.015967204 9.0126123e-20)
(-0.051946227 0.02156204 1.4465578e-20)
(-0.05642345 0.027512805 -1.2620828e-19)
(-0.059400615 0.033535857 1.0673329e-19)
(-0.060850554 0.039369341 2.0149751e-21)
(-0.060779076 0.044740572 -3.1621965e-20)
(-0.059345097 0.049467854 2.8124452e-20)
(-0.056620063 0.05329867 -4.2529197e-20)
(-0.052825209 0.056107387 3.0342623e-21)
(-0.048211438 0.057828535 -3.6128986e-21)
(-0.042919037 0.058295497 5.7914453e-21)
(-0.037218699 0.057518448 -7.543352e-22)
(-0.031320824 0.055470665 -5.5500039e-20)
(-0.025447972 0.052184005 8.1329696e-20)
(-0.019809013 0.047719362 8.4738204e-20)
(-0.014596793 0.042166864 3.3856591e-20)
(-0.0099856624 0.035647284 7.6725843e-20)
(-0.0061257572 0.028303665 -1.6964378e-20)
(-0.0031391481 0.020303286 4.8587625e-20)
(-0.0011232079 0.011832942 3.7825861e-20)
(-0.00013249072 0.0030868477 5.0258577e-21)
)
;
    }
    frontAndBack
    {
        type            empty;
    }
}


// ************************************************************************* //
