/*--------------------------------*- C++ -*----------------------------------*\
  =========                 |
  \\      /  F ield         | OpenFOAM: The Open Source CFD Toolbox
   \\    /   O peration     | Website:  https://openfoam.org
    \\  /    A nd           | Version:  13
     \\/     M anipulation  |
\*---------------------------------------------------------------------------*/
FoamFile
{
    format      ascii;
    class       volVectorField;
    location    "3.996474";
    object      wallShearStress;
}
// * * * * * * * * * * * * * * * * * * * * * * * * * * * * * * * * * * * * * //

dimensions      [0 2 -2 0 0 0 0];

internalField   uniform (0 0 0);

boundaryField
{
    inlet
    {
        type            calculated;
        value           uniform (0 0 0);
    }
    outlet
    {
        type            calculated;
        value           uniform (0 0 0);
    }
    cylinder
    {
        type            calculated;
        value           nonuniform List<vector> 
132
(
(0.00012799351 -0.0018667844 -1.4433246e-22)
(0.00053943317 -0.010687653 4.2151437e-23)
(0.0014259251 -0.019259793 2.4967819e-21)
(0.0027479538 -0.027230392 -9.2224317e-21)
(0.0044265781 -0.03425132 7.2927886e-21)
(0.0063434605 -0.039992822 2.5120731e-20)
(0.0083444711 -0.044175117 -5.3516419e-21)
(0.010257825 -0.046589263 -2.3614833e-20)
(0.011898263 -0.04712038 2.446061e-20)
(0.013089619 -0.045772587 -5.9313669e-20)
(0.013686697 -0.042682251 -1.1472065e-21)
(0.013599078 -0.038123723 4.0958267e-20)
(0.012810432 -0.032493852 6.8704501e-20)
(0.011394221 -0.026288857 -5.6570313e-20)
(0.0095073407 -0.020036921 5.9648053e-20)
(0.0073671804 -0.014232307 9.5255311e-20)
(0.0052083944 -0.0092513542 -6.1564594e-20)
(0.0032429689 -0.0053117693 9.7122666e-20)
(0.0016106387 -0.0024444901 1.2625995e-19)
(0.00037796704 -0.00054916337 -8.0634742e-20)
(-0.00049439122 0.00061189283 -1.0143227e-19)
(-0.0010760042 0.0012533092 3.5371816e-23)
(-0.0014891705 0.0016081411 1.4422882e-20)
(-0.0016601689 0.0016583007 -1.7119045e-20)
(-0.0015029627 0.0013908277 -2.8868742e-20)
(-0.00049980512 0.00044131663 6.1152056e-21)
(0.0011732592 -0.00088576329 -5.4945553e-20)
(0.0029283261 -0.0020503633 1.4660905e-20)
(0.0042590697 -0.002723967 1.1548068e-20)
(0.0048415864 -0.0028044219 -7.9796572e-20)
(0.0050603419 -0.0026306783 1.0431636e-19)
(0.0052220235 -0.0024116447 3.158809e-21)
(0.0054203889 -0.0021968455 2.277696e-20)
(0.0055080553 -0.0019290355 -2.7019099e-20)
(0.0052491454 -0.0015556235 8.6020626e-20)
(0.0044293877 -0.0010792809 -5.456547e-21)
(0.0028242784 -0.00054600844 2.2093898e-20)
(0.00016872647 -4.4166101e-05 -3.0470225e-21)
(-0.0037372519 0.00027393166 4.3898265e-21)
(-0.0090067128 0.00020135728 -2.7475768e-21)
(-0.016038674 -0.00053069212 5.1395348e-21)
(-0.024494535 -0.0022720038 -1.5828527e-22)
(-0.033511517 -0.0051503085 5.781064e-20)
(-0.042577492 -0.009190976 -2.2138962e-20)
(-0.051007299 -0.014270746 1.9829552e-20)
(-0.058378888 -0.020196845 -1.264434e-19)
(-0.064315087 -0.026687463 -2.0257791e-20)
(-0.068627454 -0.033455607 1.7704439e-19)
(-0.071214804 -0.040198569 -1.5071899e-19)
(-0.072103692 -0.046643561 -2.8844401e-21)
(-0.071347708 -0.052514836 4.640474e-20)
(-0.069141707 -0.057629281 -4.310737e-20)
(-0.065580531 -0.06172982 -8.7949512e-21)
(-0.060923715 -0.064706308 -6.1307075e-21)
(-0.055432703 -0.066488388 -1.2779036e-20)
(-0.04925503 -0.066900556 1.8844252e-21)
(-0.042685976 -0.065967861 4.1228887e-22)
(-0.035944581 -0.063661013 4.2936916e-20)
(-0.029266465 -0.060017304 -7.1218946e-20)
(-0.022871218 -0.055101283 -7.9071303e-20)
(-0.016962129 -0.049008041 -3.2827012e-20)
(-0.011723348 -0.041863873 -7.6310413e-20)
(-0.0073145194 -0.033819203 1.7179048e-20)
(-0.0038662993 -0.025047491 2.5142009e-20)
(-0.0014843722 -0.015753728 -3.9217265e-20)
(-0.00022564911 -0.0061043029 -5.2491008e-21)
(0.00019617627 0.0069488894 -6.7227119e-22)
(0.00073816367 0.015595432 -4.2208508e-23)
(0.0017359848 0.023815048 -2.6341033e-21)
(0.0031357655 0.031263927 9.8275727e-21)
(0.004845413 0.037610167 -7.8023428e-21)
(0.0067352617 0.042552462 -2.6841237e-20)
(0.0086482419 0.045849607 5.6894356e-21)
(0.010411283 0.04733796 2.492279e-20)
(0.011846717 0.046957961 -2.5596925e-20)
(0.01279368 0.044772118 6.1517988e-20)
(0.013130027 0.040974909 1.179601e-21)
(0.012794601 0.035892274 -4.1763345e-20)
(0.011803499 0.02995938 -6.9545139e-20)
(0.010259421 0.023686345 5.6913536e-20)
(0.0083390485 0.0175853 -5.9730493e-20)
(0.0062596667 0.012101259 -9.5089824e-20)
(0.004242442 0.0075425463 6.1355818e-20)
(0.0024663402 0.0040467233 -9.674906e-20)
(0.0010419408 0.0015894402 -1.2581792e-19)
(-1.0104499e-05 9.9658954e-06 8.0424407e-20)
(-0.00073572393 -0.00092162983 1.0125527e-19)
(-0.0012351621 -0.0014418504 8.9759339e-20)
(-0.0015653804 -0.0016926481 7.3087857e-20)
(-0.001606565 -0.001607994 1.7106692e-20)
(-0.0011920347 -0.0011086345 2.8852701e-20)
(2.6558893e-05 1.350794e-06 -6.120275e-21)
(0.0017658667 0.0013450248 5.5073697e-20)
(0.0034098177 0.0023929078 -1.4724285e-20)
(0.0044742916 0.0028645742 -1.1606943e-20)
(0.0048968315 0.002837638 8.0220807e-20)
(0.0050568613 0.0026290073 -1.0485591e-19)
(0.0052393762 0.0024195654 -3.158379e-21)
(0.0054309841 0.0022014586 5.2164109e-20)
(0.0054396813 0.0019059265 2.7235305e-20)
(0.0050427323 0.0014958379 -8.6840623e-20)
(0.0040236161 0.00098279147 5.5180301e-21)
(0.0021604983 0.00042299939 1.6323149e-20)
(-0.00081275382 -8.5407237e-05 3.091866e-21)
(-0.0050887675 -0.00038330782 -4.459103e-21)
(-0.010711314 -0.00024701647 2.7922679e-21)
(-0.018072719 0.00059400487 -5.2201388e-21)
(-0.026777576 0.0024805505 4.2317965e-20)
(-0.035895576 0.0055135458 -5.8428853e-20)
(-0.04492222 0.0096941161 2.2289583e-20)
(-0.053210177 0.014884672 -1.9874769e-20)
(-0.060348909 0.02087612 1.2609478e-19)
(-0.065991935 0.027380259 2.0091373e-20)
(-0.069985557 0.034114806 -1.7453035e-19)
(-0.072241244 0.040775239 1.4756196e-19)
(-0.07281455 0.047100795 2.8012824e-21)
(-0.071751447 0.052809464 -4.4602672e-20)
(-0.069287907 0.057748694 4.0873204e-20)
(-0.065477648 0.061630229 -6.5719953e-20)
(-0.060608961 0.064369464 5.4639848e-21)
(-0.054970548 0.065931298 -1.4053543e-20)
(-0.048663333 0.066093776 4.5970904e-22)
(-0.04201052 0.064920536 -5.3727476e-22)
(-0.035222108 0.062377393 -4.8552047e-20)
(-0.028533079 0.058508425 7.6952441e-20)
(-0.022160951 0.053383884 8.3475058e-20)
(-0.016305399 0.047102239 3.4152355e-20)
(-0.011147341 0.039794953 7.8568292e-20)
(-0.0068418347 0.031614522 -1.7544474e-20)
(-0.0035150506 0.022739148 5.0580387e-20)
(-0.0012674898 0.013367055 3.9543291e-20)
(-0.00015473631 0.0037003309 5.2665015e-21)
)
;
    }
    frontAndBack
    {
        type            empty;
    }
}


// ************************************************************************* //
