/*--------------------------------*- C++ -*----------------------------------*\
  =========                 |
  \\      /  F ield         | OpenFOAM: The Open Source CFD Toolbox
   \\    /   O peration     | Website:  https://openfoam.org
    \\  /    A nd           | Version:  13
     \\/     M anipulation  |
\*---------------------------------------------------------------------------*/
FoamFile
{
    format      ascii;
    class       volVectorField;
    location    "26.60259";
    object      wallShearStress;
}
// * * * * * * * * * * * * * * * * * * * * * * * * * * * * * * * * * * * * * //

dimensions      [0 2 -2 0 0 0 0];

internalField   uniform (0 0 0);

boundaryField
{
    inlet
    {
        type            calculated;
        value           uniform (0 0 0);
    }
    outlet
    {
        type            calculated;
        value           uniform (0 0 0);
    }
    cylinder
    {
        type            calculated;
        value           nonuniform List<vector> 
132
(
(1.6517945e-05 -0.00088750241 -2.4608892e-22)
(5.4500765e-05 -0.0012320548 7.007572e-23)
(0.00011224253 -0.0015701046 3.8676542e-21)
(0.00018879226 -0.0018952734 -1.2969861e-20)
(0.00028297047 -0.0022011674 9.1478034e-21)
(0.00039286011 -0.0024812984 2.7926922e-20)
(0.00051580586 -0.0027294062 -5.2865217e-21)
(0.00064841418 -0.0029396603 -2.0924826e-20)
(0.00078661943 -0.0031069895 1.9705974e-20)
(0.0009259628 -0.0032272602 -4.4149549e-20)
(0.0010615782 -0.0032976603 -8.0287901e-22)
(0.0011884687 -0.0033168479 2.7395289e-20)
(0.0013018761 -0.0032854143 4.4659132e-20)
(0.0013974454 -0.0032055819 -3.6264132e-20)
(0.0014719132 -0.0030820898 3.8176844e-20)
(0.0015227326 -0.0029205196 6.1438791e-20)
(0.0015493071 -0.0027291053 -4.0256707e-20)
(0.0015529467 -0.0025176164 6.4574886e-20)
(0.0015367177 -0.0022963339 8.5380477e-20)
(0.0015060642 -0.0020764464 -5.5384523e-20)
(0.0014682561 -0.0018686158 -7.0592455e-20)
(0.0014332592 -0.001683705 2.4840496e-23)
(0.0014130737 -0.001531387 1.0240961e-20)
(0.0014225509 -0.0014206685 -1.2261637e-20)
(0.0014784264 -0.0013584017 -2.0859791e-20)
(0.0015981404 -0.0013480958 4.4611306e-21)
(0.0017959456 -0.0013871233 -4.0274035e-20)
(0.0020744311 -0.0014620761 1.0758003e-20)
(0.002425874 -0.0015534928 8.4447745e-21)
(0.0028226262 -0.0016332418 -5.8136808e-20)
(0.0032230979 -0.0016729638 7.5822174e-20)
(0.0035941889 -0.0016578815 2.2932549e-21)
(0.0039096121 -0.0015831912 1.6517615e-20)
(0.0041304473 -0.0014450522 -1.955434e-20)
(0.0041802053 -0.0012364671 6.2073719e-20)
(0.0039262247 -0.00095260946 -3.9225837e-21)
(0.0032023546 -0.00061005664 1.5813346e-20)
(0.0017960817 -0.00025432127 -2.1708362e-21)
(-0.00049861649 2.0472169e-05 3.1156045e-21)
(-0.0039141751 7.7872955e-05 -1.9449127e-21)
(-0.0087966842 -0.00029875016 3.6377654e-21)
(-0.015121689 -0.0014098334 -1.1245469e-22)
(-0.022367228 -0.00344528 4.133942e-20)
(-0.030093208 -0.0065042129 -1.597183e-20)
(-0.037734279 -0.010564923 1.4447244e-20)
(-0.044793945 -0.015504378 -9.3006107e-20)
(-0.050835865 -0.021103654 -1.5028924e-20)
(-0.055586626 -0.027107211 1.3216889e-19)
(-0.058850995 -0.033227972 -1.1288809e-19)
(-0.060586443 -0.039200849 -2.1583043e-21)
(-0.060788685 -0.044750031 3.4471137e-20)
(-0.059594617 -0.049678256 -3.1466913e-20)
(-0.057092695 -0.053746226 -6.1868512e-21)
(-0.053480807 -0.056806334 -3.9546428e-21)
(-0.048995437 -0.05877182 -6.1131868e-21)
(-0.04380636 -0.059504045 -2.7183166e-21)
(-0.038165425 -0.058985354 5.9303435e-22)
(-0.032288593 -0.057189212 4.8355828e-20)
(-0.026399741 -0.054141399 -7.4118478e-20)
(-0.020709724 -0.049896515 -7.9252271e-20)
(-0.015415163 -0.04454104 -3.2218393e-20)
(-0.010693833 -0.038190212 -7.3952646e-20)
(-0.0067007799 -0.030984927 1.6517753e-20)
(-0.0035628739 -0.023087206 2.4058497e-20)
(-0.0013831397 -0.014692374 -3.7429097e-20)
(-0.00021708555 -0.0059526112 -5.0052856e-21)
(-3.0243086e-06 -0.00053913032 -1.1316277e-21)
(-3.3009364e-06 -0.00018631807 -6.7364789e-23)
(1.6013431e-05 0.00016798425 -3.8633385e-21)
(5.4494756e-05 0.00051813786 1.2938337e-20)
(0.00011265891 0.00085768786 -9.119998e-21)
(0.0001888652 0.0011799864 -2.782712e-20)
(0.00028117958 0.0014785544 5.2653014e-21)
(0.00038692643 0.0017471494 2.0833928e-20)
(0.00050273616 0.0019800474 -1.9616285e-20)
(0.00062456481 0.0021723938 4.3945703e-20)
(0.00074807754 0.0023203579 7.9922885e-22)
(0.00086864406 0.0024215252 -2.7277256e-20)
(0.00098161771 0.0024750157 -4.4483469e-20)
(0.0010827294 0.0024818813 3.6140047e-20)
(0.0011682949 0.0024448742 -3.8070739e-20)
(0.0012357925 0.0023689625 -6.1313706e-20)
(0.0012838379 0.0022604497 4.0208522e-20)
(0.0013128269 0.0021274474 -6.4555324e-20)
(0.0013250251 0.0019792181 -8.5434779e-20)
(0.0013247397 0.0018257413 5.5471861e-20)
(0.0013188942 0.001677865 7.0769145e-20)
(0.001316474 0.0015458832 6.343046e-20)
(0.0013292754 0.0014399707 5.2145328e-20)
(0.00137139 0.001369019 1.2322615e-20)
(0.0014587731 0.001339873 2.0977969e-20)
(0.0016065007 0.0013548217 -4.4892301e-21)
(0.0018249436 0.0014093642 4.0550847e-20)
(0.0021151935 0.001490835 -1.0837563e-20)
(0.0024622628 0.0015770056 -8.5114566e-21)
(0.0028369043 0.0016417859 5.8620349e-20)
(0.003208686 0.0016657356 -7.6480759e-20)
(0.00355128 0.0016383095 -2.3006337e-21)
(0.003835127 0.0015533067 3.7941415e-20)
(0.0040069042 0.0014022951 1.9758374e-20)
(0.0039754722 0.0011766931 -6.2780144e-20)
(0.0035985965 0.0008744456 3.9714226e-21)
(0.0027025593 0.00051733303 1.1688585e-20)
(0.0010681419 0.0001578214 2.2022799e-21)
(-0.0015003253 -0.00010113108 -3.1621455e-21)
(-0.0052024247 -0.00011022049 1.9737384e-21)
(-0.010394747 0.00034911325 -3.6872276e-21)
(-0.016978765 0.0015798214 2.9975787e-20)
(-0.024378525 0.0037521251 -4.1617892e-20)
(-0.03214545 0.0069448447 1.5994678e-20)
(-0.039680787 0.01110736 -1.437779e-20)
(-0.04654361 0.016107753 9.1922206e-20)
(-0.052314622 0.021714415 1.4735878e-20)
(-0.056745612 0.027669405 -1.2845866e-19)
(-0.059675568 0.033690641 1.08583e-19)
(-0.061078244 0.03951625 2.0498868e-21)
(-0.060962629 0.044875323 -3.2190884e-20)
(-0.059488367 0.049586942 2.868068e-20)
(-0.056726938 0.053398961 -4.3549757e-20)
(-0.052900851 0.056187442 3.1433848e-21)
(-0.048261149 0.057887881 -4.1021209e-21)
(-0.042946445 0.058332439 5.5235612e-21)
(-0.037228394 0.057533137 -7.421256e-22)
(-0.031316766 0.055463158 -5.5028084e-20)
(-0.025433882 0.052154746 8.0910869e-20)
(-0.019788325 0.047669078 8.4456254e-20)
(-0.014572612 0.042096426 3.3781516e-20)
(-0.0099608229 0.03555777 7.6611438e-20)
(-0.0061028006 0.028196237 -1.6947572e-20)
(-0.0031203611 0.020179291 4.8556914e-20)
(-0.0011105991 0.011693392 3.7812059e-20)
(-0.00012811134 0.0029355141 5.0250727e-21)
)
;
    }
    frontAndBack
    {
        type            empty;
    }
}


// ************************************************************************* //
