/*--------------------------------*- C++ -*----------------------------------*\
  =========                 |
  \\      /  F ield         | OpenFOAM: The Open Source CFD Toolbox
   \\    /   O peration     | Website:  https://openfoam.org
    \\  /    A nd           | Version:  13
     \\/     M anipulation  |
\*---------------------------------------------------------------------------*/
FoamFile
{
    format      ascii;
    class       volVectorField;
    location    "44.50317";
    object      wallShearStress;
}
// * * * * * * * * * * * * * * * * * * * * * * * * * * * * * * * * * * * * * //

dimensions      [0 2 -2 0 0 0 0];

internalField   uniform (0 0 0);

boundaryField
{
    inlet
    {
        type            calculated;
        value           uniform (0 0 0);
    }
    outlet
    {
        type            calculated;
        value           uniform (0 0 0);
    }
    cylinder
    {
        type            calculated;
        value           nonuniform List<vector> 
132
(
(3.6570235e-05 -0.0024241693 -3.0120809e-22)
(0.0001137223 -0.0026959827 8.5680419e-23)
(0.00020645622 -0.0029485894 4.7229987e-21)
(0.00031289363 -0.0031768172 -1.5815764e-20)
(0.00043097483 -0.0033759131 1.1137207e-20)
(0.00055809888 -0.0035414394 3.393963e-20)
(0.00069118516 -0.0036695762 -6.412111e-21)
(0.00082669441 -0.0037573382 -2.5326189e-20)
(0.0009609333 -0.0038026254 2.3796781e-20)
(0.0010900588 -0.0038046189 -5.3187317e-20)
(0.0012102332 -0.0037635763 -9.6488399e-22)
(0.0013179932 -0.0036814473 3.2838738e-20)
(0.0014102722 -0.0035612543 5.3398102e-20)
(0.0014849158 -0.0034078374 -4.3252508e-20)
(0.0015406855 -0.0032271314 4.5424875e-20)
(0.0015775892 -0.0030262656 7.2936709e-20)
(0.0015972452 -0.002813655 -4.7689961e-20)
(0.0016027373 -0.0025980625 7.6351885e-20)
(0.0015991696 -0.0023890428 1.0078162e-19)
(0.0015934843 -0.0021960481 -6.5279997e-20)
(0.0015949826 -0.0020286877 -8.3105447e-20)
(0.0016152725 -0.0018960725 2.9242681e-23)
(0.0016685186 -0.0018066061 1.2037003e-20)
(0.0017706397 -0.0017666656 -1.4406807e-20)
(0.0019375816 -0.0017788442 -2.4507886e-20)
(0.0021817679 -0.0018394091 5.2428257e-21)
(0.0025073563 -0.001936191 -4.7360665e-20)
(0.0029033089 -0.0020465232 1.2662903e-20)
(0.0033428926 -0.0021415376 9.9519818e-21)
(0.0037868518 -0.0021922688 -6.8603951e-20)
(0.0041956529 -0.0021789872 8.9604295e-20)
(0.0045351587 -0.0020932374 2.7145543e-21)
(0.0047632079 -0.0019304473 1.9590285e-20)
(0.0048030732 -0.0016824926 -2.3246077e-20)
(0.0045386603 -0.0013454075 7.398119e-20)
(0.0038033609 -0.00092702697 -4.6869682e-21)
(0.0024097071 -0.00046616054 1.8935751e-20)
(0.00012567846 -3.5556966e-05 -2.6028792e-21)
(-0.0032368222 0.00023709107 3.7347054e-21)
(-0.0078198414 0.00017420463 -2.3269407e-21)
(-0.014005454 -0.00046445059 4.3332882e-21)
(-0.021646192 -0.0020095319 -1.3303411e-22)
(-0.030032532 -0.0046180328 4.8499985e-20)
(-0.038700886 -0.0083572959 -1.8575162e-20)
(-0.047057676 -0.013169177 1.6664143e-20)
(-0.05462278 -0.018900894 -1.0651658e-19)
(-0.060967539 -0.025303578 -1.7116669e-20)
(-0.065838947 -0.032101554 1.5000072e-19)
(-0.069052952 -0.038983599 -1.2797222e-19)
(-0.070581397 -0.045663993 -2.4511983e-21)
(-0.070431693 -0.051845585 3.9386722e-20)
(-0.06875378 -0.057310623 -3.6407123e-20)
(-0.06564682 -0.061796752 -7.3443602e-21)
(-0.061345626 -0.065158496 -4.9782296e-21)
(-0.056097656 -0.067289814 -9.5104732e-21)
(-0.050084858 -0.068031369 -9.469666e-23)
(-0.043594096 -0.067374807 4.7180744e-22)
(-0.036860832 -0.065287235 4.3624314e-20)
(-0.030134071 -0.061800043 -6.9909984e-20)
(-0.023647142 -0.056974431 -7.6436741e-20)
(-0.017617897 -0.050907155 -3.148093e-20)
(-0.012243453 -0.043726907 -7.2860676e-20)
(-0.0076959366 -0.035591366 1.636371e-20)
(-0.0041157237 -0.02668025 2.3923642e-20)
(-0.0016184189 -0.017215585 -3.7312126e-20)
(-0.00026369296 -0.0073539768 -4.9973203e-21)
(-2.5232833e-05 -0.002135669 -1.3863806e-21)
(-7.1170932e-05 -0.0018297927 -8.2592528e-23)
(-0.0001001201 -0.0015080425 -4.7399539e-21)
(-0.00011071277 -0.0011749308 1.5882985e-20)
(-0.00010195903 -0.00083463025 -1.1201127e-20)
(-7.3753925e-05 -0.00049488969 -3.4191503e-20)
(-2.6138462e-05 -0.00016019358 6.4719199e-21)
(3.9595796e-05 0.00016304506 2.5617174e-20)
(0.0001217841 0.00046871865 -2.4128425e-20)
(0.00021836295 0.00075101442 5.4073669e-20)
(0.00032610332 0.0010047311 9.8381362e-22)
(0.00044160728 0.0012256252 -3.3593388e-20)
(0.00056122372 0.0014105472 -5.4813903e-20)
(0.00068122952 0.0015577275 4.4561248e-20)
(0.00079818834 0.0016670394 -4.6975695e-20)
(0.00090920481 0.001739952 -7.5716047e-20)
(0.0010124586 0.0017799353 4.9696375e-20)
(0.0011072872 0.0017918516 -7.9861525e-20)
(0.0011950827 0.001782726 -1.0579101e-19)
(0.0012788898 0.0017602505 6.8754206e-20)
(0.0013646101 0.0017338089 8.7796123e-20)
(0.0014604339 0.0017128423 7.8763251e-20)
(0.0015763447 0.0017057514 6.4807113e-20)
(0.0017238928 0.0017194203 1.5327975e-20)
(0.0019141544 0.0017571859 2.6116588e-20)
(0.0021542341 0.0018164527 -5.5937154e-21)
(0.0024447495 0.0018883771 5.0571505e-20)
(0.0027797205 0.0019600394 -1.3527026e-20)
(0.0031408972 0.0020127265 -1.0632347e-20)
(0.0035038856 0.0020288919 7.3283341e-20)
(0.0038440952 0.0019967123 -9.5687356e-20)
(0.0041215991 0.0019027046 -2.8810379e-21)
(0.0042760009 0.0017335889 4.7562857e-20)
(0.0042123789 0.0014766446 2.4796205e-20)
(0.0038020885 0.0011289214 -7.8855821e-20)
(0.0028728876 0.00070362619 4.9899079e-21)
(0.0012394496 0.00024762659 1.4675375e-20)
(-0.0013205139 -0.00015707166 2.7587936e-21)
(-0.0050048497 -0.00038016341 -3.9434053e-21)
(-0.0098663791 -0.00023021687 2.4451179e-21)
(-0.016296947 0.00053504126 -4.5245688e-21)
(-0.024089741 0.0022322042 3.6339459e-20)
(-0.03248244 0.0049908455 -4.9797293e-20)
(-0.041028648 0.0088562585 1.8893085e-20)
(-0.049119844 0.013743374 -1.6783178e-20)
(-0.056325968 0.019487539 1.062036e-19)
(-0.062249959 0.025831995 1.6886157e-20)
(-0.066669776 0.032502957 -1.4633993e-19)
(-0.069429973 0.039192877 1.2329915e-19)
(-0.070533263 0.045629353 2.3277594e-21)
(-0.069977153 0.051507514 -3.6711921e-20)
(-0.067974111 0.056657277 3.3099249e-20)
(-0.064552568 0.060762663 -5.1566102e-20)
(-0.060002628 0.063728288 3.9978982e-21)
(-0.054609949 0.065501055 -7.8546254e-21)
(-0.04847106 0.065834371 3.5156627e-21)
(-0.041928742 0.064795344 -6.5386557e-22)
(-0.035197111 0.062333648 -5.1779259e-20)
(-0.028526263 0.058494202 7.8215479e-20)
(-0.022145327 0.053345001 8.2801461e-20)
(-0.016266484 0.046987177 3.339277e-20)
(-0.011082001 0.039556839 7.6112559e-20)
(-0.0067569841 0.031213528 -1.6889415e-20)
(-0.003425431 0.02214439 4.8476821e-20)
(-0.0011949284 0.012555861 3.7780571e-20)
(-0.00012578541 0.0026761264 5.0209553e-21)
)
;
    }
    frontAndBack
    {
        type            empty;
    }
}


// ************************************************************************* //
