/*--------------------------------*- C++ -*----------------------------------*\
  =========                 |
  \\      /  F ield         | OpenFOAM: The Open Source CFD Toolbox
   \\    /   O peration     | Website:  https://openfoam.org
    \\  /    A nd           | Version:  13
     \\/     M anipulation  |
\*---------------------------------------------------------------------------*/
FoamFile
{
    format      ascii;
    class       volVectorField;
    location    "26.19575";
    object      wallShearStress;
}
// * * * * * * * * * * * * * * * * * * * * * * * * * * * * * * * * * * * * * //

dimensions      [0 2 -2 0 0 0 0];

internalField   uniform (0 0 0);

boundaryField
{
    inlet
    {
        type            calculated;
        value           uniform (0 0 0);
    }
    outlet
    {
        type            calculated;
        value           uniform (0 0 0);
    }
    cylinder
    {
        type            calculated;
        value           nonuniform List<vector> 
132
(
(2.1947168e-05 -0.0012406345 -2.4241924e-22)
(7.1618647e-05 -0.0016348393 6.9132171e-23)
(0.00014411367 -0.0020230485 3.8212052e-21)
(0.00023845729 -0.0023976831 -1.283329e-20)
(0.00035337234 -0.0027510626 9.0651002e-21)
(0.00048668839 -0.0030753167 2.7716008e-20)
(0.00063532641 -0.0033627517 -5.2544125e-21)
(0.00079526203 -0.0036061698 -2.0828207e-20)
(0.00096172692 -0.0037991617 1.9643017e-20)
(0.0011293522 -0.0039365186 -4.4069127e-20)
(0.0012922443 -0.0040144843 -8.024602e-22)
(0.0014443935 -0.0040313235 2.7415488e-20)
(0.0015799434 -0.0039873322 4.4744052e-20)
(0.0016936913 -0.0038852956 -3.6371845e-20)
(0.0017815699 -0.0037306351 3.832756e-20)
(0.0018405719 -0.0035302457 6.1734904e-20)
(0.0018701906 -0.0032944521 -4.0481629e-20)
(0.0018721191 -0.0030351468 6.4978383e-20)
(0.0018502203 -0.002764878 8.5962624e-20)
(0.0018114405 -0.0024975158 -5.5788523e-20)
(0.0017655302 -0.0022469401 -7.1135762e-20)
(0.0017254242 -0.0020268467 2.5033934e-23)
(0.001706954 -0.001849723 1.0326336e-20)
(0.001728922 -0.0017264253 -1.2367528e-20)
(0.0018110197 -0.0016637798 -2.1047243e-20)
(0.0019712698 -0.0016627141 4.5032525e-21)
(0.0022201328 -0.001714783 -4.0679888e-20)
(0.0025534936 -0.0017999824 1.0875644e-20)
(0.0029496838 -0.0018894551 8.5468867e-21)
(0.0033669552 -0.0019489096 -5.8921392e-20)
(0.0037621952 -0.0019535782 7.6967804e-20)
(0.00410015 -0.0018921547 2.3322838e-21)
(0.0043451546 -0.0017606414 1.683527e-20)
(0.0044380749 -0.0015540916 -1.9980568e-20)
(0.0042791367 -0.0012676507 6.3601445e-20)
(0.0037205419 -0.000905449 -4.0303384e-21)
(0.0025908106 -0.00049810398 1.6288863e-20)
(0.00067521133 -0.00010686136 -2.2403554e-21)
(-0.0022093274 0.0001577797 3.2177954e-21)
(-0.0062397273 0.00013568502 -2.0076876e-21)
(-0.011777737 -0.00039308899 3.7467997e-21)
(-0.018742513 -0.0017421779 -1.1537138e-22)
(-0.026538721 -0.0040831559 4.2201802e-20)
(-0.034733269 -0.0075029056 -1.6218911e-20)
(-0.042739001 -0.011962782 1.4596399e-20)
(-0.05010645 -0.017340357 -9.3553841e-20)
(-0.056388927 -0.023406067 -1.5058001e-20)
(-0.06130763 -0.029894872 1.3200973e-19)
(-0.064667776 -0.036510479 -1.1244532e-19)
(-0.066408551 -0.042966621 -2.1448785e-21)
(-0.066528961 -0.048974861 3.4181974e-20)
(-0.065151743 -0.05430999 -3.1122561e-20)
(-0.062376106 -0.058719579 -6.0997773e-21)
(-0.058417268 -0.062049564 -3.8739741e-21)
(-0.053510418 -0.064187617 -5.8397045e-21)
(-0.047840997 -0.064984489 -2.9268838e-21)
(-0.041682163 -0.064420663 6.0234562e-22)
(-0.035266748 -0.06246431 4.8693264e-20)
(-0.028838382 -0.059142964 -7.4388157e-20)
(-0.022626514 -0.054515136 -7.9407272e-20)
(-0.016845503 -0.048674508 -3.2251398e-20)
(-0.011689456 -0.041746653 -7.3990764e-20)
(-0.0073277523 -0.033885336 1.6522346e-20)
(-0.0038987495 -0.02526752 2.4064453e-20)
(-0.0015158645 -0.016107726 -3.7443993e-20)
(-0.00023892878 -0.0065707999 -5.0088792e-21)
(-6.173664e-06 -0.00084355308 -1.1131586e-21)
(-1.2896425e-05 -0.00044329995 -6.617127e-23)
(1.9467813e-06 -4.3497552e-05 -3.789309e-21)
(3.8563775e-05 0.00034915802 1.2671986e-20)
(9.6455073e-05 0.00072729511 -8.919484e-21)
(0.00017399861 0.0010834693 -2.7176475e-20)
(0.0002686245 0.0014105505 5.1349466e-21)
(0.00037714221 0.0017019046 2.0290072e-20)
(0.0004956521 0.0019516412 -1.9078458e-20)
(0.00061969151 0.0021550198 4.2684893e-20)
(0.00074436413 0.0023086647 7.753364e-22)
(0.00086484872 0.0024109297 -2.6429769e-20)
(0.00097638395 0.0024618983 -4.3052847e-20)
(0.0010748435 0.0024639291 3.4941057e-20)
(0.0011568669 0.0024210901 -3.6772293e-20)
(0.0012205567 0.0023398617 -5.9171234e-20)
(0.0012653879 0.0022280163 3.8773819e-20)
(0.0012928802 0.0020950921 -6.2210991e-20)
(0.0013068615 0.0019519407 -8.2286909e-20)
(0.0013134835 0.00180994 5.3404608e-20)
(0.0013217986 0.0016811028 6.8109523e-20)
(0.0013434048 0.0015768649 6.103381e-20)
(0.001392947 0.0015081272 5.0170654e-20)
(0.0014869054 0.001483405 1.1856682e-20)
(0.0016415426 0.0015068274 2.0189394e-20)
(0.0018687383 0.0015752306 -4.3223856e-21)
(0.0021713031 0.0016764405 3.9070499e-20)
(0.0025353299 0.0017869499 -1.0451681e-20)
(0.0029351008 0.0018801764 -8.2178191e-21)
(0.0033351712 0.0019307255 5.6673828e-20)
(0.0036993912 0.0019212257 -7.4054764e-20)
(0.0040026073 0.0018473831 -2.2315623e-21)
(0.0042129432 0.0017073527 3.6878072e-20)
(0.0042600721 0.0014922056 1.9251216e-20)
(0.004034348 0.00119588 -6.1332331e-20)
(0.0033818169 0.0008243376 3.8906413e-21)
(0.0021272023 0.00041179371 1.1480692e-20)
(5.4106465e-05 2.4418237e-05 2.1677167e-21)
(-0.0030190534 -0.00022214567 -3.1162013e-21)
(-0.0072357947 -0.0001615144 1.945518e-21)
(-0.012960227 0.00042989606 -3.6304674e-21)
(-0.020076688 0.0018641049 2.9445292e-20)
(-0.027943067 0.0042971269 -4.0754914e-20)
(-0.03610592 0.0077973396 1.5610482e-20)
(-0.043997183 0.012313299 -1.3988855e-20)
(-0.051189255 0.017713458 8.9168373e-20)
(-0.057233008 0.023754096 1.4254348e-20)
(-0.061880897 0.030172084 -1.2392006e-19)
(-0.064953048 0.036669214 1.0442302e-19)
(-0.066413236 0.042967307 1.9639666e-21)
(-0.066255578 0.04877122 -3.0671467e-20)
(-0.064649559 0.053888969 2.7094719e-20)
(-0.061647898 0.05803119 -4.0435255e-20)
(-0.057501516 0.061074132 2.7957202e-21)
(-0.052479365 0.062947728 -2.458266e-21)
(-0.046709763 0.063444247 6.4610883e-21)
(-0.040502597 0.062593423 -7.8660332e-22)
(-0.034078378 0.060354389 -5.6807827e-20)
(-0.027681685 0.056764431 8.2541955e-20)
(-0.021539556 0.051888053 8.5588451e-20)
(-0.015862531 0.045823012 3.4092212e-20)
(-0.010841243 0.038700992 7.7100816e-20)
(-0.0066399061 0.030678034 -1.702249e-20)
(-0.0033918769 0.021936952 4.8702734e-20)
(-0.0012044901 0.012681656 3.7886886e-20)
(-0.00013739192 0.0031276541 5.0312939e-21)
)
;
    }
    frontAndBack
    {
        type            empty;
    }
}


// ************************************************************************* //
