/*--------------------------------*- C++ -*----------------------------------*\
  =========                 |
  \\      /  F ield         | OpenFOAM: The Open Source CFD Toolbox
   \\    /   O peration     | Website:  https://openfoam.org
    \\  /    A nd           | Version:  13
     \\/     M anipulation  |
\*---------------------------------------------------------------------------*/
FoamFile
{
    format      ascii;
    class       volVectorField;
    location    "11.897489";
    object      wallShearStress;
}
// * * * * * * * * * * * * * * * * * * * * * * * * * * * * * * * * * * * * * //

dimensions      [0 2 -2 0 0 0 0];

internalField   uniform (0 0 0);

boundaryField
{
    inlet
    {
        type            calculated;
        value           uniform (0 0 0);
    }
    outlet
    {
        type            calculated;
        value           uniform (0 0 0);
    }
    cylinder
    {
        type            calculated;
        value           nonuniform List<vector> 
132
(
(7.3353816e-05 -0.0008602406 -1.0140299e-22)
(0.00031441847 -0.0061783052 2.9153164e-23)
(0.00084590084 -0.011400456 1.6740359e-21)
(0.0016529208 -0.016358318 -5.9460461e-21)
(0.0027015674 -0.020881046 4.5124548e-21)
(0.0039388789 -0.024804879 1.4966008e-20)
(0.0052933027 -0.027980241 -3.0897556e-21)
(0.0066780285 -0.030282443 -1.3320232e-20)
(0.0079981384 -0.031621319 1.3591197e-20)
(0.0091531226 -0.031948815 -3.2717098e-20)
(0.010046519 -0.031267932 -6.3241457e-22)
(0.010594768 -0.029636329 2.2701735e-20)
(0.010737406 -0.027169243 3.8449378e-20)
(0.010446758 -0.024037163 -3.2055835e-20)
(0.0097345877 -0.020455167 3.4262824e-20)
(0.0086551586 -0.016666933 5.54262e-20)
(0.0073016297 -0.012919802 -3.6199153e-20)
(0.0057926039 -0.0094393745 5.7507304e-20)
(0.004257414 -0.0064008614 7.4982204e-20)
(0.0028158584 -0.0039123569 -4.7858351e-20)
(0.0015566288 -0.0020042012 -5.9996673e-20)
(0.00053265575 -0.00064478329 2.0729762e-23)
(-0.00025253854 0.00026100259 8.4472522e-21)
(-0.00080516675 0.00079692848 -9.9853431e-21)
(-0.0011278001 0.0010347004 -1.6792519e-20)
(-0.0011252737 0.0009530872 3.5513365e-21)
(-0.00079652889 0.00062473036 -3.1733678e-20)
(0.00015133989 -9.3043751e-05 8.3959558e-21)
(0.001496153 -0.00094585199 6.5676564e-21)
(0.0028064156 -0.0016158822 -4.5240465e-20)
(0.0037994546 -0.0019691557 5.9280143e-20)
(0.0043251551 -0.001995389 1.8017001e-21)
(0.0045605188 -0.0018481191 1.303154e-20)
(0.0046589281 -0.0016308186 -1.5473056e-20)
(0.0046673443 -0.0013806331 4.9269695e-20)
(0.0044301012 -0.001074257 -3.1250685e-21)
(0.0037510445 -0.00071306022 1.2657523e-20)
(0.0024021006 -0.00033568778 -1.7473985e-21)
(0.00017064136 -3.1651712e-05 2.5244461e-21)
(-0.003193824 5.8801932e-05 -1.5878345e-21)
(-0.0080439288 -0.00027330478 2.9960772e-21)
(-0.014434007 -0.0013479909 -9.358805e-23)
(-0.021900888 -0.0033757735 3.4756462e-20)
(-0.030006189 -0.0064878662 -1.3565793e-20)
(-0.03817098 -0.010689866 1.2389177e-20)
(-0.045891652 -0.015886666 -8.0445906e-20)
(-0.052648568 -0.021859014 -1.3087446e-20)
(-0.058102222 -0.028337398 1.1565359e-19)
(-0.062006805 -0.035013116 -9.897e-20)
(-0.064261413 -0.041581815 -1.8890437e-21)
(-0.064844458 -0.047738655 2.9950934e-20)
(-0.063863983 -0.053239817 -2.6886461e-20)
(-0.061419758 -0.057822098 -5.0981373e-21)
(-0.057726044 -0.061317688 -2.9660236e-21)
(-0.053022578 -0.063604345 -2.6830523e-21)
(-0.047506118 -0.064531132 -5.5352966e-21)
(-0.041455801 -0.064071958 7.3456383e-22)
(-0.035113611 -0.062193839 5.4509542e-20)
(-0.028731264 -0.058923642 -8.0392499e-20)
(-0.022545812 -0.054320586 -8.4225503e-20)
(-0.016778489 -0.048480149 -3.3823155e-20)
(-0.011629421 -0.041530606 -7.7022913e-20)
(-0.0072729619 -0.03362871 1.7111414e-20)
(-0.0038515936 -0.02495572 2.4830328e-20)
(-0.0014817244 -0.015728111 -3.853067e-20)
(-0.00022597096 -0.0061213337 -5.1437363e-21)
(0.00012161102 0.0044432259 -4.7193707e-22)
(0.00045646351 0.009671854 -2.9133165e-23)
(0.0010723674 0.014712624 -1.766305e-21)
(0.0019468874 0.019399669 6.36193e-21)
(0.0030391513 0.023570211 -4.8740916e-21)
(0.0042901755 0.02707104 -1.6241595e-20)
(0.0056234902 0.02976869 3.3555907e-21)
(0.0069520377 0.031557746 1.4432649e-20)
(0.0081810071 0.032370113 -1.466111e-20)
(0.0092141334 0.032182634 3.5090893e-20)
(0.009962289 0.03102295 6.7403959e-22)
(0.0103527 0.028973475 -2.4032892e-20)
(0.010338233 0.026171114 -4.0442393e-20)
(0.0099062804 0.02280349 3.3516703e-20)
(0.0090829693 0.019094082 -3.5637741e-20)
(0.0079351526 0.015286309 -5.7401498e-20)
(0.0065620214 0.011615799 3.7368258e-20)
(0.0050827754 0.0082865313 -5.9236771e-20)
(0.0036199446 0.0054457745 -7.71512e-20)
(0.0022790338 0.0031699921 4.9230503e-20)
(0.0011353103 0.001465846 6.1738955e-20)
(0.00022101918 0.00027657015 5.4466133e-20)
(-0.00046098624 -0.00048870431 4.414237e-20)
(-0.00092607088 -0.00091924577 1.0299774e-20)
(-0.0011547382 -0.0010610277 1.7330694e-20)
(-0.0010431836 -0.00088615818 -3.6663874e-21)
(-0.0004769962 -0.00037984345 3.2790419e-20)
(0.00059223957 0.00040392186 -8.7000121e-21)
(0.0019290682 0.0012243275 -6.8181423e-21)
(0.003139499 0.0018105661 4.706351e-20)
(0.0039560295 0.0020520538 -6.1698371e-20)
(0.0043615102 0.0020130241 -1.8645423e-21)
(0.0045361634 0.0018385575 3.0856615e-20)
(0.0046134706 0.0016151949 1.6113089e-20)
(0.0045619056 0.0013501065 -5.1353901e-20)
(0.0042060726 0.001021163 3.2610057e-21)
(0.0033433947 0.00063778436 9.6429198e-21)
(0.0017465281 0.00024911771 1.8271039e-21)
(-0.00079036696 -4.2329351e-05 -2.6408333e-21)
(-0.004501401 -9.1291032e-05 1.660673e-21)
(-0.0097351846 0.00032969441 -3.1295809e-21)
(-0.01648567 0.0015361994 2.5698507e-20)
(-0.024208583 0.0037282557 -3.6045804e-20)
(-0.032451934 0.0070135553 1.3995567e-20)
(-0.040629231 0.011375199 -1.2703457e-20)
(-0.048221379 0.016690576 8.1918195e-20)
(-0.054753016 0.022729893 1.3230802e-20)
(-0.059916038 0.029218674 -1.1598142e-19)
(-0.063482361 0.035843095 9.8380168e-20)
(-0.065394093 0.042311623 1.858383e-21)
(-0.065626396 0.048311297 -2.9074339e-20)
(-0.0643364 0.053630723 2.56201e-20)
(-0.061589154 0.057978419 -3.7843563e-20)
(-0.05763252 0.061215393 2.5167434e-21)
(-0.052732624 0.063253394 -1.1468705e-21)
(-0.047043244 0.063898923 7.2619844e-21)
(-0.040872154 0.063166112 -8.2972596e-22)
(-0.034451724 0.06101711 -5.8889218e-20)
(-0.028033822 0.057488046 8.4951118e-20)
(-0.021852878 0.05264449 8.7780753e-20)
(-0.016126101 0.046586382 3.4906199e-20)
(-0.011049763 0.039448041 7.8885556e-20)
(-0.0067928604 0.031388928 -1.7415066e-20)
(-0.0034926051 0.022595754 4.9844286e-20)
(-0.0012591105 0.013277635 3.8803926e-20)
(-0.00015307267 0.0036493461 5.1587925e-21)
)
;
    }
    frontAndBack
    {
        type            empty;
    }
}


// ************************************************************************* //
