/*--------------------------------*- C++ -*----------------------------------*\
  =========                 |
  \\      /  F ield         | OpenFOAM: The Open Source CFD Toolbox
   \\    /   O peration     | Website:  https://openfoam.org
    \\  /    A nd           | Version:  13
     \\/     M anipulation  |
\*---------------------------------------------------------------------------*/
FoamFile
{
    format      ascii;
    class       volVectorField;
    location    "12.29865";
    object      wallShearStress;
}
// * * * * * * * * * * * * * * * * * * * * * * * * * * * * * * * * * * * * * //

dimensions      [0 2 -2 0 0 0 0];

internalField   uniform (0 0 0);

boundaryField
{
    inlet
    {
        type            calculated;
        value           uniform (0 0 0);
    }
    outlet
    {
        type            calculated;
        value           uniform (0 0 0);
    }
    cylinder
    {
        type            calculated;
        value           nonuniform List<vector> 
132
(
(6.6039578e-05 -0.00042875108 -1.0097108e-22)
(0.0002903591 -0.0056255291 2.894995e-23)
(0.00079873899 -0.010735636 1.6571976e-21)
(0.0015772759 -0.015595166 -5.867916e-21)
(0.0025935177 -0.020037332 4.4404119e-21)
(0.0037964436 -0.02390227 1.4691415e-20)
(0.0051168961 -0.027043215 -3.0272248e-21)
(0.0064704993 -0.029337899 -1.3032245e-20)
(0.0077651241 -0.030697278 1.3284632e-20)
(0.0089028522 -0.03107289 -3.1961003e-20)
(0.009789457 -0.030465808 -6.1764418e-22)
(0.010342881 -0.028929878 2.2171976e-20)
(0.010503155 -0.026574812 3.7560303e-20)
(0.010241691 -0.023563761 -3.1326273e-20)
(0.0095680822 -0.020103862 3.3498904e-20)
(0.0085329669 -0.01643035 5.4219275e-20)
(0.0072250646 -0.012783339 -3.5429997e-20)
(0.0057586568 -0.0093831819 5.6313507e-20)
(0.0042591411 -0.0064026815 7.3456403e-20)
(0.0028439505 -0.0039505696 -4.6899423e-20)
(0.0016011433 -0.0020605762 -5.8806783e-20)
(0.000584865 -0.00070599662 2.031688e-23)
(-0.00019895642 0.00020292657 8.2809295e-21)
(-0.00075385813 0.00074557397 -9.7886353e-21)
(-0.0010852156 0.00099538051 -1.6461171e-20)
(-0.0010941129 0.00092653251 3.4812472e-21)
(-0.00078597149 0.00061621127 -3.1106075e-20)
(0.00012829191 -7.7174503e-05 8.2296836e-21)
(0.0014389403 -0.00090941324 6.4362424e-21)
(0.002734589 -0.0015742737 -4.4328198e-20)
(0.0037323494 -0.0019341504 5.8078724e-20)
(0.0042724023 -0.0019708975 1.7652921e-21)
(0.0045178304 -0.0018307478 1.2769628e-20)
(0.0046202216 -0.001617236 -1.5163532e-20)
(0.0046330952 -0.0013704488 4.8286953e-20)
(0.0044078901 -0.0010687717 -3.0629693e-21)
(0.0037498739 -0.00071266077 1.2407319e-20)
(0.002432915 -0.00033960501 -1.7131242e-21)
(0.00024431633 -3.740613e-05 2.4754891e-21)
(-0.0030654735 5.5880098e-05 -1.5575031e-21)
(-0.0078497134 -0.00026667829 2.940049e-21)
(-0.014167833 -0.0013234319 -9.1888787e-23)
(-0.021568787 -0.0033248854 3.4146214e-20)
(-0.029618629 -0.0064043685 -1.333576e-20)
(-0.037740045 -0.010569495 1.2186266e-20)
(-0.045438457 -0.015730071 -7.9170577e-20)
(-0.05218748 -0.021667847 -1.2884282e-20)
(-0.057645789 -0.028115135 1.1388071e-19)
(-0.061566969 -0.034765079 -9.7441228e-20)
(-0.063844943 -0.04131263 -1.8590074e-21)
(-0.064457486 -0.047454037 2.9442538e-20)
(-0.063509914 -0.052944898 -2.6374226e-20)
(-0.061100825 -0.05752206 -4.978203e-21)
(-0.057442264 -0.061016436 -2.8608481e-21)
(-0.052774072 -0.063306401 -2.3376634e-21)
(-0.047292011 -0.064240422 -5.7970843e-21)
(-0.041274689 -0.063792136 7.463476e-22)
(-0.034963544 -0.061928102 5.4951531e-20)
(-0.028609982 -0.058674934 -8.0763095e-20)
(-0.022450725 -0.054091462 -8.4451319e-20)
(-0.016706787 -0.048272878 -3.3873474e-20)
(-0.011578097 -0.041347124 -7.7076423e-20)
(-0.0072388487 -0.033470594 1.7113869e-20)
(-0.003831419 -0.024824288 2.4824044e-20)
(-0.001472105 -0.015624015 -3.8509861e-20)
(-0.00022360891 -0.0060459301 -5.1398876e-21)
(0.00012425018 0.0047474646 -4.7093392e-22)
(0.00046202248 0.0098441961 -2.9111124e-23)
(0.0010735435 0.014751344 -1.7660711e-21)
(0.001936443 0.019307508 6.3601552e-21)
(0.0030104573 0.023354844 -4.8691533e-21)
(0.0042377017 0.026744615 -1.6207114e-20)
(0.0055433138 0.029347642 3.344044e-21)
(0.0068425033 0.031062819 1.4363145e-20)
(0.0080428423 0.031824961 -1.4571005e-20)
(0.0090507968 0.031613114 3.4832646e-20)
(0.0097798436 0.030455363 6.6837577e-22)
(0.010159524 0.028433084 -2.3809586e-20)
(0.010144223 0.025679975 -4.0038874e-20)
(0.0097220058 0.022379121 3.3165424e-20)
(0.0089182342 0.018747476 -3.5252529e-20)
(0.0077978467 0.015021424 -5.6770705e-20)
(0.0064571187 0.01142972 3.6955345e-20)
(0.0050112736 0.0081695966 -5.8583677e-20)
(0.0035793566 0.0053843787 -7.6305932e-20)
(0.0022641725 0.0031489842 4.8695127e-20)
(0.0011393003 0.0014705936 6.1071938e-20)
(0.00023749752 0.00029571469 5.3879889e-20)
(-0.00043784814 -0.00046372191 4.3668186e-20)
(-0.00089982248 -0.00089305524 1.018903e-20)
(-0.0011278924 -0.0010363016 1.7144399e-20)
(-0.0010220254 -0.00086809732 -3.6270544e-21)
(-0.00047708801 -0.0003796264 3.2439928e-20)
(0.00056959742 0.00038817218 -8.6065366e-21)
(0.0018875059 0.001197804 -6.7445697e-21)
(0.0030882864 0.0017808844 4.6551326e-20)
(0.0039096102 0.002027843 -6.1025008e-20)
(0.0043231094 0.0019952151 -1.8442179e-21)
(0.0045032095 0.0018251612 3.0521655e-20)
(0.004583089 0.0016045279 1.593818e-20)
(0.0045368053 0.001342627 -5.0795734e-20)
(0.0041921624 0.0010176936 3.2254487e-21)
(0.0033486189 0.00063860898 9.537493e-21)
(0.0017796788 0.00025337889 1.8070859e-21)
(-0.00072027183 -3.6533477e-05 -2.611986e-21)
(-0.0043862603 -8.8552067e-05 1.6425693e-21)
(-0.0095655071 0.0003242308 -3.0958449e-21)
(-0.016258697 0.0015152822 2.5427134e-20)
(-0.023930415 0.0036856558 -3.5675801e-20)
(-0.032132357 0.0069447391 1.3856683e-20)
(-0.040282003 0.011278242 -1.2581992e-20)
(-0.047859751 0.016565636 8.1163697e-20)
(-0.054389868 0.022579431 1.3112985e-20)
(-0.059561812 0.029046217 -1.1497516e-19)
(-0.063145332 0.035653073 9.7538434e-20)
(-0.065079941 0.042108613 1.8424036e-21)
(-0.065339525 0.048100351 -2.8815941e-20)
(-0.064078133 0.053415649 2.5372553e-20)
(-0.061361834 0.057764637 -3.741008e-20)
(-0.057435909 0.06100674 2.473239e-21)
(-0.052564691 0.063052127 -9.7195387e-22)
(-0.04690397 0.063709914 7.3432042e-21)
(-0.040759259 0.062991795 -8.3254124e-22)
(-0.034363185 0.060860458 -5.8952822e-20)
(-0.027967141 0.057351471 8.4955419e-20)
(-0.02180533 0.052530128 8.773775e-20)
(-0.01609477 0.046496097 3.4878632e-20)
(-0.011031558 0.039383355 7.8810441e-20)
(-0.0067845658 0.031351079 -1.7397207e-20)
(-0.0034909117 0.022585646 4.9792743e-20)
(-0.0012606318 0.013296011 3.8765525e-20)
(-0.00015430676 0.0036958556 5.1541685e-21)
)
;
    }
    frontAndBack
    {
        type            empty;
    }
}


// ************************************************************************* //
