/*--------------------------------*- C++ -*----------------------------------*\
  =========                 |
  \\      /  F ield         | OpenFOAM: The Open Source CFD Toolbox
   \\    /   O peration     | Website:  https://openfoam.org
    \\  /    A nd           | Version:  13
     \\/     M anipulation  |
\*---------------------------------------------------------------------------*/
FoamFile
{
    format      ascii;
    class       volVectorField;
    location    "48.699151";
    object      wallShearStress;
}
// * * * * * * * * * * * * * * * * * * * * * * * * * * * * * * * * * * * * * //

dimensions      [0 2 -2 0 0 0 0];

internalField   uniform (0 0 0);

boundaryField
{
    inlet
    {
        type            calculated;
        value           uniform (0 0 0);
    }
    outlet
    {
        type            calculated;
        value           uniform (0 0 0);
    }
    cylinder
    {
        type            calculated;
        value           nonuniform List<vector> 
132
(
(3.9909588e-05 -0.0026365275 -3.177295e-22)
(0.00012469429 -0.0029492223 9.087118e-23)
(0.00022819553 -0.0032529628 5.0357739e-21)
(0.00034935971 -0.0035414568 -1.6953979e-20)
(0.00048681931 -0.0038081763 1.2002723e-20)
(0.00063836738 -0.0040463503 3.6771416e-20)
(0.00080105038 -0.0042493679 -6.9834644e-21)
(0.00097119621 -0.0044110188 -2.7723926e-20)
(0.0011443746 -0.004525839 2.6179239e-20)
(0.0013156096 -0.0045895239 -5.879248e-20)
(0.0014795671 -0.0045991826 -1.071388e-21)
(0.0016308622 -0.00455375 3.662384e-20)
(0.0017644158 -0.0044542833 5.9794743e-20)
(0.0018757119 -0.0043037819 -4.8616244e-20)
(0.0019613455 -0.0041076535 5.1233833e-20)
(0.0020193909 -0.0038734867 8.2519908e-20)
(0.0020498216 -0.0036109157 -5.4105335e-20)
(0.0020548416 -0.0033312284 8.6833242e-20)
(0.002039104 -0.0030468304 1.1485644e-19)
(0.0020101023 -0.002770999 -7.4528671e-20)
(0.0019781238 -0.0025170043 -9.5019435e-20)
(0.0019566411 -0.0022979293 3.3446727e-23)
(0.0019617573 -0.0021253442 1.3792266e-20)
(0.0020119999 -0.0020087148 -1.6519772e-20)
(0.0021255433 -0.0019525463 -2.8117812e-20)
(0.0023176416 -0.0019549169 6.0173954e-21)
(0.0025964868 -0.0020057539 -5.4371659e-20)
(0.0029508612 -0.002080565 1.4539762e-20)
(0.0033567239 -0.0021507177 1.1428039e-20)
(0.0037778278 -0.0021872345 -7.8782716e-20)
(0.0041674294 -0.002164494 1.0289786e-19)
(0.0044829122 -0.0020693523 3.1170146e-21)
(0.0046725584 -0.0018940986 2.2489836e-20)
(0.0046477781 -0.0016287487 -2.6674813e-20)
(0.0042845564 -0.0012711602 8.4826372e-20)
(0.0034114301 -0.00083339826 -5.3672816e-21)
(0.0018383278 -0.00035995504 2.1644044e-20)
(-0.00066468275 6.8979273e-05 -2.9674985e-21)
(-0.0042999527 0.00032322122 4.2431645e-21)
(-0.009150747 0.0002098545 -2.6327519e-21)
(-0.015612194 -0.00051468799 4.8777614e-21)
(-0.023505095 -0.0021797164 -1.4885527e-22)
(-0.032067011 -0.0049286236 5.3952194e-20)
(-0.040842184 -0.0088175894 -2.0548329e-20)
(-0.049226255 -0.013774345 1.8342757e-20)
(-0.056753655 -0.019636667 -1.1676895e-19)
(-0.063010574 -0.02614951 -1.8707535e-20)
(-0.067758292 -0.033035554 1.6365952e-19)
(-0.070826433 -0.039983164 -1.3959579e-19)
(-0.072197191 -0.046707888 -2.6784095e-21)
(-0.071884625 -0.0529138 4.322857e-20)
(-0.07004596 -0.05838658 -4.0303706e-20)
(-0.066780494 -0.062862915 -8.2664747e-21)
(-0.062327847 -0.06620088 -5.8018641e-21)
(-0.056939455 -0.068298796 -1.2284394e-20)
(-0.050793897 -0.068993803 2.0817653e-21)
(-0.044181229 -0.068281656 3.6929907e-22)
(-0.037336922 -0.066130006 3.953826e-20)
(-0.030510389 -0.062571437 -6.6189881e-20)
(-0.023935288 -0.057668412 -7.3886896e-20)
(-0.017829565 -0.051518633 -3.0798463e-20)
(-0.012390464 -0.044251991 -7.1838819e-20)
(-0.0077900598 -0.036026994 1.6222796e-20)
(-0.0041687728 -0.02702463 2.3815215e-20)
(-0.0016418832 -0.017467605 -3.7263728e-20)
(-0.00026893097 -0.00751659 -5.0044217e-21)
(-2.7387756e-05 -0.0023175784 -1.4546235e-21)
(-7.7660138e-05 -0.0019921693 -8.6191533e-23)
(-0.00011078912 -0.0016630088 -4.919086e-21)
(-0.0001265158 -0.0013356168 1.6390814e-20)
(-0.00012503753 -0.0010145408 -1.1493685e-20)
(-0.00010736964 -0.00070658692 -3.4883915e-20)
(-7.4732366e-05 -0.00041554046 6.5650652e-21)
(-2.8978365e-05 -0.00014593136 2.5836709e-20)
(2.7726517e-05 9.867311e-05 -2.4196013e-20)
(9.2716256e-05 0.00031587282 5.3919489e-20)
(0.00016404377 0.00050402647 9.7563819e-22)
(0.00023908912 0.00066284139 -3.313101e-20)
(0.00031573481 0.00079313892 -5.3776465e-20)
(0.00039237534 0.00089690502 4.3498717e-20)
(0.0004680575 0.00097717657 -4.5638252e-20)
(0.00054269576 0.0010380627 -7.3234911e-20)
(0.00061722707 0.0010844344 4.78723e-20)
(0.0006938668 0.0011220101 -7.664726e-20)
(0.00077620971 0.0011568618 -1.0120174e-19)
(0.0008695489 0.0011956028 6.5585438e-20)
(0.00098074854 0.0012446504 8.3548983e-20)
(0.0011184865 0.0013101835 7.4806254e-20)
(0.0012923069 0.0013966818 6.1455951e-20)
(0.0015119184 0.001506288 1.451855e-20)
(0.0017848602 0.0016369313 2.4717452e-20)
(0.0021114178 0.0017790501 -5.2913126e-21)
(0.0024861684 0.0019194224 4.7822944e-20)
(0.0028916248 0.0020383921 -1.2790155e-20)
(0.0033034283 0.002116634 -1.005204e-20)
(0.0036991155 0.0021418962 6.927559e-20)
(0.0040560157 0.0021068272 -9.044468e-20)
(0.0043454982 0.0020060589 -2.7230294e-21)
(0.0045151692 0.0018304471 4.4959169e-20)
(0.0044690321 0.0015663731 2.3446817e-20)
(0.0040748489 0.0012094601 -7.4616126e-20)
(0.0031550258 0.0007718064 4.7268683e-21)
(0.0015194798 0.00030041134 1.3923943e-20)
(-0.001059583 -0.00012170258 2.6230653e-21)
(-0.0047810411 -0.00036170231 -3.7591239e-21)
(-0.0097070344 -0.00022498983 2.3378968e-21)
(-0.016229661 0.00053359041 -4.3409088e-21)
(-0.024136099 0.00223701 3.4986796e-20)
(-0.032652037 0.0050173004 -4.8100728e-20)
(-0.041320098 0.008919453 1.8300102e-20)
(-0.049519007 0.013855172 -1.6292285e-20)
(-0.056814856 0.019656718 1.0325661e-19)
(-0.062805587 0.026062627 1.643152e-20)
(-0.067268514 0.032794858 -1.4241034e-19)
(-0.070049796 0.03954272 1.1988902e-19)
(-0.071154264 0.046031013 2.2589341e-21)
(-0.070582171 0.051952742 -3.5494685e-20)
(-0.068550384 0.057137509 3.1795746e-20)
(-0.065090582 0.061268963 -4.8904122e-20)
(-0.060490371 0.064246159 3.6796255e-21)
(-0.055042645 0.0660199 -6.2420427e-21)
(-0.048847387 0.066345359 4.5209094e-21)
(-0.042246518 0.065286264 -7.063223e-22)
(-0.03545754 0.062794692 -5.4117326e-20)
(-0.028731662 0.058915179 8.0619312e-20)
(-0.022299693 0.053716601 8.4686524e-20)
(-0.016375202 0.047300892 3.3980733e-20)
(-0.01115164 0.039804934 7.7169249e-20)
(-0.0067952305 0.031389425 -1.7074216e-20)
(-0.0034407509 0.022242237 4.8885402e-20)
(-0.0011967712 0.012571213 3.8011548e-20)
(-0.00012408292 0.0026032246 5.0401989e-21)
)
;
    }
    frontAndBack
    {
        type            empty;
    }
}


// ************************************************************************* //
