/*--------------------------------*- C++ -*----------------------------------*\
  =========                 |
  \\      /  F ield         | OpenFOAM: The Open Source CFD Toolbox
   \\    /   O peration     | Website:  https://openfoam.org
    \\  /    A nd           | Version:  13
     \\/     M anipulation  |
\*---------------------------------------------------------------------------*/
FoamFile
{
    format      ascii;
    class       volVectorField;
    location    "23.202689";
    object      wallShearStress;
}
// * * * * * * * * * * * * * * * * * * * * * * * * * * * * * * * * * * * * * //

dimensions      [0 2 -2 0 0 0 0];

internalField   uniform (0 0 0);

boundaryField
{
    inlet
    {
        type            calculated;
        value           uniform (0 0 0);
    }
    outlet
    {
        type            calculated;
        value           uniform (0 0 0);
    }
    cylinder
    {
        type            calculated;
        value           nonuniform List<vector> 
132
(
(-4.6854598e-06 0.00079052894 -2.3807605e-22)
(-5.9772973e-06 0.00029707265 6.7700657e-23)
(1.9709952e-05 -0.00019671199 3.7338173e-21)
(7.1912556e-05 -0.00068156089 -1.2511609e-20)
(0.00015074886 -0.0011470731 8.8195115e-21)
(0.00025329865 -0.0015826571 2.6915095e-20)
(0.00037608208 -0.0019781231 -5.094301e-21)
(0.00051444949 -0.0023238192 -2.0165646e-20)
(0.00066269372 -0.0026112058 1.8996443e-20)
(0.00081416742 -0.0028333232 -4.258023e-20)
(0.00096190615 -0.0029852514 -7.7482291e-22)
(0.0010986429 -0.0030645144 2.645878e-20)
(0.0012174533 -0.0030716019 4.3169983e-20)
(0.00131225 -0.003010062 -3.5087634e-20)
(0.0013783707 -0.0028866248 3.6974215e-20)
(0.0014132292 -0.0027112588 5.9561072e-20)
(0.0014160403 -0.0024953611 -3.9064003e-20)
(0.0013895837 -0.0022539017 6.2718875e-20)
(0.0013389949 -0.0020020337 8.2999555e-20)
(0.0012722028 -0.0017551049 -5.3883359e-20)
(0.0011999202 -0.0015280437 -6.8730549e-20)
(0.0011349236 -0.0013339222 2.4191045e-23)
(0.0010930918 -0.0011849538 9.9833476e-21)
(0.0010931293 -0.0010916005 -1.1959095e-20)
(0.0011557732 -0.0010614172 -2.0353447e-20)
(0.0013012429 -0.0010967796 4.3543034e-21)
(0.0015399053 -0.0011883641 -3.9321529e-20)
(0.0018659866 -0.0013143032 1.0506558e-20)
(0.0022508448 -0.0014409083 8.2496871e-21)
(0.0026506559 -0.0015336075 -5.6803444e-20)
(0.0030248634 -0.0015701557 7.4083594e-20)
(0.0033584191 -0.0015492143 2.2401178e-21)
(0.0036489066 -0.0014775938 1.6127644e-20)
(0.0038659344 -0.0013523811 -1.9081001e-20)
(0.0039354849 -0.0011638832 6.0524473e-20)
(0.003727118 -0.00090404787 -3.8209181e-21)
(0.0030791958 -0.00058623304 1.5384798e-20)
(0.0017867461 -0.00025219088 -2.1089385e-21)
(-0.00035456909 1.05511e-05 3.0218508e-21)
(-0.0035786984 7.032083e-05 -1.8832601e-21)
(-0.0082296082 -0.00027969864 3.5166405e-21)
(-0.014312984 -0.0013351292 -1.0856185e-22)
(-0.021345216 -0.0032886387 3.9868811e-20)
(-0.028899455 -0.0062470544 -1.5393591e-20)
(-0.036421703 -0.010198335 1.3918271e-20)
(-0.043418749 -0.015029273 -8.9567655e-20)
(-0.049446024 -0.020527713 -1.4465878e-20)
(-0.054220558 -0.02644202 1.2710772e-19)
(-0.057537623 -0.032487332 -1.0840436e-19)
(-0.059345373 -0.038398661 -2.0675257e-21)
(-0.059631819 -0.043899103 3.2886143e-20)
(-0.058530417 -0.048791739 -2.9813174e-20)
(-0.056122758 -0.052833602 -5.7840556e-21)
(-0.052605205 -0.055876641 -3.5856213e-21)
(-0.04821469 -0.057835503 -4.8366137e-21)
(-0.043116252 -0.058566701 -3.747156e-21)
(-0.037562939 -0.058054085 6.4287358e-22)
(-0.031769567 -0.056269581 5.0405007e-20)
(-0.025959729 -0.053238384 -7.6050371e-20)
(-0.020344112 -0.049014607 -8.0632498e-20)
(-0.01511913 -0.043684027 -3.2607741e-20)
(-0.010462611 -0.037361792 -7.4579095e-20)
(-0.0065293926 -0.030187782 1.6614458e-20)
(-0.0034464805 -0.022324588 2.4150766e-20)
(-0.0013166362 -0.0139637 -3.7512373e-20)
(-0.00019662459 -0.0052680187 -5.0096153e-21)
(2.3600093e-05 0.0012782052 -1.096232e-21)
(7.7709396e-05 0.0017596908 -6.5352083e-23)
(0.00015928529 0.0022299024 -3.7538814e-21)
(0.00026667539 0.0026785108 1.2592756e-20)
(0.0003977354 0.0030951846 -8.8920245e-21)
(0.00054911668 0.0034695269 -2.7179939e-20)
(0.00071628154 0.0037916287 5.1518978e-21)
(0.00089345822 0.004052447 2.0419557e-20)
(0.0010740653 0.0042443318 -1.9256028e-20)
(0.0012507635 0.0043614116 4.3197437e-20)
(0.001415787 0.0044002124 7.8650614e-22)
(0.0015614461 0.0043601317 -2.686589e-20)
(0.0016805285 0.0042434185 -4.3836611e-20)
(0.0017673667 0.0040566375 3.5622297e-20)
(0.0018170464 0.0038073085 -3.7521805e-20)
(0.0018281399 0.0035087694 -6.0404499e-20)
(0.0018014251 0.0031756443 3.9585234e-20)
(0.0017407139 0.0028243264 -6.3495486e-20)
(0.0016536039 0.0024731259 -8.393951e-20)
(0.0015494455 0.002138149 5.4434353e-20)
(0.0014411825 0.0018357521 6.935723e-20)
(0.0013435491 0.0015795411 6.2085886e-20)
(0.0012741569 0.001381611 5.0977658e-20)
(0.0012533034 0.0012518991 1.2032941e-20)
(0.0013031395 0.0011970644 2.0463974e-20)
(0.0014453967 0.0012185374 -4.3754584e-21)
(0.001691267 0.0013053625 3.9498476e-20)
(0.0020336545 0.001432533 -1.0552511e-20)
(0.0024407204 0.0015625641 -8.2871589e-21)
(0.0028632719 0.00165671 5.7085186e-20)
(0.0032575582 0.0016910492 -7.4500667e-20)
(0.0036010895 0.0016613357 -2.2416685e-21)
(0.0038841547 0.001573162 3.6976371e-20)
(0.0040648454 0.0014224651 1.9259822e-20)
(0.0040557014 0.0012001931 -6.1210412e-20)
(0.003715357 0.00090236652 3.8734832e-21)
(0.0028693117 0.0005483283 1.1405836e-20)
(0.0013006686 0.00018869175 2.1504667e-21)
(-0.0011891019 -7.4876456e-05 -3.0906344e-21)
(-0.0048118281 -0.00010030646 1.9314109e-21)
(-0.0099185842 0.00033422243 -3.6137977e-21)
(-0.016431822 0.0015297817 2.9437041e-20)
(-0.02379008 0.0036623635 -4.0956453e-20)
(-0.031545753 0.0068160762 1.5775778e-20)
(-0.039108723 0.010947867 -1.4212696e-20)
(-0.04602012 0.015927166 9.105917e-20)
(-0.0518575 0.021525483 1.4628525e-20)
(-0.056366264 0.027485187 -1.2777731e-19)
(-0.059375645 0.033522024 1.0822849e-19)
(-0.060857144 0.039373866 2.0475617e-21)
(-0.060815072 0.044767333 -3.2234271e-20)
(-0.059406727 0.049519498 2.88112e-20)
(-0.056705262 0.053379169 -4.3977287e-20)
(-0.052928607 0.056217506 3.210329e-21)
(-0.04832723 0.057967767 -4.513718e-21)
(-0.043044968 0.058466953 5.2307586e-21)
(-0.03735014 0.057722066 -7.2536317e-22)
(-0.031453854 0.055706879 -5.4231618e-20)
(-0.025578761 0.052452998 8.0058817e-20)
(-0.01993379 0.048021025 8.3774848e-20)
(-0.014711956 0.042501084 3.3568999e-20)
(-0.010087669 0.036013795 7.6237757e-20)
(-0.0062111301 0.028702139 -1.6885514e-20)
(-0.0032045041 0.020733323 4.8433443e-20)
(-0.0011651096 0.012295222 3.7756988e-20)
(-0.00014672401 0.0035757641 5.0232936e-21)
)
;
    }
    frontAndBack
    {
        type            empty;
    }
}


// ************************************************************************* //
