/*--------------------------------*- C++ -*----------------------------------*\
  =========                 |
  \\      /  F ield         | OpenFOAM: The Open Source CFD Toolbox
   \\    /   O peration     | Website:  https://openfoam.org
    \\  /    A nd           | Version:  13
     \\/     M anipulation  |
\*---------------------------------------------------------------------------*/
FoamFile
{
    format      ascii;
    class       volVectorField;
    location    "47.499246";
    object      wallShearStress;
}
// * * * * * * * * * * * * * * * * * * * * * * * * * * * * * * * * * * * * * //

dimensions      [0 2 -2 0 0 0 0];

internalField   uniform (0 0 0);

boundaryField
{
    inlet
    {
        type            calculated;
        value           uniform (0 0 0);
    }
    outlet
    {
        type            calculated;
        value           uniform (0 0 0);
    }
    cylinder
    {
        type            calculated;
        value           nonuniform List<vector> 
132
(
(-2.1612411e-05 0.0018695008 -3.1014829e-22)
(-6.0032441e-05 0.0015596788 8.8512708e-23)
(-8.0747272e-05 0.0012291472 4.8955933e-21)
(-8.1851901e-05 0.00088098797 -1.6451709e-20)
(-6.2050738e-05 0.00052219461 1.1628031e-20)
(-2.0468728e-05 0.00015851371 3.5573855e-20)
(4.2458766e-05 -0.00020307164 -6.7486857e-21)
(0.00012605499 -0.00055532986 -2.6772244e-20)
(0.00022876522 -0.00089041828 2.5271585e-20)
(0.00034761614 -0.0012008555 -5.6757374e-20)
(0.00047912559 -0.0014795319 -1.0347623e-21)
(0.00061902847 -0.0017202545 3.5404399e-20)
(0.00076253676 -0.001918104 5.7877591e-20)
(0.000904644 -0.0020698177 -4.713438e-20)
(0.0010404917 -0.0021741101 4.9768118e-20)
(0.0011657971 -0.002231901 8.0332781e-20)
(0.0012773165 -0.0022464333 -5.2793909e-20)
(0.0013733878 -0.0022233403 8.4931814e-20)
(0.0014543094 -0.0021703358 1.1261149e-19)
(0.0015229172 -0.0020970895 -7.3240264e-20)
(0.0015848778 -0.0020146898 -9.3578868e-20)
(0.0016487199 -0.0019347147 3.2995917e-23)
(0.0017258096 -0.001868519 1.3632261e-20)
(0.0018293361 -0.0018255474 -1.635055e-20)
(0.0019733862 -0.0018123786 -2.785907e-20)
(0.0021687705 -0.0018293203 5.96626e-21)
(0.0024223991 -0.0018714929 -5.3928287e-20)
(0.0027303199 -0.0019253766 1.4421066e-20)
(0.0030783217 -0.0019725944 1.1330884e-20)
(0.0034460125 -0.0019952233 -7.8064117e-20)
(0.0038000822 -0.0019736431 1.0187804e-19)
(0.004100681 -0.001892766 3.0833397e-21)
(0.0042940165 -0.0017404891 2.222397e-20)
(0.0042903828 -0.0015033795 -2.6327447e-20)
(0.0039678778 -0.0011771521 8.3599972e-20)
(0.0031613688 -0.00077236813 -5.2804803e-21)
(0.0016868401 -0.00033064988 2.1250931e-20)
(-0.00068003658 7.2080792e-05 -2.9069389e-21)
(-0.0041420537 0.00031150478 4.1463323e-21)
(-0.0087907799 0.00020158578 -2.5661154e-21)
(-0.01501704 -0.00049527661 4.7418597e-21)
(-0.022668193 -0.0021024466 -1.4434691e-22)
(-0.031011355 -0.0047668006 5.2200253e-20)
(-0.039596027 -0.0085490772 -1.9841685e-20)
(-0.047839101 -0.013386858 1.7679899e-20)
(-0.055266607 -0.019122809 -1.1234052e-19)
(-0.061463591 -0.02550814 -1.7962554e-20)
(-0.066188343 -0.032270698 1.5676824e-19)
(-0.069260783 -0.03909982 -1.3331529e-19)
(-0.070662806 -0.045715625 -2.5475654e-21)
(-0.070396204 -0.051818477 4.0877626e-20)
(-0.068626079 -0.05720323 -3.7784305e-20)
(-0.065432504 -0.061593947 -7.6345756e-21)
(-0.061061117 -0.064855301 -5.2085222e-21)
(-0.0557698 -0.066895443 -1.0177602e-20)
(-0.049719223 -0.067533422 3.4153441e-22)
(-0.043207833 -0.066776331 4.5561239e-22)
(-0.036466805 -0.064587491 4.3168213e-20)
(-0.02974512 -0.061000018 -6.9684637e-20)
(-0.023275644 -0.056076239 -7.6431629e-20)
(-0.017275321 -0.049912915 -3.1527892e-20)
(-0.011941047 -0.042640372 -7.3025417e-20)
(-0.0074439481 -0.034415301 1.6406259e-20)
(-0.0039242995 -0.02542024 2.3986748e-20)
(-0.0014964212 -0.015869461 -3.7405682e-20)
(-0.0002223397 -0.005946881 -5.0083885e-21)
(3.2887981e-05 0.0021570593 -1.4229514e-21)
(0.00010239771 0.0024230911 -8.4498846e-23)
(0.00018668159 0.002665013 -4.8333295e-21)
(0.0002834335 0.0028778063 1.6140565e-20)
(0.00039019774 0.0030572373 -1.1342347e-20)
(0.00050406084 0.003199617 -3.4493878e-20)
(0.00062175938 0.0033022375 6.5036638e-21)
(0.00073977506 0.0033633178 2.563705e-20)
(0.00085448535 0.0033823838 -2.4042607e-20)
(0.00096241646 0.0033600715 5.363736e-20)
(0.0010603877 0.0032984759 9.7134673e-22)
(0.0011456827 0.0032009316 -3.3002438e-20)
(0.0012163778 0.0030722836 -5.3579692e-20)
(0.0012714296 0.002918405 4.3336304e-20)
(0.0013109293 0.0027462275 -4.5451999e-20)
(0.0013363377 0.0025636442 -7.289274e-20)
(0.0013504335 0.0023788551 4.7610528e-20)
(0.0013576864 0.0022006045 -7.6154728e-20)
(0.0013641046 0.0020374355 -1.0044353e-19)
(0.0013777446 0.0018980761 6.5019937e-20)
(0.0014085064 0.0017906475 8.2734133e-20)
(0.0014687677 0.0017230662 7.3994349e-20)
(0.0015724345 0.0017014321 6.0727491e-20)
(0.0017345195 0.0017294901 1.4333817e-20)
(0.0019676821 0.0018054963 2.4386353e-20)
(0.0022772577 0.001919213 -5.2181609e-21)
(0.0026602059 0.0020538688 4.7155937e-20)
(0.0030960939 0.0021824151 -1.261419e-20)
(0.0035502309 0.0022746344 -9.9191973e-21)
(0.0039849173 0.0023073414 6.8418982e-20)
(0.0043675267 0.0022686965 -8.9420739e-20)
(0.0046683653 0.0021552117 -2.6953941e-21)
(0.0048379888 0.0019614006 4.4563294e-20)
(0.0047813456 0.0016758439 2.3277186e-20)
(0.0043653803 0.0012955572 -7.4213662e-20)
(0.0034093537 0.00083360579 4.711602e-21)
(0.0017193997 0.00033848338 1.3913643e-20)
(-0.00093587862 -0.00010444163 2.6284459e-21)
(-0.0047536898 -0.00035887671 -3.7781615e-21)
(-0.0097954563 -0.0002263701 2.357071e-21)
(-0.016453853 0.00054119901 -4.3907005e-21)
(-0.024502978 0.0022710814 3.5501152e-20)
(-0.033152889 0.0050942465 -4.895122e-20)
(-0.04194228 0.0090536668 1.8674052e-20)
(-0.050239146 0.014056406 -1.666761e-20)
(-0.057614238 0.019933022 1.0590296e-19)
(-0.063664031 0.026418734 1.6897971e-20)
(-0.068166654 0.033232632 -1.4689997e-19)
(-0.070973015 0.040063829 1.2413189e-19)
(-0.072085215 0.046633287 2.350258e-21)
(-0.071513419 0.052638302 -3.7188005e-20)
(-0.06946257 0.057898003 3.3662028e-20)
(-0.065984503 0.062110812 -5.2792457e-20)
(-0.06135667 0.065166679 4.1442466e-21)
(-0.055863332 0.067004904 -8.5878239e-21)
(-0.04962516 0.06740267 3.0813555e-21)
(-0.042971968 0.066408576 -6.3287585e-22)
(-0.036125743 0.063979743 -5.0939179e-20)
(-0.029337361 0.060159486 7.7467786e-20)
(-0.02283794 0.055016404 8.2317747e-20)
(-0.016841505 0.048652604 3.3277722e-20)
(-0.011541688 0.041204614 7.5978008e-20)
(-0.0071049817 0.032833032 -1.688054e-20)
(-0.0036665157 0.02372545 4.8497837e-20)
(-0.0013350785 0.014093262 3.7825087e-20)
(-0.00016914975 0.0041429731 5.0296581e-21)
)
;
    }
    frontAndBack
    {
        type            empty;
    }
}


// ************************************************************************* //
