/*--------------------------------*- C++ -*----------------------------------*\
  =========                 |
  \\      /  F ield         | OpenFOAM: The Open Source CFD Toolbox
   \\    /   O peration     | Website:  https://openfoam.org
    \\  /    A nd           | Version:  13
     \\/     M anipulation  |
\*---------------------------------------------------------------------------*/
FoamFile
{
    format      ascii;
    class       volVectorField;
    location    "37.002228";
    object      wallShearStress;
}
// * * * * * * * * * * * * * * * * * * * * * * * * * * * * * * * * * * * * * //

dimensions      [0 2 -2 0 0 0 0];

internalField   uniform (0 0 0);

boundaryField
{
    inlet
    {
        type            calculated;
        value           uniform (0 0 0);
    }
    outlet
    {
        type            calculated;
        value           uniform (0 0 0);
    }
    cylinder
    {
        type            calculated;
        value           nonuniform List<vector> 
132
(
(1.9200389e-06 9.6256262e-05 -2.6545473e-22)
(1.0516699e-05 -0.00017677884 7.5685996e-23)
(3.4600396e-05 -0.00045490857 4.1821061e-21)
(7.4855831e-05 -0.00073380168 -1.4039951e-20)
(0.00013121032 -0.0010086041 9.9130235e-21)
(0.00020314337 -0.0012741756 3.0293815e-20)
(0.00028953123 -0.0015251655 -5.740275e-21)
(0.00038862132 -0.0017562126 -2.2743288e-20)
(0.00049796339 -0.0019621674 2.1439945e-20)
(0.00061464279 -0.0021382631 -4.8083784e-20)
(0.00073519626 -0.0022803965 -8.7534534e-22)
(0.00085576713 -0.0023853558 2.9902224e-20)
(0.00097232269 -0.0024511283 4.8803765e-20)
(0.0010808515 -0.0024770094 -3.9679055e-20)
(0.0011777229 -0.0024639722 4.1826418e-20)
(0.001259867 -0.0024144549 6.740237e-20)
(0.001325371 -0.0023329285 -4.4224928e-20)
(0.0013733307 -0.0022248904 7.1037547e-20)
(0.0014047119 -0.002097716 9.4052655e-20)
(0.0014222837 -0.0019597507 -6.1089378e-20)
(0.0014309245 -0.0018201008 -7.7959469e-20)
(0.0014382312 -0.0016887391 2.7461104e-23)
(0.0014538945 -0.0015750411 1.1333967e-20)
(0.0014906286 -0.001488322 -1.3582367e-20)
(0.0015628215 -0.001435881 -2.3124046e-20)
(0.0016855436 -0.0014220139 4.9483682e-21)
(0.0018715992 -0.0014459102 -4.4692464e-20)
(0.0021280048 -0.0015002569 1.1941249e-20)
(0.0024471267 -0.001567509 9.3745165e-21)
(0.0028099546 -0.0016261734 -6.452775e-20)
(0.0031889838 -0.0016553716 8.4132379e-20)
(0.0035476385 -0.0016364568 2.5436142e-21)
(0.003853662 -0.0015606002 1.8311684e-20)
(0.0040569307 -0.0014195114 -2.1664732e-20)
(0.0040709724 -0.0012045126 6.8712632e-20)
(0.0037603086 -0.00091298445 -4.3367345e-21)
(0.0029555504 -0.00056424622 1.7453293e-20)
(0.0014400319 -0.00020711635 -2.3905437e-21)
(-0.00098907846 5.8676774e-05 3.4208334e-21)
(-0.0045532828 9.3755675e-05 -2.127966e-21)
(-0.0096060914 -0.00032454138 3.9629202e-21)
(-0.016091796 -0.0014988494 -1.2188537e-22)
(-0.023463335 -0.0036128214 4.4584257e-20)
(-0.031275167 -0.0067584215 -1.7142546e-20)
(-0.038941709 -0.010901848 1.543894e-20)
(-0.045987662 -0.015916688 -9.9039231e-20)
(-0.05198121 -0.021577902 -1.5959029e-20)
(-0.056656366 -0.027627752 1.4010762e-19)
(-0.059830995 -0.033780253 -1.1959462e-19)
(-0.061466453 -0.039769289 -2.2885046e-21)
(-0.061565976 -0.045321371 3.6657343e-20)
(-0.060269786 -0.050240277 -3.3670907e-20)
(-0.057667804 -0.054286876 -6.7057179e-21)
(-0.053962217 -0.057316992 -4.4171233e-21)
(-0.049390809 -0.059245414 -7.6706807e-21)
(-0.044121188 -0.059931024 -1.4901138e-21)
(-0.03840843 -0.059360248 5.3451306e-22)
(-0.032468049 -0.057506349 4.597189e-20)
(-0.026524404 -0.054396269 -7.1867572e-20)
(-0.020788548 -0.050085497 -7.7616467e-20)
(-0.01545713 -0.044661126 -3.1738054e-20)
(-0.010708056 -0.038239396 -7.3118937e-20)
(-0.0066962628 -0.030961558 1.637117e-20)
(-0.0035486788 -0.02299086 2.3883362e-20)
(-0.0013680642 -0.014521641 -3.7195317e-20)
(-0.00021033376 -0.0057124794 -4.9770277e-21)
(8.0696803e-06 0.00036288141 -1.2190514e-21)
(2.8524842e-05 0.00062371504 -7.2459971e-23)
(6.3359078e-05 0.00087697349 -4.1489125e-21)
(0.00011188645 0.0011183308 1.3869797e-20)
(0.00017307029 0.0013435232 -9.7576694e-21)
(0.00024541452 0.0015484422 -2.9710494e-20)
(0.00032698138 0.0017293103 5.6090224e-21)
(0.00041543075 0.0018828125 2.2140939e-20)
(0.00050809875 0.0020062734 -2.0794414e-20)
(0.00060206519 0.0020977921 4.6462923e-20)
(0.00069435714 0.0021564142 8.4276724e-22)
(0.00078207221 0.002182148 -2.8683307e-20)
(0.00086255432 0.0021762129 -4.6648498e-20)
(0.00093351947 0.0021408089 3.7796842e-20)
(0.00099340292 0.0020794689 -3.971179e-20)
(0.0010413406 0.0019964943 -6.3797151e-20)
(0.0010776147 0.0018973823 4.1738969e-20)
(0.0011036273 0.0017882479 -6.6867984e-20)
(0.0011222158 0.0016758951 -8.832231e-20)
(0.0011377867 0.0015675422 5.7247644e-20)
(0.0011563094 0.0014703571 7.292521e-20)
(0.0011857625 0.0013916318 6.5280524e-20)
(0.0012361312 0.0013382684 5.3610897e-20)
(0.0013194557 0.0013164009 1.2658726e-20)
(0.0014489555 0.0013301851 2.1537198e-20)
(0.001636969 0.0013800135 -4.606983e-21)
(0.0018907146 0.00145985 4.1603479e-20)
(0.0022094793 0.0015571441 -1.111696e-20)
(0.0025794649 0.0016520343 -8.7298427e-21)
(0.0029712887 0.0017195798 6.0118179e-20)
(0.0033568258 0.0017426765 -7.8425551e-20)
(0.0037108023 0.0017119453 -2.35889e-21)
(0.0040015346 0.0016207535 3.8898854e-20)
(0.0041742457 0.0014609119 2.0256432e-20)
(0.0041340091 0.0012236806 -6.4366243e-20)
(0.0037325309 0.00090706841 4.0724117e-21)
(0.0027918803 0.00053453996 1.1989144e-20)
(0.0010867036 0.00016088356 2.2598187e-21)
(-0.001580091 -0.00010704667 -3.2463984e-21)
(-0.0054082944 -0.00011478418 2.0274635e-21)
(-0.010757822 0.00036108434 -3.7897686e-21)
(-0.017511454 0.0016291315 3.0824937e-20)
(-0.025069428 0.0038581396 -4.2813099e-20)
(-0.032970262 0.0071226588 1.6458669e-20)
(-0.040607006 0.011366233 -1.479891e-20)
(-0.047541789 0.016452798 9.4647603e-20)
(-0.053348547 0.022143061 1.5180286e-20)
(-0.057785282 0.028175858 -1.3244662e-19)
(-0.060697123 0.034266896 1.1210566e-19)
(-0.06206132 0.040151836 2.1210643e-21)
(-0.061892816 0.045559641 -3.3428907e-20)
(-0.060355042 0.05030901 2.9969417e-20)
(-0.057521939 0.054147008 -4.6063356e-20)
(-0.053619534 0.056950526 3.4287602e-21)
(-0.04890251 0.058656987 -5.4620324e-21)
(-0.043509179 0.059096654 4.7311023e-21)
(-0.037713777 0.058283209 -7.0355096e-22)
(-0.031727316 0.056190312 -5.3423923e-20)
(-0.025773235 0.052850805 7.9363188e-20)
(-0.020061158 0.048326683 8.3304121e-20)
(-0.014784385 0.042708826 3.3433344e-20)
(-0.010117733 0.036119022 7.5985224e-20)
(-0.0062116326 0.028701126 -1.6832354e-20)
(-0.0031883991 0.020623304 4.8268133e-20)
(-0.0011455883 0.012073514 3.7603935e-20)
(-0.0001375596 0.0032448021 4.9978629e-21)
)
;
    }
    frontAndBack
    {
        type            empty;
    }
}


// ************************************************************************* //
