/*--------------------------------*- C++ -*----------------------------------*\
  =========                 |
  \\      /  F ield         | OpenFOAM: The Open Source CFD Toolbox
   \\    /   O peration     | Website:  https://openfoam.org
    \\  /    A nd           | Version:  13
     \\/     M anipulation  |
\*---------------------------------------------------------------------------*/
FoamFile
{
    format      ascii;
    class       volVectorField;
    location    "26.600438";
    object      wallShearStress;
}
// * * * * * * * * * * * * * * * * * * * * * * * * * * * * * * * * * * * * * //

dimensions      [0 2 -2 0 0 0 0];

internalField   uniform (0 0 0);

boundaryField
{
    inlet
    {
        type            calculated;
        value           uniform (0 0 0);
    }
    outlet
    {
        type            calculated;
        value           uniform (0 0 0);
    }
    cylinder
    {
        type            calculated;
        value           nonuniform List<vector> 
132
(
(2.4064323e-05 -0.0014100166 -2.4364945e-22)
(7.7726268e-05 -0.0017883788 6.9437433e-23)
(0.00015322347 -0.0021581569 3.8355075e-21)
(0.00024939829 -0.0025121727 -1.2872324e-20)
(0.00036480795 -0.0028431711 9.0861072e-21)
(0.00049716889 -0.003143803 2.775958e-20)
(0.00064335497 -0.0034069799 -5.258657e-21)
(0.00079937697 -0.0036261713 -2.0828826e-20)
(0.00096057964 -0.0037956776 1.9628111e-20)
(0.0011217988 -0.0039110155 -4.4000843e-20)
(0.0012774326 -0.0039691194 -8.005939e-22)
(0.0014218552 -0.0039689269 2.7330142e-20)
(0.0015496128 -0.0039111757 4.4570955e-20)
(0.0016560585 -0.0037992588 -3.6204631e-20)
(0.0017373878 -0.0036383273 3.8124965e-20)
(0.001791326 -0.0034359234 6.1368052e-20)
(0.0018174706 -0.003201661 -4.0217275e-20)
(0.0018177291 -0.0029469879 6.4518742e-20)
(0.0017964861 -0.0026845507 8.5313403e-20)
(0.0017603582 -0.002427015 -5.5343597e-20)
(0.0017190427 -0.0021876712 -7.0542834e-20)
(0.0016850432 -0.0019792787 2.4822447e-23)
(0.0016739111 -0.0018137645 1.0234631e-20)
(0.0017039745 -0.0017013551 -1.2255352e-20)
(0.001794551 -0.0016484963 -2.0853326e-20)
(0.0019634178 -0.0016559572 4.4613359e-21)
(0.002220551 -0.0017149974 -4.0298896e-20)
(0.0025623583 -0.0018061455 1.077339e-20)
(0.0029668149 -0.0019003764 8.4664993e-21)
(0.003390079 -0.0019622651 -5.8367641e-20)
(0.0037910164 -0.0019685199 7.624473e-20)
(0.0041340453 -0.0019077849 2.3104503e-21)
(0.0043817861 -0.0017754757 1.6678498e-20)
(0.0044773655 -0.0015678251 -1.9795921e-20)
(0.0043218339 -0.0012802486 6.3021393e-20)
(0.0037665315 -0.00091654606 -3.9943261e-21)
(0.002639563 -0.00050726689 1.6147591e-20)
(0.00072556078 -0.00011364356 -2.221713e-21)
(-0.0021587399 0.00015374705 3.1924586e-21)
(-0.0061932862 0.00013441304 -1.9929259e-21)
(-0.011738585 -0.00039195343 3.7215488e-21)
(-0.018713833 -0.0017396296 -1.1467206e-22)
(-0.026523788 -0.0040809573 4.197316e-20)
(-0.034733733 -0.0075030871 -1.6140692e-20)
(-0.042754945 -0.011967294 1.4533536e-20)
(-0.050136979 -0.017350959 -9.319136e-20)
(-0.056432039 -0.023424012 -1.5004757e-20)
(-0.061360803 -0.029920841 1.3157565e-19)
(-0.064728465 -0.036544776 -1.1209258e-19)
(-0.066474084 -0.043009047 -2.1382535e-21)
(-0.066597111 -0.049025052 3.4073461e-20)
(-0.065220321 -0.054367176 -3.1015033e-20)
(-0.062443548 -0.058783089 -6.0746625e-21)
(-0.058482139 -0.06211849 -3.8516319e-21)
(-0.05357143 -0.06426083 -5.7639185e-21)
(-0.047897415 -0.065061158 -2.9874254e-21)
(-0.041733273 -0.064499697 6.0528028e-22)
(-0.035312108 -0.062544707 4.8814936e-20)
(-0.02887772 -0.059223715 -7.4504541e-20)
(-0.022659718 -0.05459524 -7.9491893e-20)
(-0.016872621 -0.048753015 -3.2275631e-20)
(-0.011710659 -0.041822603 -7.4029917e-20)
(-0.007343359 -0.033957887 1.6528209e-20)
(-0.0039091699 -0.025335759 2.4069405e-20)
(-0.0015216691 -0.01617119 -3.7446432e-20)
(-0.00024064565 -0.0066276201 -5.0084883e-21)
(-9.0009659e-06 -0.0010262711 -1.1195211e-21)
(-2.1127781e-05 -0.00063679405 -6.6589742e-23)
(-1.1957731e-05 -0.00024426385 -3.8156883e-21)
(1.8823055e-05 0.00014422094 1.2767947e-20)
(7.0383909e-05 0.00052188488 -8.9927044e-21)
(0.00014234358 0.00088154849 -2.741657e-20)
(0.00023216636 0.0012160275 5.183541e-21)
(0.00033701857 0.0015186583 2.0494921e-20)
(0.00045333695 0.0017833658 -1.9283243e-20)
(0.00057693871 0.0020050246 4.3170505e-20)
(0.00070316117 0.0021797989 7.846508e-22)
(0.00082728121 0.0023053025 -2.6764757e-20)
(0.00094459457 0.0023809714 -4.3626458e-20)
(0.0010507712 0.0024080751 3.54292e-20)
(0.0011423305 0.0023900789 -3.7309315e-20)
(0.0012167902 0.0023321247 -6.007218e-20)
(0.0012733849 0.0022416431 3.9387087e-20)
(0.0013128376 0.0021270483 -6.323044e-20)
(0.0013383786 0.0019986959 -8.3678026e-20)
(0.0013555166 0.0018676197 5.4333518e-20)
(0.00137245 0.001745365 6.9323344e-20)
(0.0014003887 0.0016436879 6.2144831e-20)
(0.0014531167 0.0015733088 5.1100064e-20)
(0.0015465726 0.0015430646 1.2079475e-20)
(0.001696407 0.0015573962 2.0572949e-20)
(0.001914794 0.0016143 -4.4051347e-21)
(0.0022045666 0.0017023632 3.9821748e-20)
(0.0025549566 0.0018009777 -1.0652813e-20)
(0.0029415816 0.0018844732 -8.3759464e-21)
(0.0033303431 0.0019280073 5.7761731e-20)
(0.003689815 0.001916269 -7.5470877e-20)
(0.0039915529 0.0018422973 -2.2741724e-21)
(0.0041975634 0.0017011652 3.7580736e-20)
(0.0042367868 0.0014841295 1.9616288e-20)
(0.0039988897 0.0011855074 -6.2487318e-20)
(0.0033288106 0.00081166567 3.9630888e-21)
(0.0020514916 0.00039771219 1.1690982e-20)
(-4.905908e-05 1.0902594e-05 2.2065139e-21)
(-0.0031560939 -0.00023381067 -3.1701813e-21)
(-0.0074054799 -0.00016620681 1.9779414e-21)
(-0.01316193 0.00043618674 -3.6879822e-21)
(-0.02030698 0.0018851696 2.9883981e-20)
(-0.028189555 0.004334726 -4.1322845e-20)
(-0.036358421 0.0078515907 1.5814149e-20)
(-0.044248335 0.012383358 -1.4160086e-20)
(-0.051426537 0.017795341 9.0197291e-20)
(-0.057451073 0.023844328 1.4411829e-20)
(-0.06207698 0.030267432 -1.2524685e-19)
(-0.065124135 0.036765569 1.0553394e-19)
(-0.066560447 0.043062335 1.9852753e-21)
(-0.066378804 0.048861736 -3.1025639e-20)
(-0.064751382 0.05397367 2.7448012e-20)
(-0.061729302 0.058107655 -4.1097676e-20)
(-0.057564971 0.061141385 2.8682186e-21)
(-0.052527773 0.063005654 -2.7914695e-21)
(-0.046744622 0.06349146 6.2736237e-21)
(-0.040526316 0.062629944 -7.7780748e-22)
(-0.034092913 0.060379991 -5.6456784e-20)
(-0.027688951 0.056779178 8.2219372e-20)
(-0.02154133 0.05189215 8.5362719e-20)
(-0.015860441 0.045816751 3.4029427e-20)
(-0.010836792 0.038684794 7.7000203e-20)
(-0.0066344559 0.030652371 -1.7006789e-20)
(-0.0033866718 0.02190241 4.8671716e-20)
(-0.0012006306 0.012638695 3.7871196e-20)
(-0.00013596876 0.003077906 5.0301268e-21)
)
;
    }
    frontAndBack
    {
        type            empty;
    }
}


// ************************************************************************* //
