/*--------------------------------*- C++ -*----------------------------------*\
  =========                 |
  \\      /  F ield         | OpenFOAM: The Open Source CFD Toolbox
   \\    /   O peration     | Website:  https://openfoam.org
    \\  /    A nd           | Version:  13
     \\/     M anipulation  |
\*---------------------------------------------------------------------------*/
FoamFile
{
    format      ascii;
    class       volVectorField;
    location    "20.60081";
    object      wallShearStress;
}
// * * * * * * * * * * * * * * * * * * * * * * * * * * * * * * * * * * * * * //

dimensions      [0 2 -2 0 0 0 0];

internalField   uniform (0 0 0);

boundaryField
{
    inlet
    {
        type            calculated;
        value           uniform (0 0 0);
    }
    outlet
    {
        type            calculated;
        value           uniform (0 0 0);
    }
    cylinder
    {
        type            calculated;
        value           nonuniform List<vector> 
132
(
(2.9428056e-05 -0.0013643244 -2.2228091e-22)
(0.00010291764 -0.0022607198 6.3265819e-23)
(0.0002258953 -0.0031310223 3.4935638e-21)
(0.00039513602 -0.0039524882 -1.1726909e-20)
(0.00060533287 -0.0047020836 8.2839939e-21)
(0.00084851456 -0.0053571517 2.5340978e-20)
(0.0011141113 -0.0058964535 -4.8083098e-21)
(0.0013890237 -0.0063013648 -1.9080232e-20)
(0.0016585322 -0.0065569013 1.8014414e-20)
(0.0019067415 -0.0066531373 -4.0454696e-20)
(0.0021173524 -0.0065860608 -7.3715687e-22)
(0.0022750635 -0.0063590627 2.5190367e-20)
(0.0023667573 -0.0059830532 4.1100589e-20)
(0.0023837542 -0.0054787057 -3.337989e-20)
(0.0023216725 -0.0048721301 3.5121552e-20)
(0.0021833882 -0.004198062 5.6451771e-20)
(0.0019778237 -0.0034938601 -3.6922519e-20)
(0.001720006 -0.0027973495 5.9091776e-20)
(0.001430895 -0.0021459351 7.7931638e-20)
(0.0011325084 -0.0015678965 -5.0417141e-20)
(0.00084886089 -0.0010854927 -6.4090483e-20)
(0.00060118795 -0.00071004497 2.2504171e-23)
(0.00041228375 -0.00044923102 9.2520709e-21)
(0.00030705646 -0.00030746129 -1.1052999e-20)
(0.00032260865 -0.00029542101 -1.8764202e-20)
(0.00049653657 -0.00041603607 4.0055554e-21)
(0.00086474757 -0.00066364421 -3.6107843e-20)
(0.0014012682 -0.00098326764 9.6391601e-21)
(0.0020154718 -0.0012874564 7.5681555e-21)
(0.0025991738 -0.0015023463 -5.2143718e-20)
(0.0030577482 -0.001586901 6.8063261e-20)
(0.0033836652 -0.0015611209 2.0593002e-21)
(0.0036352267 -0.0014722523 1.4827098e-20)
(0.0038492129 -0.0013463674 -1.7539438e-20)
(0.0039666838 -0.0011725879 5.5627461e-20)
(0.0038519841 -0.00093342053 -3.5118469e-21)
(0.0033410647 -0.00063443567 1.4144256e-20)
(0.0022341721 -0.00031115547 -1.940121e-21)
(0.00032191399 -4.1824546e-05 2.7832656e-21)
(-0.0026380133 4.711437e-05 -1.7378638e-21)
(-0.0070010519 -0.00023787411 3.2543678e-21)
(-0.012813544 -0.0011975523 -1.008778e-22)
(-0.01965548 -0.0030305363 3.7223241e-20)
(-0.027104794 -0.0058612558 -1.4443975e-20)
(-0.034598387 -0.0096899317 1.3125733e-20)
(-0.041677793 -0.014428445 -8.488655e-20)
(-0.047841328 -0.01986366 -1.3766372e-20)
(-0.052784903 -0.025744025 1.2141521e-19)
(-0.056298585 -0.031789677 -1.0383068e-19)
(-0.058297178 -0.037722216 -1.9841446e-21)
(-0.058774891 -0.043269864 3.1580338e-20)
(-0.057841893 -0.048219216 -2.8594891e-20)
(-0.055593065 -0.052336322 -5.523383e-21)
(-0.052212268 -0.055460469 -3.3748364e-21)
(-0.047935282 -0.057501517 -4.2095533e-21)
(-0.04293771 -0.058325327 -4.1784945e-21)
(-0.037463389 -0.057901367 6.6031366e-22)
(-0.031733601 -0.056207091 5.0987926e-20)
(-0.025971722 -0.053264325 -7.6483299e-20)
(-0.020389995 -0.049126759 -8.0866666e-20)
(-0.015186204 -0.043879898 -3.2656002e-20)
(-0.010539144 -0.037638025 -7.4637064e-20)
(-0.0066048971 -0.030541554 1.6622808e-20)
(-0.0035111864 -0.022751979 2.4163555e-20)
(-0.0013617944 -0.014464129 -3.754117e-20)
(-0.00021297947 -0.0058302631 -5.0156552e-21)
(4.7932919e-06 -0.0004552599 -1.0231921e-21)
(2.9872703e-05 0.00046178522 -6.1015799e-23)
(0.00010510447 0.0013743314 -3.5076261e-21)
(0.00023055847 0.002260145 1.1783573e-20)
(0.00040228347 0.0030956484 -8.3373317e-21)
(0.000614129 0.0038572969 -2.5548782e-20)
(0.00085718047 0.0045220783 4.8570767e-21)
(0.0011198631 0.0050688227 1.9314406e-20)
(0.0013881881 0.0054792916 -1.8277809e-20)
(0.001646907 0.0057395633 4.11496e-20)
(0.0018796305 0.00584104 7.5181233e-22)
(0.0020703988 0.0057824192 -2.5766577e-20)
(0.0022046344 0.0055693863 -4.2167689e-20)
(0.0022714185 0.0052172535 3.4353383e-20)
(0.0022639928 0.0047482599 -3.6260278e-20)
(0.0021811646 0.0041912886 -5.8466307e-20)
(0.0020299495 0.0035836642 3.8357555e-20)
(0.0018223603 0.0029619502 -6.1570642e-20)
(0.0015770731 0.0023635687 -8.1426156e-20)
(0.0013157147 0.0018199555 5.2813237e-20)
(0.0010618722 0.0013562342 6.7292271e-20)
(0.00083791769 0.0009879045 6.0233912e-20)
(0.00066951699 0.00072774469 4.9450119e-20)
(0.00058323814 0.00058308974 1.1670326e-20)
(0.00061893293 0.00056768077 1.9841834e-20)
(0.00080639131 0.0006775877 -4.2414774e-21)
(0.0011682067 0.00089873301 3.8282609e-20)
(0.001662849 0.0011688431 -1.0230232e-20)
(0.0021957311 0.0014041962 -8.0376842e-21)
(0.0026821939 0.0015514314 5.5397156e-20)
(0.0030592321 0.0015882515 -7.2317114e-20)
(0.0033450771 0.0015435121 -2.1756115e-21)
(0.0035817413 0.0014507378 3.5864767e-20)
(0.0037611377 0.0013159841 1.8664709e-20)
(0.0037919725 0.0011217955 -5.9256334e-20)
(0.003529621 0.00085676187 3.7448736e-21)
(0.0028052361 0.0005352663 1.1009548e-20)
(0.0014111771 0.00020228541 2.0719335e-21)
(-0.00085217425 -4.9245818e-05 -2.9719753e-21)
(-0.004207603 -8.6058183e-05 1.8537217e-21)
(-0.0089984723 0.00030452743 -3.4625516e-21)
(-0.01519931 0.0014162308 2.8172627e-20)
(-0.02229147 0.0034329272 -3.9171881e-20)
(-0.029843613 0.0064496832 1.5087579e-20)
(-0.037299471 0.010442765 -1.3596353e-20)
(-0.044171337 0.015288646 8.7129336e-20)
(-0.050030973 0.020768892 1.3999516e-20)
(-0.054611236 0.026630876 -1.2223491e-19)
(-0.057720611 0.032588984 1.0342426e-19)
(-0.059323234 0.038382647 1.9522022e-21)
(-0.05941113 0.043734908 -3.0603646e-20)
(-0.058135641 0.048460851 2.7140348e-20)
(-0.055566861 0.052308281 -4.076669e-20)
(-0.051919728 0.055146505 2.8512448e-21)
(-0.04743927 0.056903058 -2.8269094e-21)
(-0.042272039 0.05741731 6.1978515e-21)
(-0.036685211 0.05669447 -7.7155426e-22)
(-0.030889381 0.054706921 -5.6105599e-20)
(-0.025107434 0.051485926 8.1807107e-20)
(-0.019548229 0.047091229 8.5015872e-20)
(-0.014404995 0.041612711 3.3919196e-20)
(-0.0098522228 0.035170582 7.6808273e-20)
(-0.0060402136 0.027907648 -1.6976613e-20)
(-0.0030911271 0.019991058 4.8620351e-20)
(-0.0011021959 0.011607049 3.7859361e-20)
(-0.00012811771 0.0029525209 5.0326324e-21)
)
;
    }
    frontAndBack
    {
        type            empty;
    }
}


// ************************************************************************* //
