/*--------------------------------*- C++ -*----------------------------------*\
  =========                 |
  \\      /  F ield         | OpenFOAM: The Open Source CFD Toolbox
   \\    /   O peration     | Website:  https://openfoam.org
    \\  /    A nd           | Version:  13
     \\/     M anipulation  |
\*---------------------------------------------------------------------------*/
FoamFile
{
    format      ascii;
    class       volVectorField;
    location    "7.401071";
    object      wallShearStress;
}
// * * * * * * * * * * * * * * * * * * * * * * * * * * * * * * * * * * * * * //

dimensions      [0 2 -2 0 0 0 0];

internalField   uniform (0 0 0);

boundaryField
{
    inlet
    {
        type            calculated;
        value           uniform (0 0 0);
    }
    outlet
    {
        type            calculated;
        value           uniform (0 0 0);
    }
    cylinder
    {
        type            calculated;
        value           nonuniform List<vector> 
132
(
(0.00010832271 -0.001726667 -1.1953567e-22)
(0.00045419266 -0.0090307255 3.4735536e-23)
(0.0011968953 -0.016172141 2.0290407e-21)
(0.0023113927 -0.022899189 -7.352369e-21)
(0.003744476 -0.028960617 5.6954209e-21)
(0.0054149959 -0.034117664 1.9250213e-20)
(0.0072148389 -0.038159139 -4.0384216e-21)
(0.0090178592 -0.040915067 -1.7627645e-20)
(0.01068625 -0.042272081 1.8145146e-20)
(0.012078883 -0.042184901 -4.3915872e-20)
(0.013065105 -0.040686953 -8.5093812e-22)
(0.013539157 -0.037896894 3.0538391e-20)
(0.013434608 -0.03401806 5.1603695e-20)
(0.012739441 -0.029335568 -4.2855838e-20)
(0.011500975 -0.024188441 4.5584419e-20)
(0.0098306373 -0.018948304 7.3349434e-20)
(0.0078871751 -0.013971347 -4.7664995e-20)
(0.0058529621 -0.0095510051 7.5400386e-20)
(0.0039106295 -0.0058909457 9.8011645e-20)
(0.0022003159 -0.0030690413 -6.2453011e-20)
(0.00081538014 -0.0010662966 -7.8261399e-20)
(-0.00023272261 0.0002545477 2.7115603e-23)
(-0.00096463509 0.0010338772 1.1036186e-20)
(-0.0014484061 0.0014414919 -1.3064821e-20)
(-0.001605689 0.0014772821 -2.1991825e-20)
(-0.0013675189 0.0011637356 4.654353e-21)
(-0.00041588058 0.0003380278 -4.161409e-20)
(0.0010973592 -0.0007564442 1.105708e-20)
(0.0027143421 -0.001726501 8.6744547e-21)
(0.0039966491 -0.0023080632 -5.9934224e-20)
(0.0046872963 -0.0024337153 7.8536291e-20)
(0.0049649536 -0.0022927611 2.3845192e-21)
(0.005080756 -0.0020597159 1.7219127e-20)
(0.0051391233 -0.0017995713 -2.0433412e-20)
(0.0050144898 -0.0014847611 6.504955e-20)
(0.0044936265 -0.0010922206 -4.1250455e-21)
(0.0033573977 -0.00064268313 1.6695571e-20)
(0.0013641727 -0.00020054722 -2.3016037e-21)
(-0.0016906573 0.00011206077 3.3165532e-21)
(-0.006025814 0.00012755306 -2.0778392e-21)
(-0.012016538 -0.00040330836 3.8973625e-21)
(-0.019563124 -0.0018199495 -1.2069116e-22)
(-0.028018029 -0.0043118782 4.4389097e-20)
(-0.03687427 -0.0079661222 -1.714409e-20)
(-0.045487938 -0.012732548 1.5495871e-20)
(-0.053393704 -0.0184781 -9.9688039e-20)
(-0.060082332 -0.024938983 -1.6093122e-20)
(-0.06527049 -0.031826856 1.4146984e-19)
(-0.068769294 -0.038825515 -1.2079586e-19)
(-0.070521745 -0.045627093 -2.3103984e-21)
(-0.070543182 -0.051928998 3.6938147e-20)
(-0.068981834 -0.057501752 -3.3798379e-20)
(-0.065939808 -0.062073243 -6.6780046e-21)
(-0.061658288 -0.065491029 -4.3222323e-21)
(-0.05640424 -0.067657764 -7.0212193e-21)
(-0.050356681 -0.068400478 -2.342344e-21)
(-0.043813506 -0.067713488 5.958221e-22)
(-0.037018542 -0.065565789 4.9533822e-20)
(-0.030227057 -0.061989503 -7.6467882e-20)
(-0.023678964 -0.057049228 -8.2048686e-20)
(-0.017597211 -0.050844548 -3.3417734e-20)
(-0.012183539 -0.043508491 -7.6784072e-20)
(-0.0076133616 -0.035201973 1.7158826e-20)
(-0.0040299284 -0.026110627 2.4995858e-20)
(-0.0015502544 -0.016455708 -3.8882853e-20)
(-0.00023668454 -0.0064154168 -5.197814e-21)
(0.00015992171 0.0055679358 -5.5405652e-22)
(0.00060512177 0.012752953 -3.4307069e-23)
(0.0014342573 0.019653986 -2.0981495e-21)
(0.0026123754 0.026023791 7.6543248e-21)
(0.0040772113 0.031622419 -5.9491863e-21)
(0.0057400421 0.036226725 -2.010427e-20)
(0.0074870237 0.039648199 4.205542e-21)
(0.0091920772 0.041744109 1.8269622e-20)
(0.010718846 0.042432273 -1.8694296e-20)
(0.011933007 0.041701431 4.4948939e-20)
(0.0127158 0.03962118 8.6518079e-22)
(0.012977177 0.036342672 -3.0839992e-20)
(0.012672503 0.032104371 -5.1787521e-20)
(0.011809191 0.027207113 4.2769451e-20)
(0.01045857 0.022007392 -4.5274147e-20)
(0.0087452327 0.016864334 -7.2582547e-20)
(0.0068320534 0.012109067 4.7041462e-20)
(0.0048983751 0.0079990362 -7.4307639e-20)
(0.0031046929 0.0046823582 -9.6540206e-20)
(0.0015725956 0.0021997692 6.1533077e-20)
(0.00036116395 0.0004846068 7.7163528e-20)
(-0.00053372541 -0.00061086471 6.8124783e-20)
(-0.0011492073 -0.0012361533 5.5269184e-20)
(-0.0015048763 -0.0015003015 1.2910112e-20)
(-0.0015041913 -0.0013865589 2.1734624e-20)
(-0.0010873523 -0.00092965085 -4.6032295e-21)
(6.6995417e-05 3.3698729e-05 4.1185519e-20)
(0.0016730875 0.0011634367 -1.0968708e-20)
(0.0031915373 0.00203458 -8.6202136e-21)
(0.0042703596 0.0024688789 5.964601e-20)
(0.0047814642 0.0024839491 -7.8183264e-20)
(0.0049835155 0.0023017351 -2.3605661e-21)
(0.0050837737 0.0020610968 3.9034025e-20)
(0.0051109994 0.0017901745 2.0386788e-20)
(0.0048968092 0.001450854 -6.5008984e-20)
(0.0042247326 0.00102849 4.1305276e-21)
(0.0028788045 0.00055422613 1.2217512e-20)
(0.00061298474 0.00010122986 2.3143679e-21)
(-0.0027649532 -0.00019895276 -3.3409216e-21)
(-0.0074354819 -0.00016293352 2.0958595e-21)
(-0.013778834 0.00045863136 -3.9326744e-21)
(-0.02163562 0.0020097258 3.2083525e-20)
(-0.030273593 0.004656017 -4.4649834e-20)
(-0.039190861 0.0084637418 1.7187868e-20)
(-0.047761279 0.013366443 -1.5470126e-20)
(-0.055483391 0.019198816 9.9001006e-20)
(-0.061913888 0.025696086 1.5890098e-20)
(-0.066799499 0.032569323 -1.3872341e-19)
(-0.069957183 0.039493206 1.1751429e-19)
(-0.071379606 0.046179235 2.2256062e-21)
(-0.071065144 0.05231041 -3.5120711e-20)
(-0.069218783 0.057696535 3.1555239e-20)
(-0.065894341 0.062027405 -4.8650475e-20)
(-0.061375673 0.065188056 3.655565e-21)
(-0.055951154 0.067111203 -6.091166e-21)
(-0.049749531 0.067572342 4.6858227e-21)
(-0.043106969 0.066617738 -7.2104787e-22)
(-0.036252212 0.064204042 -5.5162086e-20)
(-0.029442349 0.060374852 8.2218044e-20)
(-0.022914199 0.055199887 8.6467526e-20)
(-0.016886867 0.048783003 3.4748197e-20)
(-0.011558451 0.04126313 7.9051557e-20)
(-0.0070991765 0.032803586 -1.7525914e-20)
(-0.0036472517 0.023595409 5.0293943e-20)
(-0.0013136796 0.013851997 3.9210499e-20)
(-0.00015931279 0.0037918704 5.2152709e-21)
)
;
    }
    frontAndBack
    {
        type            empty;
    }
}


// ************************************************************************* //
