/*--------------------------------*- C++ -*----------------------------------*\
  =========                 |
  \\      /  F ield         | OpenFOAM: The Open Source CFD Toolbox
   \\    /   O peration     | Website:  https://openfoam.org
    \\  /    A nd           | Version:  13
     \\/     M anipulation  |
\*---------------------------------------------------------------------------*/
FoamFile
{
    format      ascii;
    class       volVectorField;
    location    "11.202981";
    object      wallShearStress;
}
// * * * * * * * * * * * * * * * * * * * * * * * * * * * * * * * * * * * * * //

dimensions      [0 2 -2 0 0 0 0];

internalField   uniform (0 0 0);

boundaryField
{
    inlet
    {
        type            calculated;
        value           uniform (0 0 0);
    }
    outlet
    {
        type            calculated;
        value           uniform (0 0 0);
    }
    cylinder
    {
        type            calculated;
        value           nonuniform List<vector> 
132
(
(8.5090033e-05 -0.0015180349 -1.0236734e-22)
(0.00035369484 -0.0070704201 2.9556107e-23)
(0.00092501566 -0.01251077 1.7059451e-21)
(0.0017823366 -0.017661206 -6.0918214e-21)
(0.0028889482 -0.022342637 4.6465274e-21)
(0.0041880522 -0.026383005 1.547883e-20)
(0.0056034677 -0.029627322 -3.2071267e-21)
(0.0070437879 -0.03194702 -1.3863874e-20)
(0.0084088708 -0.033250173 1.4172899e-20)
(0.0095935361 -0.033490389 -3.4158201e-20)
(0.01049741 -0.032675093 -6.6066713e-22)
(0.011034506 -0.030869876 2.3718027e-20)
(0.011143863 -0.028200898 4.0158817e-20)
(0.010799741 -0.024852253 -3.3461213e-20)
(0.01001817 -0.021053686 3.573685e-20)
(0.0088599911 -0.017063616 5.7759071e-20)
(0.0074262361 -0.013142091 -3.7688898e-20)
(0.0058431691 -0.0095233512 5.9825044e-20)
(0.0042467753 -0.0063862608 7.7952226e-20)
(0.002760567 -0.0038369979 -4.9730197e-20)
(0.0014744258 -0.0019000365 -6.2325356e-20)
(0.00043823171 -0.00053403752 2.1539615e-23)
(-0.0003475218 0.00036397752 8.7741223e-21)
(-0.00089539626 0.00088725588 -1.0372579e-20)
(-0.0012012769 0.001102566 -1.7445372e-20)
(-0.0011783257 0.00099837525 3.689721e-21)
(-0.00080351945 0.00063085225 -3.297299e-20)
(0.00020748763 -0.00013199339 8.7259424e-21)
(0.0016081251 -0.0010172558 6.8281004e-21)
(0.0029404478 -0.0016935948 -4.7050893e-20)
(0.0039172571 -0.0020306493 6.1659017e-20)
(0.0044162672 -0.0020377138 1.8738319e-21)
(0.0046311624 -0.0018768845 1.3550143e-20)
(0.0047224612 -0.0016531205 -1.608557e-20)
(0.0047217738 -0.0013968448 5.1213549e-20)
(0.0044599039 -0.0010816973 -3.2478343e-21)
(0.0037382375 -0.000711008 1.3151713e-20)
(0.0023258057 -0.00032586576 -1.8150032e-21)
(1.0349154e-05 -1.9553222e-05 2.6208441e-21)
(-0.0034597764 6.5599951e-05 -1.6473851e-21)
(-0.008436308 -0.0002863878 3.1057314e-21)
(-0.014961728 -0.0013966437 -9.6899499e-23)
(-0.022550318 -0.0034752528 3.5940204e-20)
(-0.030757108 -0.0066496148 -1.4009759e-20)
(-0.038998397 -0.010920951 1.2778797e-20)
(-0.046755402 -0.016185098 -8.2882298e-20)
(-0.053521429 -0.02222088 -1.3473619e-20)
(-0.058960785 -0.028755444 1.1900724e-19)
(-0.062829334 -0.03547693 -1.018481e-19)
(-0.065035982 -0.042082424 -1.9453345e-21)
(-0.06556029 -0.048265114 3.0899414e-20)
(-0.064515805 -0.053782714 -2.7838003e-20)
(-0.062003712 -0.05837142 -5.3199404e-21)
(-0.058242715 -0.061866135 -3.159735e-21)
(-0.053472853 -0.064144164 -3.316322e-21)
(-0.047891807 -0.065054773 -5.0575066e-21)
(-0.041780167 -0.064573066 7.1316364e-22)
(-0.035380621 -0.062666613 5.3711325e-20)
(-0.028945487 -0.059362884 -7.9727619e-20)
(-0.022712342 -0.054721787 -8.3823823e-20)
(-0.016902776 -0.048839338 -3.3734803e-20)
(-0.011717237 -0.04184443 -7.6931467e-20)
(-0.0073303291 -0.033894439 1.7107922e-20)
(-0.0038847007 -0.025171142 2.4842627e-20)
(-0.0014969218 -0.015892049 -3.8568964e-20)
(-0.00022948926 -0.006231902 -5.1506603e-21)
(0.00011884734 0.0040291538 -4.7494806e-22)
(0.00045260394 0.0095078821 -2.927018e-23)
(0.001081106 0.014798636 -1.7739951e-21)
(0.0019814263 0.01972617 6.3955149e-21)
(0.0031111132 0.024117913 -4.908659e-21)
(0.0044086346 0.027811964 -1.6394167e-20)
(0.0057940077 0.030666972 3.395487e-21)
(0.0071756935 0.032570321 1.4639418e-20)
(0.008454201 0.033449575 -1.4903829e-20)
(0.0095282148 0.033279003 3.5739333e-20)
(0.010304062 0.032087238 6.8754548e-22)
(0.010705206 0.02996047 -2.454392e-20)
(0.010682584 0.02704362 -4.1336728e-20)
(0.010223274 0.023534188 3.4275494e-20)
(0.0093559887 0.019669129 -3.6452634e-20)
(0.0081519887 0.015705105 -5.8714198e-20)
(0.0067163889 0.01189008 3.821635e-20)
(0.0051758457 0.0084392025 -6.0565762e-20)
(0.0036588618 0.0055051753 -7.8860081e-20)
(0.0022753351 0.003165741 5.0308796e-20)
(0.0011025983 0.0014247154 6.3079681e-20)
(0.00017084989 0.00021791862 5.5643495e-20)
(-0.00051785134 -0.0005502619 4.5094038e-20)
(-0.00098337061 -0.00097652147 1.0521989e-20)
(-0.001207762 -0.0011099343 1.7704512e-20)
(-0.0010814457 -0.00091894029 -3.7452689e-21)
(-0.00046347488 -0.00037003964 3.3492476e-20)
(0.00065355741 0.00044675802 -8.8881131e-21)
(0.0020244554 0.0012853031 -6.9663948e-21)
(0.0032475219 0.0018732403 4.8098126e-20)
(0.0040492904 0.0021007235 -6.3057411e-20)
(0.0044378488 0.0020484373 -1.9055734e-21)
(0.0046003653 0.0018646649 3.1533098e-20)
(0.0046723621 0.0016358722 1.6466215e-20)
(0.004610396 0.001364564 -5.2481765e-20)
(0.0042310049 0.0010274116 3.3328873e-21)
(0.003329008 0.00063540234 9.8561888e-21)
(0.0016749948 0.0002399013 1.8676083e-21)
(-0.00093656873 -5.3429467e-05 -2.6993139e-21)
(-0.0047375744 -9.6934193e-05 1.6972959e-21)
(-0.010079903 0.00034077815 -3.1977955e-21)
(-0.016942596 0.001578296 2.6246532e-20)
(-0.024766351 0.0038136718 -3.6792861e-20)
(-0.033091657 0.0071513003 1.4275512e-20)
(-0.041319529 0.011567961 -1.2947891e-20)
(-0.048937837 0.0169381 8.3437659e-20)
(-0.055470817 0.023027288 1.3467855e-20)
(-0.060614314 0.029558631 -1.1800988e-19)
(-0.064146356 0.03621746 1.0007952e-19)
(-0.066012497 0.042711247 1.8907617e-21)
(-0.06619143 0.048726789 -2.9600441e-20)
(-0.064845503 0.054054693 2.6127573e-20)
(-0.06203821 0.058400746 -3.8741556e-20)
(-0.058022167 0.061628921 2.6081259e-21)
(-0.053066719 0.063653823 -1.5224923e-21)
(-0.047321895 0.064277111 7.0812321e-21)
(-0.041099724 0.063517529 -8.2302405e-22)
(-0.034632035 0.061336181 -5.8709124e-20)
(-0.028171577 0.05777026 8.4882948e-20)
(-0.021953184 0.052885837 8.7815955e-20)
(-0.016194403 0.046783357 3.4944172e-20)
(-0.011091822 0.039597753 7.9002394e-20)
(-0.0068146656 0.031489017 -1.7444424e-20)
(-0.0035003116 0.022644452 4.9931826e-20)
(-0.0012590277 0.013273614 3.887062e-20)
(-0.0001516578 0.0035926634 5.1669657e-21)
)
;
    }
    frontAndBack
    {
        type            empty;
    }
}


// ************************************************************************* //
