/*--------------------------------*- C++ -*----------------------------------*\
  =========                 |
  \\      /  F ield         | OpenFOAM: The Open Source CFD Toolbox
   \\    /   O peration     | Website:  https://openfoam.org
    \\  /    A nd           | Version:  13
     \\/     M anipulation  |
\*---------------------------------------------------------------------------*/
FoamFile
{
    format      ascii;
    class       volVectorField;
    location    "20.499287";
    object      wallShearStress;
}
// * * * * * * * * * * * * * * * * * * * * * * * * * * * * * * * * * * * * * //

dimensions      [0 2 -2 0 0 0 0];

internalField   uniform (0 0 0);

boundaryField
{
    inlet
    {
        type            calculated;
        value           uniform (0 0 0);
    }
    outlet
    {
        type            calculated;
        value           uniform (0 0 0);
    }
    cylinder
    {
        type            calculated;
        value           nonuniform List<vector> 
132
(
(3.1485858e-05 -0.0014820548 -2.2143262e-22)
(0.0001092365 -0.0024068114 6.3040384e-23)
(0.00023815589 -0.0033041559 3.4821598e-21)
(0.00041475435 -0.0041504652 -1.1692507e-20)
(0.000633488 -0.0049218562 8.2626717e-21)
(0.00088604335 -0.0055948116 2.5285349e-20)
(0.0011614076 -0.0061472888 -4.7996107e-21)
(0.0014459199 -0.0065599583 -1.9052981e-20)
(0.0017242923 -0.0068172804 1.7995187e-20)
(0.0019799614 -0.0069089726 -4.0424778e-20)
(0.0021959834 -0.006830967 -7.3681885e-22)
(0.0023564575 -0.0065868765 2.5184596e-20)
(0.0024478309 -0.0061883033 4.1097944e-20)
(0.0024611934 -0.0056569857 -3.3381052e-20)
(0.0023921317 -0.0050202893 3.5123944e-20)
(0.002243864 -0.0043146392 5.645416e-20)
(0.0020259407 -0.0035791559 -3.6921242e-20)
(0.0017543003 -0.0028533889 5.9082821e-20)
(0.0014509342 -0.0021762513 7.7908758e-20)
(0.0011388325 -0.0015769162 -5.0394619e-20)
(0.00084282058 -0.0010780391 -6.4051938e-20)
(0.00058447113 -0.00069059656 2.248775e-23)
(0.00038682601 -0.00042177854 9.243905e-21)
(0.00027436563 -0.00027489421 -1.1041857e-20)
(0.00028515141 -0.00026101722 -1.8742969e-20)
(0.00045774411 -0.00038326404 4.0005704e-21)
(0.00083008716 -0.0006367459 -3.605903e-20)
(0.0013759775 -0.00096526963 9.6255661e-21)
(0.0020020042 -0.0012786829 7.5573426e-21)
(0.0025961595 -0.0015005159 -5.2071054e-20)
(0.0030599478 -0.0015880183 6.7971696e-20)
(0.0033862453 -0.0015623225 2.0566104e-21)
(0.003635613 -0.0014724248 1.4807912e-20)
(0.0038483878 -0.00134608 -1.7516565e-20)
(0.0039668742 -0.0011726302 5.5554071e-20)
(0.0038549813 -0.00093411993 -3.5071568e-21)
(0.003348352 -0.00063577318 1.412517e-20)
(0.0022472726 -0.00031287883 -1.9374822e-21)
(0.00034228222 -4.3443667e-05 2.7794797e-21)
(-0.0026091064 4.643344e-05 -1.7355264e-21)
(-0.0069628896 -0.00023657905 3.2501198e-21)
(-0.012766729 -0.0011932569 -1.0075406e-22)
(-0.019602768 -0.0030224858 3.7181646e-20)
(-0.02704899 -0.0058492616 -1.4429641e-20)
(-0.034542075 -0.0096742337 1.311457e-20)
(-0.04162482 -0.014410169 -8.4827474e-20)
(-0.047793491 -0.019843854 -1.3758763e-20)
(-0.052743266 -0.025723792 1.2136681e-19)
(-0.056264022 -0.031770228 -1.038044e-19)
(-0.058269361 -0.037704279 -1.9839541e-21)
(-0.058753768 -0.043254371 3.1582802e-20)
(-0.057826444 -0.048206389 -2.8603146e-20)
(-0.055582969 -0.052326869 -5.5268727e-21)
(-0.052206571 -0.055454462 -3.3791688e-21)
(-0.047933051 -0.057498887 -4.2289185e-21)
(-0.042938586 -0.058326563 -4.1597986e-21)
(-0.037466446 -0.057906139 6.5926185e-22)
(-0.031738293 -0.056215454 5.0939115e-20)
(-0.025977465 -0.053276166 -7.6432624e-20)
(-0.020396276 -0.049141971 -8.0827716e-20)
(-0.015192563 -0.043898382 -3.2644513e-20)
(-0.010545156 -0.03765965 -7.4618532e-20)
(-0.0066101786 -0.030566234 1.6620165e-20)
(-0.0035153774 -0.022779586 2.4161725e-20)
(-0.0013645624 -0.014494713 -3.7541371e-20)
(-0.0002139493 -0.005863417 -5.0161061e-21)
(4.0503366e-06 -0.00054386126 -1.019075e-21)
(2.7912387e-05 0.00040284261 -6.0760747e-23)
(0.00010340952 0.0013450656 -3.4925278e-21)
(0.00023083039 0.0022597542 1.1731938e-20)
(0.00040597062 0.0031224261 -8.3005101e-21)
(0.00062244591 0.003908629 -2.5436051e-20)
(0.00087099878 0.0045944576 4.8358209e-21)
(0.0011396114 0.0051578991 1.9231018e-20)
(0.0014137369 0.0055800097 -1.8200227e-20)
(0.0016775413 0.005846336 4.0978007e-20)
(0.0019140187 0.0059480182 7.4872619e-22)
(0.002106622 0.0058837854 -2.5662013e-20)
(0.0022403082 0.0056597713 -4.1997368e-20)
(0.0023038415 0.0052920434 3.4214142e-20)
(0.002290495 0.0048041997 -3.6111544e-20)
(0.0021992167 0.0042263634 -5.8221707e-20)
(0.0020376702 0.0035976984 3.8192902e-20)
(0.001818619 0.0029562831 -6.1298419e-20)
(0.0015616938 0.0023409312 -8.1054729e-20)
(0.0012894758 0.0017840214 5.2564857e-20)
(0.0010261687 0.0013109816 6.6966714e-20)
(0.00079435872 0.000936863 5.9935234e-20)
(0.00062004661 0.00067420068 4.9199365e-20)
(0.00052956285 0.00052950673 1.1610027e-20)
(0.00056464181 0.00051775301 1.9737353e-20)
(0.00075533509 0.00063438973 -4.2188395e-21)
(0.0011261718 0.00086604938 3.8075287e-20)
(0.0016338482 0.0011482002 -1.0174901e-20)
(0.0021789499 0.001393303 -7.9942764e-21)
(0.0026741138 0.0015466902 5.5101029e-20)
(0.0030530619 0.0015850437 -7.193288e-20)
(0.0033367153 0.001539673 -2.1640843e-21)
(0.0035705342 0.0014462056 3.5673722e-20)
(0.0037500865 0.0013121019 1.8564584e-20)
(0.0037842094 0.001119466 -5.8936384e-20)
(0.0035280131 0.0008563195 3.7245241e-21)
(0.0028127041 0.00053659919 1.0949413e-20)
(0.0014311232 0.00020488316 2.0605821e-21)
(-0.00081659309 -4.6591176e-05 -2.9557134e-21)
(-0.0041542655 -8.47617e-05 1.8436453e-21)
(-0.0089247147 0.00030217591 -3.4440102e-21)
(-0.01510602 0.001407658 2.802573e-20)
(-0.022182941 0.0034163311 -3.8974073e-20)
(-0.029724445 0.0064240477 1.5014265e-20)
(-0.037175693 0.010408219 -1.3532844e-20)
(-0.044047904 0.015246025 8.6734875e-20)
(-0.049911666 0.020719489 1.39377e-20)
(-0.054498881 0.026576201 -1.2169901e-19)
(-0.057616786 0.032530467 1.0296532e-19)
(-0.05922876 0.038321612 1.9431717e-21)
(-0.059326219 0.04367248 -3.0450022e-20)
(-0.058060034 0.048397893 2.6983359e-20)
(-0.055500209 0.052245593 -4.0464815e-20)
(-0.051861508 0.05508471 2.8173998e-21)
(-0.047388721 0.056842457 -2.6670755e-21)
(-0.042228565 0.057358282 6.2902189e-21)
(-0.0366482 0.05663728 -7.7601175e-22)
(-0.030858231 0.054651747 -5.6288792e-20)
(-0.025081597 0.051432917 8.1980641e-20)
(-0.019527184 0.047040481 8.5141234e-20)
(-0.014388269 0.041564305 3.3955255e-20)
(-0.009839377 0.035124574 7.6868189e-20)
(-0.0060308455 0.027864093 -1.6986349e-20)
(-0.0030848573 0.019950001 4.8640529e-20)
(-0.0010986722 0.011568474 3.7870272e-20)
(-0.00012705704 0.0029168057 5.0335536e-21)
)
;
    }
    frontAndBack
    {
        type            empty;
    }
}


// ************************************************************************* //
