/*--------------------------------*- C++ -*----------------------------------*\
  =========                 |
  \\      /  F ield         | OpenFOAM: The Open Source CFD Toolbox
   \\    /   O peration     | Website:  https://openfoam.org
    \\  /    A nd           | Version:  13
     \\/     M anipulation  |
\*---------------------------------------------------------------------------*/
FoamFile
{
    format      ascii;
    class       volVectorField;
    location    "2.498465";
    object      wallShearStress;
}
// * * * * * * * * * * * * * * * * * * * * * * * * * * * * * * * * * * * * * //

dimensions      [0 2 -2 0 0 0 0];

internalField   uniform (0 0 0);

boundaryField
{
    inlet
    {
        type            calculated;
        value           uniform (0 0 0);
    }
    outlet
    {
        type            calculated;
        value           uniform (0 0 0);
    }
    cylinder
    {
        type            calculated;
        value           nonuniform List<vector> 
132
(
(0.00011009068 -0.0017415499 -2.8474237e-22)
(0.00046271762 -0.0092047044 8.1778874e-23)
(0.0012190394 -0.016478923 4.6304752e-21)
(0.0023496479 -0.023287929 -1.6105955e-20)
(0.0037941139 -0.0293566 1.1895981e-20)
(0.0054612305 -0.034423564 3.8260113e-20)
(0.0072304919 -0.038260961 -7.6481587e-21)
(0.0089636283 -0.040690617 -3.1925832e-20)
(0.010511461 -0.041604374 3.1572479e-20)
(0.011726729 -0.040980123 -7.377922e-20)
(0.012481728 -0.038895737 -1.3874721e-21)
(0.012685848 -0.035533214 4.8522899e-20)
(0.012302667 -0.031174764 8.0287193e-20)
(0.011359058 -0.026176928 -6.5578162e-20)
(0.0099483776 -0.020938467 6.8897748e-20)
(0.0082166327 -0.015848026 1.0997326e-19)
(0.0063350937 -0.011230077 -7.1172825e-20)
(0.0044805183 -0.0073175577 1.1252141e-19)
(0.0027964062 -0.004218332 1.4658019e-19)
(0.0013792799 -0.0019303759 -9.3761494e-20)
(0.00027295167 -0.00036945092 -1.1803058e-19)
(-0.0004894371 0.00056267816 4.1169974e-23)
(-0.00087339701 0.00094391144 1.6769954e-20)
(-0.00073490292 0.00074200436 -1.9894734e-20)
(0.00011572228 -8.7852814e-05 -3.3587089e-20)
(0.0016511673 -0.0013716095 7.1521888e-21)
(0.0035247577 -0.0027051734 -6.4594982e-20)
(0.0051866836 -0.0036486672 1.7330422e-20)
(0.0062100067 -0.0039792854 1.3694502e-20)
(0.0066525687 -0.0038560161 -9.4822617e-20)
(0.0067902945 -0.0035319649 1.2435833e-19)
(0.0067218289 -0.0031077855 3.7826289e-21)
(0.0064228054 -0.002608848 2.7444061e-20)
(0.005660068 -0.0019901048 -3.278224e-20)
(0.0042275759 -0.0012636747 1.051671e-19)
(0.0018646827 -0.00047138 -6.7217021e-21)
(-0.0016228259 0.00027684189 2.7396067e-20)
(-0.006443101 0.00083529054 -3.7950354e-21)
(-0.012572653 0.00097999417 5.4750207e-21)
(-0.020031869 0.00049426154 -3.4184115e-21)
(-0.029130072 -0.0009379025 6.3506169e-21)
(-0.039250967 -0.0036209506 -1.9344521e-22)
(-0.049366208 -0.0075689993 6.9732214e-20)
(-0.059016432 -0.012723968 -2.6336341e-20)
(-0.06758864 -0.018896908 2.3274357e-20)
(-0.074770515 -0.025854418 -1.4660134e-19)
(-0.080260999 -0.033291556 -2.3239187e-20)
(-0.083945895 -0.040912375 2.0134325e-19)
(-0.085764457 -0.048402059 -1.7026697e-19)
(-0.085782788 -0.055484555 -3.2441764e-21)
(-0.084067898 -0.061870661 5.2100458e-20)
(-0.08084571 -0.067378849 -4.8488127e-20)
(-0.076220146 -0.071739924 -9.9682939e-21)
(-0.070450993 -0.07482093 -7.0842304e-21)
(-0.063833307 -0.076560972 -1.5653594e-20)
(-0.056532419 -0.076782196 3.8488369e-21)
(-0.048858058 -0.075503951 3.3519462e-22)
(-0.04104914 -0.072699703 4.0574053e-20)
(-0.033360727 -0.068411951 -6.9842377e-20)
(-0.026031081 -0.062712859 -7.8790828e-20)
(-0.019281755 -0.055709257 -3.2987754e-20)
(-0.013313287 -0.0475411 -7.7062836e-20)
(-0.0083000146 -0.038375711 1.7400919e-20)
(-0.0043841824 -0.028405147 2.551441e-20)
(-0.0016823723 -0.017857878 -3.9842057e-20)
(-0.00025547589 -0.0069156495 -5.335531e-21)
(0.00016347525 0.0057172613 -1.3152119e-21)
(0.0006186939 0.013053125 -7.978776e-23)
(0.0014636878 0.020069568 -4.7208085e-21)
(0.0026583907 0.02649523 1.6495239e-20)
(0.0041326039 0.032066846 -1.222381e-20)
(0.0057870991 0.036541252 -3.9366457e-20)
(0.0074958945 0.039716613 7.8654746e-21)
(0.0091214072 0.041446779 3.2766106e-20)
(0.010517812 0.041661665 -3.2299869e-20)
(0.011547707 0.040380965 7.517938e-20)
(0.012098993 0.037725024 1.4077252e-21)
(0.01210141 0.033914438 -4.9008746e-20)
(0.011541865 0.029261951 -8.0751956e-20)
(0.010467895 0.024135376 6.5718283e-20)
(0.008991718 0.018933283 -6.8842764e-20)
(0.0072624057 0.014014342 -1.0966622e-19)
(0.0054466168 0.0096606244 7.0892757e-20)
(0.0037114088 0.0060662223 -1.1203797e-19)
(0.0021706422 0.0032799981 -1.4598507e-19)
(0.00090588576 0.0012774453 9.3431484e-20)
(-5.0899973e-05 -4.6165886e-05 1.1768225e-19)
(-0.00067320106 -0.00078264099 1.0427146e-19)
(-0.00084007693 -0.00091158017 8.484149e-20)
(-0.00053619301 -0.00054651588 1.9867309e-20)
(0.00055361988 0.00048748876 3.3568857e-20)
(0.0022484103 0.0018748501 -7.1610362e-21)
(0.0040853542 0.0031406233 6.4780116e-20)
(0.0055438932 0.0039037251 -1.7404409e-20)
(0.0063435052 0.0040669321 -1.3756052e-20)
(0.006663221 0.0038631487 9.5272441e-20)
(0.0067348641 0.0035036426 -1.2499945e-19)
(0.0066126847 0.0030580362 -3.7835694e-21)
(0.0062036622 0.0025210881 6.2893567e-20)
(0.0052748096 0.0018567542 3.3071032e-20)
(0.0036123447 0.0010836776 -1.0624842e-19)
(0.00096794711 0.00025674839 6.8010445e-21)
(-0.0028474553 -0.00050499791 2.023958e-20)
(-0.0080358564 -0.0010477796 3.8470829e-21)
(-0.014484857 -0.0011333458 -5.5510436e-21)
(-0.022244619 -0.00055266536 3.463875e-21)
(-0.031579507 0.0010130735 -6.4248329e-21)
(-0.041816217 0.0038544857 5.1487518e-20)
(-0.051911094 0.0079561824 -7.0142403e-20)
(-0.061429441 0.013241707 2.639133e-20)
(-0.069785014 0.019508638 -2.322669e-20)
(-0.076683535 0.026512859 1.4562953e-19)
(-0.081849767 0.033947658 2.2971596e-20)
(-0.085194956 0.041518337 -1.9793078e-19)
(-0.086671913 0.048911511 1.6633575e-19)
(-0.086363386 0.055857474 3.1455923e-21)
(-0.084342206 0.062069959 -5.0042021e-20)
(-0.080846554 0.067376927 4.5978993e-20)
(-0.075972299 0.071503911 -7.4697599e-20)
(-0.070001851 0.074341201 6.3601395e-21)
(-0.063230195 0.075834611 -1.7763712e-20)
(-0.055804712 0.07579046 -1.3514255e-21)
(-0.048050373 0.074251973 -4.6746905e-22)
(-0.040200893 0.071192943 -4.6486503e-20)
(-0.032510128 0.066662194 7.5855889e-20)
(-0.025214191 0.060737899 8.3394689e-20)
(-0.018531011 0.053530856 3.4369852e-20)
(-0.012657661 0.045186412 7.9412664e-20)
(-0.0077636655 0.035874289 -1.7780661e-20)
(-0.0039865054 0.025791678 5.1346083e-20)
(-0.0014371125 0.01515891 4.0180272e-20)
(-0.00017534575 0.0041991968 5.3535298e-21)
)
;
    }
    frontAndBack
    {
        type            empty;
    }
}


// ************************************************************************* //
