/*--------------------------------*- C++ -*----------------------------------*\
  =========                 |
  \\      /  F ield         | OpenFOAM: The Open Source CFD Toolbox
   \\    /   O peration     | Website:  https://openfoam.org
    \\  /    A nd           | Version:  13
     \\/     M anipulation  |
\*---------------------------------------------------------------------------*/
FoamFile
{
    format      ascii;
    class       volVectorField;
    location    "19.399726";
    object      wallShearStress;
}
// * * * * * * * * * * * * * * * * * * * * * * * * * * * * * * * * * * * * * //

dimensions      [0 2 -2 0 0 0 0];

internalField   uniform (0 0 0);

boundaryField
{
    inlet
    {
        type            calculated;
        value           uniform (0 0 0);
    }
    outlet
    {
        type            calculated;
        value           uniform (0 0 0);
    }
    cylinder
    {
        type            calculated;
        value           nonuniform List<vector> 
132
(
(8.4947906e-05 -0.0046584617 -1.9510889e-22)
(0.00027845407 -0.0063238043 5.5921938e-23)
(0.0005657728 -0.0079318395 3.1140368e-21)
(0.00093887264 -0.0094394934 -1.054984e-20)
(0.0013866935 -0.010800609 7.5276496e-21)
(0.0018920951 -0.01196529 2.3271585e-20)
(0.0024314298 -0.012883874 -4.4633126e-21)
(0.002975411 -0.013511423 -1.7898127e-20)
(0.0034908978 -0.013812654 1.7065513e-20)
(0.0039422986 -0.013766388 -3.8662024e-20)
(0.0042948245 -0.013369169 -7.0968974e-22)
(0.0045177113 -0.012637099 2.4392116e-20)
(0.0045883221 -0.011608192 3.9953882e-20)
(0.0044947167 -0.010339086 -3.2515608e-20)
(0.0042382141 -0.0089021554 3.4221244e-20)
(0.0038347432 -0.0073805912 5.4933886e-20)
(0.0033137049 -0.0058598351 -3.583543e-20)
(0.0027147651 -0.0044207231 5.7148832e-20)
(0.0020834301 -0.0031296566 7.505763e-20)
(0.001465637 -0.0020339284 -4.8345833e-20)
(0.00089999744 -0.0011557831 -6.1191572e-20)
(0.0004172996 -0.00049806384 2.1419438e-23)
(4.5111777e-05 -5.4717177e-05 8.7632802e-21)
(-0.00018792547 0.00018571721 -1.043126e-20)
(-0.00020933964 0.00019386772 -1.7652201e-20)
(-1.498837e-05 1.7657094e-05 3.7573193e-21)
(0.00050219395 -0.00038028941 -3.3793463e-20)
(0.0012790277 -0.00089382329 9.0139265e-21)
(0.0021627884 -0.0013791996 7.0800391e-21)
(0.0029810112 -0.0017218919 -4.8866288e-20)
(0.00357798 -0.0018566747 6.3938891e-20)
(0.0039414908 -0.0018189306 1.9396625e-21)
(0.0041535267 -0.0016829957 1.4002001e-20)
(0.0042796162 -0.0014979314 -1.6607936e-20)
(0.0042718658 -0.0012639344 5.2824749e-20)
(0.0039885874 -0.00096788701 -3.3454938e-21)
(0.0032520692 -0.00061948758 1.3518974e-20)
(0.0018557303 -0.00026226757 -1.8603733e-21)
(-0.00039960863 1.3260996e-05 2.6764385e-21)
(-0.0037458304 7.3899657e-05 -1.6747284e-21)
(-0.0085200877 -0.00028948105 3.1404178e-21)
(-0.014767071 -0.0013774166 -9.7393671e-23)
(-0.022026732 -0.0033937579 3.5920627e-20)
(-0.029884229 -0.0064603179 -1.3931298e-20)
(-0.037792224 -0.010582826 1.2653143e-20)
(-0.045264132 -0.015668793 -8.1790786e-20)
(-0.051807947 -0.021509545 -1.3263123e-20)
(-0.057098573 -0.027847455 1.1695204e-19)
(-0.060893388 -0.034384166 -9.9996278e-20)
(-0.063094744 -0.040826831 -1.9095839e-21)
(-0.063674297 -0.046877281 3.0348802e-20)
(-0.062734986 -0.052298902 -2.7387762e-20)
(-0.060370134 -0.056834356 -5.2529154e-21)
(-0.056777722 -0.060310853 -3.1481569e-21)
(-0.052193526 -0.062610504 -3.4985292e-21)
(-0.046811379 -0.063588263 -4.691192e-21)
(-0.040897734 -0.063210484 6.8250647e-22)
(-0.034690102 -0.061445037 5.1800577e-20)
(-0.028434051 -0.058315804 -7.7179017e-20)
(-0.022361516 -0.053878821 -8.1339259e-20)
(-0.01668971 -0.048226797 -3.2794726e-20)
(-0.011614951 -0.041483662 -7.4904344e-20)
(-0.0073090244 -0.033803243 1.6681113e-20)
(-0.0039120636 -0.025361288 2.425765e-20)
(-0.0015392747 -0.016375023 -3.7716226e-20)
(-0.00025092753 -0.0070006372 -5.0448517e-21)
(-1.8378457e-05 -0.0029578333 -8.9280356e-22)
(-2.8622455e-05 -0.001225898 -5.3007802e-23)
(5.7315585e-05 0.0005165209 -3.0362001e-21)
(0.00023712016 0.0022339546 1.0180654e-20)
(0.00051130618 0.003884716 -7.1990789e-21)
(0.0008682248 0.0054223567 -2.2079675e-20)
(0.0012922399 0.006797003 4.2067023e-21)
(0.0017609367 0.007956771 1.6782785e-20)
(0.0022451905 0.008852467 -1.5946314e-20)
(0.002711251 0.0094435736 3.6059819e-20)
(0.0031230739 0.0097031216 6.6167031e-22)
(0.0034453168 0.0096230656 -2.2767493e-20)
(0.0036468847 0.0092154856 -3.7375433e-20)
(0.0037057866 0.0085160426 3.0511051e-20)
(0.0036117666 0.0075801194 -3.2230841e-20)
(0.0033692273 0.0064800758 -5.1947292e-20)
(0.0029971869 0.0052973809 3.4028693e-20)
(0.0025285201 0.0041155605 -5.4485726e-20)
(0.0020048853 0.0030102217 -7.1831371e-20)
(0.0014689752 0.0020372836 4.6426007e-20)
(0.00096482083 0.0012374529 5.8938419e-20)
(0.00052281633 0.00062132759 5.2568801e-20)
(0.0001842111 0.0002048841 4.3004144e-20)
(-1.6253989e-05 -1.570144e-05 1.0116025e-20)
(-9.7658547e-06 -9.476075e-06 1.7151549e-20)
(0.00021716869 0.00017825374 -3.6572247e-21)
(0.00073044186 0.00055751891 3.2945049e-20)
(0.0014693953 0.0010291299 -8.8010874e-21)
(0.0022591342 0.0014422606 -6.9199017e-21)
(0.0029589256 0.0017102705 4.7786137e-20)
(0.0034473875 0.0017895888 -6.2530976e-20)
(0.0037438664 0.0017280504 -1.8858962e-21)
(0.0039199622 0.0015885645 3.1162929e-20)
(0.0040073666 0.0014030296 1.6259015e-20)
(0.0039266842 0.0011625871 -5.1767231e-20)
(0.0035263501 0.0008571246 3.28237e-21)
(0.0026285501 0.00050336167 9.6843745e-21)
(0.0010263129 0.00015189572 1.8292354e-21)
(-0.0014676867 -9.8923706e-05 -2.6329992e-21)
(-0.0050567741 -0.00010713418 1.6473982e-21)
(-0.01008307 0.00033878148 -3.0853948e-21)
(-0.01653296 0.0015388007 2.5156662e-20)
(-0.023879518 0.0036760947 -3.5035229e-20)
(-0.031709094 0.0068518076 1.3509287e-20)
(-0.039470402 0.011049991 -1.2182193e-20)
(-0.046679055 0.01615621 7.8076517e-20)
(-0.052886345 0.021954314 1.2534884e-20)
(-0.057797536 0.028185092 -1.0921316e-19)
(-0.061191329 0.034549218 9.2010164e-20)
(-0.063008943 0.040768156 1.7236631e-21)
(-0.06321768 0.046537958 -2.6656557e-20)
(-0.061969905 0.051657918 2.3067896e-20)
(-0.059316146 0.055838503 -3.2856571e-20)
(-0.055493242 0.05894294 1.9625195e-21)
(-0.050763611 0.060891275 1.3860443e-21)
(-0.045267284 0.061486216 8.6348475e-21)
(-0.039304354 0.060742529 -8.8924618e-22)
(-0.033099618 0.058621502 -6.0942968e-20)
(-0.026897682 0.055156877 8.6394991e-20)
(-0.020926941 0.050411921 8.834298e-20)
(-0.015399207 0.044483531 3.4884522e-20)
(-0.010506117 0.037502544 7.8440173e-20)
(-0.0064127936 0.029624755 -1.7250372e-20)
(-0.0032532981 0.021032802 4.9221435e-20)
(-0.0011352109 0.011929257 3.8220979e-20)
(-0.00011934337 0.0025374607 5.0700649e-21)
)
;
    }
    frontAndBack
    {
        type            empty;
    }
}


// ************************************************************************* //
