/*--------------------------------*- C++ -*----------------------------------*\
  =========                 |
  \\      /  F ield         | OpenFOAM: The Open Source CFD Toolbox
   \\    /   O peration     | Website:  https://openfoam.org
    \\  /    A nd           | Version:  13
     \\/     M anipulation  |
\*---------------------------------------------------------------------------*/
FoamFile
{
    format      ascii;
    class       volVectorField;
    location    "45.803845";
    object      wallShearStress;
}
// * * * * * * * * * * * * * * * * * * * * * * * * * * * * * * * * * * * * * //

dimensions      [0 2 -2 0 0 0 0];

internalField   uniform (0 0 0);

boundaryField
{
    inlet
    {
        type            calculated;
        value           uniform (0 0 0);
    }
    outlet
    {
        type            calculated;
        value           uniform (0 0 0);
    }
    cylinder
    {
        type            calculated;
        value           nonuniform List<vector> 
132
(
(-1.3349386e-05 0.0012739577 -3.0607531e-22)
(-3.5747124e-05 0.00096379515 8.6698238e-23)
(-4.1394785e-05 0.00065490438 4.7594687e-21)
(-3.0859364e-05 0.00035322723 -1.5871798e-20)
(-4.6414074e-06 6.3674203e-05 1.113107e-20)
(3.6003816e-05 -0.00020892456 3.3786535e-20)
(8.9122766e-05 -0.00046021703 -6.3589922e-21)
(0.0001531186 -0.00068626662 -2.5026037e-20)
(0.00022529293 -0.00088405506 2.3435861e-20)
(0.00030294486 -0.0010514653 -5.2219814e-20)
(0.00038335 -0.001187398 -9.4473519e-22)
(0.00046390253 -0.0012918955 3.2074172e-20)
(0.00054230263 -0.0013661761 5.2045941e-20)
(0.00061675018 -0.0014126148 -4.2084137e-20)
(0.00068615176 -0.001434707 4.4136062e-20)
(0.00075026313 -0.0014369249 7.0792125e-20)
(0.00080995031 -0.0014246625 -4.6252551e-20)
(0.00086730653 -0.0014039002 7.4015198e-20)
(0.00092590683 -0.0013812652 9.7673568e-20)
(0.00099087009 -0.0013636026 -6.3264412e-20)
(0.0010691952 -0.0013579802 -8.0548816e-20)
(0.0011697248 -0.0013711623 2.8367545e-23)
(0.0013031454 -0.0014091977 1.1673009e-20)
(0.0014808988 -0.0014759935 -1.3975877e-20)
(0.0017136087 -0.0015719628 -2.3782468e-20)
(0.0020073551 -0.0016914965 5.0889335e-21)
(0.0023620248 -0.0018234783 -4.5975634e-20)
(0.0027642503 -0.0019483223 1.2291561e-20)
(0.0031901065 -0.0020436468 9.6571513e-21)
(0.0036128349 -0.0020915498 -6.6534709e-20)
(0.004002047 -0.0020784227 8.6837175e-20)
(0.0043316752 -0.0019992272 2.6284831e-21)
(0.0045655664 -0.0018501927 1.8951624e-20)
(0.0046258763 -0.0016202417 -2.2466319e-20)
(0.0043957314 -0.0013028423 7.1425685e-20)
(0.0037116307 -0.00090442506 -4.5201243e-21)
(0.0023885685 -0.00046163533 1.8241099e-20)
(0.0001964361 -4.4424418e-05 -2.5045835e-21)
(-0.0030510831 0.00022284082 3.5899109e-21)
(-0.0075086828 0.00016658373 -2.2346575e-21)
(-0.013556011 -0.00045002805 4.1581842e-21)
(-0.021058076 -0.0019554046 -1.2758574e-22)
(-0.029330885 -0.0045106437 4.6491662e-20)
(-0.037906817 -0.0081863216 -1.7798074e-20)
(-0.046194752 -0.012928232 1.595838e-20)
(-0.053723903 -0.018590398 -1.0192318e-19)
(-0.0600518 -0.024924013 -1.6357231e-20)
(-0.064922472 -0.031655145 1.4307012e-19)
(-0.068149962 -0.038474181 -1.2170169e-19)
(-0.069701309 -0.045094879 -2.3210802e-21)
(-0.06957962 -0.051218543 3.7048132e-20)
(-0.067940168 -0.05663252 -3.3892598e-20)
(-0.064869341 -0.061064749 -6.7096301e-21)
(-0.060605081 -0.064371742 -4.3766374e-21)
(-0.055406359 -0.066460262 -7.3497934e-21)
(-0.049440102 -0.067155014 -1.9063046e-21)
(-0.042998692 -0.066453787 5.6324126e-22)
(-0.036317204 -0.064323202 4.7550821e-20)
(-0.029644215 -0.060793776 -7.3784227e-20)
(-0.023213595 -0.055927499 -7.9341627e-20)
(-0.017243059 -0.049820575 -3.2343848e-20)
(-0.0119301 -0.0426024 -7.4329788e-20)
(-0.0074467186 -0.034429744 1.6605373e-20)
(-0.0039336446 -0.025483929 2.4172894e-20)
(-0.0015062821 -0.015981021 -3.7562905e-20)
(-0.00022654097 -0.0060949902 -5.0139909e-21)
(2.5504734e-05 0.001583466 -1.4145768e-21)
(8.1285682e-05 0.0018925392 -8.461685e-23)
(0.00015542251 0.0021988852 -4.8760995e-21)
(0.0002473857 0.0024967347 1.6404671e-20)
(0.00035638112 0.0027798974 -1.1613845e-20)
(0.00048087972 0.0030418386 -3.5581934e-20)
(0.00061848292 0.0032760303 6.7583469e-21)
(0.00076621119 0.0034761574 2.6835164e-20)
(0.00092027644 0.0036364567 -2.5346462e-20)
(0.0010762751 0.0037520649 5.6941057e-20)
(0.0012293728 0.0038193653 1.0380541e-21)
(0.0013745471 0.0038363133 -3.5501514e-20)
(0.0015068889 0.0038026844 -5.7993042e-20)
(0.0016220462 0.003720503 4.7178992e-20)
(0.0017164076 0.0035936069 -4.9750228e-20)
(0.0017877935 0.0034283163 -8.0182471e-20)
(0.0018357014 0.0032329021 5.2607559e-20)
(0.0018617404 0.003017436 -8.4484921e-20)
(0.0018699834 0.0027934435 -1.1182173e-19)
(0.0018672346 0.0025734025 7.2603389e-20)
(0.0018631548 0.0023700958 9.2617295e-20)
(0.0018706156 0.0021963068 8.3004486e-20)
(0.0019047755 0.0020630672 6.8233146e-20)
(0.001982901 0.0019792024 1.612509e-20)
(0.0021207903 0.0019478564 2.7457382e-20)
(0.0023300259 0.0019652225 -5.8783921e-21)
(0.0026143255 0.0020195476 5.3136033e-20)
(0.0029659769 0.002091335 -1.4214528e-20)
(0.0033592551 0.0021525578 -1.1176981e-20)
(0.0037538871 0.0021736425 7.7084044e-20)
(0.0041115266 0.0021357448 -1.0072717e-19)
(0.004387223 0.0020255468 -3.0353351e-21)
(0.0045210828 0.0018332295 5.0155383e-20)
(0.0044150107 0.0015480226 2.6173493e-20)
(0.0039347994 0.0011687857 -8.3323956e-20)
(0.0029031596 0.00071179524 5.2786077e-21)
(0.001130448 0.00022818028 1.5542248e-20)
(-0.0016074784 -0.00019445595 2.9249892e-21)
(-0.0055053591 -0.00041945094 -4.1849989e-21)
(-0.010598322 -0.00024881611 2.5968528e-21)
(-0.017285107 0.00056643577 -4.8077693e-21)
(-0.02531956 0.0023451857 3.8621188e-20)
(-0.033913794 0.0052097791 -5.2925162e-20)
(-0.042619638 0.0091986408 2.0078862e-20)
(-0.050801229 0.01421278 -1.7837758e-20)
(-0.058054475 0.020084613 1.1293409e-19)
(-0.063984624 0.026550783 1.7974295e-20)
(-0.068374174 0.033332952 -1.5606857e-19)
(-0.071082794 0.040125063 1.3190381e-19)
(-0.072112023 0.046649995 2.5024176e-21)
(-0.071473501 0.052608371 -3.9777483e-20)
(-0.069372187 0.057822173 3.6319024e-20)
(-0.065854789 0.06198827 -5.7948771e-20)
(-0.061203671 0.065003808 4.729082e-21)
(-0.055700076 0.066808723 -1.1387673e-20)
(-0.04945702 0.06717393 1.4360348e-21)
(-0.042808538 0.066155648 -5.5205034e-22)
(-0.035972601 0.063708133 -4.755431e-20)
(-0.029199358 0.059876058 7.4201731e-20)
(-0.022718386 0.054727876 7.9918828e-20)
(-0.016742361 0.04836552 3.257923e-20)
(-0.011463785 0.040925548 7.4813404e-20)
(-0.0070479456 0.03256796 -1.6693931e-20)
(-0.0036291321 0.023480509 4.8129997e-20)
(-0.0013148742 0.013872619 3.7652775e-20)
(-0.00016355347 0.0039587307 5.0210042e-21)
)
;
    }
    frontAndBack
    {
        type            empty;
    }
}


// ************************************************************************* //
