/*--------------------------------*- C++ -*----------------------------------*\
  =========                 |
  \\      /  F ield         | OpenFOAM: The Open Source CFD Toolbox
   \\    /   O peration     | Website:  https://openfoam.org
    \\  /    A nd           | Version:  13
     \\/     M anipulation  |
\*---------------------------------------------------------------------------*/
FoamFile
{
    format      ascii;
    class       volVectorField;
    location    "46.797238";
    object      wallShearStress;
}
// * * * * * * * * * * * * * * * * * * * * * * * * * * * * * * * * * * * * * //

dimensions      [0 2 -2 0 0 0 0];

internalField   uniform (0 0 0);

boundaryField
{
    inlet
    {
        type            calculated;
        value           uniform (0 0 0);
    }
    outlet
    {
        type            calculated;
        value           uniform (0 0 0);
    }
    cylinder
    {
        type            calculated;
        value           nonuniform List<vector> 
132
(
(-3.7724953e-05 0.0030492277 -3.0999825e-22)
(-0.00010879798 0.0027457494 8.8099201e-23)
(-0.00016324487 0.0024224812 4.8523833e-21)
(-0.00019942401 0.0020838717 -1.6236187e-20)
(-0.00021621074 0.0017355495 1.142561e-20)
(-0.00021274822 0.0013812633 3.4801492e-20)
(-0.00018946231 0.0010298923 -6.573253e-21)
(-0.00014670647 0.00068551 -2.5963275e-20)
(-8.5849017e-05 0.00035463298 2.4403903e-20)
(-8.7349401e-06 4.2993258e-05 -5.4582472e-20)
(8.1908543e-05 -0.00024442803 -9.9121891e-22)
(0.00018323596 -0.00050338564 3.3785813e-20)
(0.00029217193 -0.00073054196 5.5038213e-20)
(0.00040530243 -0.00092396944 -4.4677885e-20)
(0.0005195813 -0.0010829963 4.7037535e-20)
(0.00063244168 -0.0012085866 7.5730701e-20)
(0.0007419974 -0.0013030413 -4.9659314e-20)
(0.00084766784 -0.0013705301 7.9740841e-20)
(0.00095003349 -0.0014161444 1.0556853e-19)
(0.0010519549 -0.0014469806 -6.8578838e-20)
(0.0011577047 -0.0014701111 -8.7545361e-20)
(0.0012744809 -0.0014940243 3.0872337e-23)
(0.0014110914 -0.0015262988 1.274039e-20)
(0.0015774614 -0.0015728295 -1.5277447e-20)
(0.0017838549 -0.0016371323 -2.6028108e-20)
(0.0020363746 -0.0017167247 5.5739846e-21)
(0.0023366384 -0.0018045891 -5.0381581e-20)
(0.0026797647 -0.0018893217 1.3471775e-20)
(0.0030508496 -0.0019548039 1.0583637e-20)
(0.0034259087 -0.0019835337 -7.2900865e-20)
(0.0037818229 -0.0019641239 9.5113142e-20)
(0.0040892324 -0.0018873805 2.8776255e-21)
(0.004300506 -0.0017429137 2.0734734e-20)
(0.004331087 -0.0015172958 -2.4557805e-20)
(0.0040611082 -0.0012042481 7.7974399e-20)
(0.003327023 -0.00081181899 -4.9257051e-21)
(0.0019458884 -0.00037869335 1.9830469e-20)
(-0.00030732183 2.2702455e-05 -2.7145289e-21)
(-0.0036296443 0.00027081139 3.8761281e-21)
(-0.0081406506 0.00018448712 -2.4024696e-21)
(-0.014225699 -0.00047043581 4.4480849e-21)
(-0.021747624 -0.0020180661 -1.3572763e-22)
(-0.030001806 -0.0046125772 4.9199245e-20)
(-0.038533609 -0.0083205895 -1.8743034e-20)
(-0.04675968 -0.013085539 1.6733433e-20)
(-0.054203278 -0.018755563 -1.0648088e-19)
(-0.060440267 -0.025084295 -1.7039665e-20)
(-0.065221169 -0.031799914 1.4871741e-19)
(-0.068360254 -0.038592128 -1.2634439e-19)
(-0.069833957 -0.045179997 -2.4087792e-21)
(-0.069639991 -0.051262348 3.8482513e-20)
(-0.067943373 -0.056634611 -3.5304345e-20)
(-0.064819101 -0.061016874 -7.0328477e-21)
(-0.060514329 -0.064274848 -4.6582538e-21)
(-0.055288222 -0.066318018 -8.2703024e-21)
(-0.049297055 -0.066960134 -1.2009496e-21)
(-0.042842017 -0.066211028 5.3076286e-22)
(-0.036153339 -0.064032244 4.6281074e-20)
(-0.029480307 -0.060456744 -7.2645401e-20)
(-0.023055931 -0.055546478 -7.856838e-20)
(-0.017097282 -0.049397753 -3.2137077e-20)
(-0.011801503 -0.042140721 -7.4015928e-20)
(-0.0073398749 -0.033931617 1.6560314e-20)
(-0.0038528774 -0.024953016 2.4133901e-20)
(-0.0014550865 -0.015417545 -3.7534611e-20)
(-0.00020934223 -0.0055121762 -5.0137473e-21)
(4.8790465e-05 0.0033314232 -1.4280289e-21)
(0.00015041587 0.0035926736 -8.5139114e-23)
(0.00026721258 0.0038303302 -4.8894607e-21)
(0.00039695289 0.0040389784 1.6392272e-20)
(0.00053718511 0.0042137731 -1.1563654e-20)
(0.00068484274 0.004350163 -3.5298978e-20)
(0.00083641132 0.0044444095 6.6796563e-21)
(0.00098802509 0.0044935756 2.6422582e-20)
(0.0011355358 0.0044959435 -2.4861564e-20)
(0.0012746926 0.0044509702 5.5638067e-20)
(0.0014014559 0.0043598248 1.0104982e-21)
(0.0015120714 0.0042248739 -3.4427101e-20)
(0.0016035893 0.0040505345 -5.603179e-20)
(0.0016738525 0.0038423887 4.542201e-20)
(0.0017219643 0.0036076409 -4.7735889e-20)
(0.0017486091 0.003355011 -7.6692467e-20)
(0.0017559776 0.0030938421 5.0170473e-20)
(0.0017483075 0.0028345002 -8.0356969e-20)
(0.0017317123 0.0025874174 -1.0610584e-19)
(0.0017146549 0.0023633013 6.8749733e-20)
(0.0017079599 0.0021725445 8.7546436e-20)
(0.0017249817 0.0020249096 7.834536e-20)
(0.0017815174 0.0019289265 6.432754e-20)
(0.0018942925 0.001889957 1.5188619e-20)
(0.0020791514 0.0019087343 2.5846326e-20)
(0.0023456132 0.001977525 -5.5313886e-21)
(0.0026941418 0.0020805191 4.999096e-20)
(0.0031057093 0.0021894432 -1.3374018e-20)
(0.0035452968 0.0022715759 -1.0517801e-20)
(0.0039745444 0.002301359 7.2556515e-20)
(0.0043549232 0.0022621811 -9.4842273e-20)
(0.0046482758 0.0021460353 -2.8591852e-21)
(0.0048000054 0.0019461876 4.727393e-20)
(0.0047144603 0.0016526899 2.4690818e-20)
(0.0042582437 0.0012642196 -7.8699147e-20)
(0.0032496902 0.00079540385 4.9937866e-21)
(0.0014956451 0.00029680839 1.4734981e-20)
(-0.0012337539 -0.00014411589 2.7804299e-21)
(-0.0051346321 -0.00038935203 -3.9906399e-21)
(-0.010252743 -0.00023876127 2.4850988e-21)
(-0.016985615 0.00055762353 -4.6192148e-21)
(-0.025091378 0.0023247368 3.7260889e-20)
(-0.03377341 0.0051887685 -5.1262219e-20)
(-0.042575159 0.009189491 1.9516613e-20)
(-0.050857064 0.014228624 -1.7391611e-20)
(-0.058204536 0.020136668 1.1038654e-19)
(-0.064217926 0.026647914 1.7604713e-20)
(-0.068677799 0.033481245 -1.5308815e-19)
(-0.071441787 0.040327953 1.2951551e-19)
(-0.072510985 0.046908318 2.4581944e-21)
(-0.071900128 0.052922626 -3.9065705e-20)
(-0.069810726 0.058187949 3.5625169e-20)
(-0.06629914 0.062406858 -5.6674409e-20)
(-0.061641668 0.065469312 4.5902684e-21)
(-0.056118943 0.067311535 -1.0751987e-20)
(-0.049855111 0.067715157 1.7969679e-21)
(-0.043177955 0.066727193 -5.692837e-22)
(-0.036309321 0.064305318 -4.8261489e-20)
(-0.029499734 0.060493119 7.4876094e-20)
(-0.022979803 0.055359129 8.0412713e-20)
(-0.016963182 0.049005557 3.272401e-20)
(-0.011643108 0.04156892 7.5058943e-20)
(-0.0071856724 0.033209647 -1.6734449e-20)
(-0.0037257684 0.024115411 4.8213856e-20)
(-0.0013717302 0.014498096 3.7695608e-20)
(-0.00018132051 0.0045612903 5.0237491e-21)
)
;
    }
    frontAndBack
    {
        type            empty;
    }
}


// ************************************************************************* //
