/*--------------------------------*- C++ -*----------------------------------*\
  =========                 |
  \\      /  F ield         | OpenFOAM: The Open Source CFD Toolbox
   \\    /   O peration     | Website:  https://openfoam.org
    \\  /    A nd           | Version:  13
     \\/     M anipulation  |
\*---------------------------------------------------------------------------*/
FoamFile
{
    format      ascii;
    class       volVectorField;
    location    "15.40424";
    object      wallShearStress;
}
// * * * * * * * * * * * * * * * * * * * * * * * * * * * * * * * * * * * * * //

dimensions      [0 2 -2 0 0 0 0];

internalField   uniform (0 0 0);

boundaryField
{
    inlet
    {
        type            calculated;
        value           uniform (0 0 0);
    }
    outlet
    {
        type            calculated;
        value           uniform (0 0 0);
    }
    cylinder
    {
        type            calculated;
        value           nonuniform List<vector> 
132
(
(3.5543948e-05 0.0011389208 -1.176849e-22)
(0.00018281924 -0.0032205656 3.368809e-23)
(0.00056855165 -0.0075328425 1.907182e-21)
(0.0011844842 -0.01165877 -6.6393242e-21)
(0.0020042886 -0.015455027 4.917754e-21)
(0.002986842 -0.018786207 1.5894091e-20)
(0.0040767506 -0.021531227 -3.1991745e-21)
(0.0052051826 -0.023589656 -1.3475017e-20)
(0.0062975937 -0.024886797 1.3472998e-20)
(0.0072744473 -0.025381676 -3.1890105e-20)
(0.008058041 -0.025070535 -6.0829561e-22)
(0.008579214 -0.023990417 2.1616263e-20)
(0.0087843807 -0.022220161 3.6358695e-20)
(0.0086449109 -0.019884518 -3.0185999e-20)
(0.0081615838 -0.017143615 3.2204559e-20)
(0.007369412 -0.014185345 5.2095963e-20)
(0.0063341171 -0.011203343 -3.4072989e-20)
(0.005144588 -0.0083793876 5.4253945e-20)
(0.0039016833 -0.0058624688 7.0935548e-20)
(0.002701826 -0.0037504957 -4.5401432e-20)
(0.0016234412 -0.0020858569 -5.7059043e-20)
(0.00071838364 -0.00085880828 1.9847697e-23)
(1.5097829e-06 -1.3463469e-05 8.0627795e-21)
(-0.00051521486 0.00050760404 -9.5423683e-21)
(-0.00083130134 0.00076195239 -1.6061885e-20)
(-0.00084505135 0.00071578457 3.400684e-21)
(-0.0005790932 0.00045485891 -3.0425625e-20)
(0.00018213501 -0.00011739975 8.0625228e-21)
(0.0012874266 -0.00081412462 6.3079451e-21)
(0.0024295967 -0.0013985576 -4.3438268e-20)
(0.0033556758 -0.0017384835 5.685966e-20)
(0.0039096066 -0.0018030449 1.7268923e-21)
(0.0041820716 -0.0016943946 1.2483452e-20)
(0.0042994029 -0.0015048208 -1.4814311e-20)
(0.0043193981 -0.0012775896 4.7131782e-20)
(0.0041206991 -0.00099904795 -2.9860726e-21)
(0.0035203551 -0.00066891661 1.2076867e-20)
(0.002305217 -0.00032156658 -1.6643053e-21)
(0.00026679223 -3.8184962e-05 2.3996376e-21)
(-0.0028359714 5.1339874e-05 -1.5061246e-21)
(-0.0073504177 -0.00024972287 2.83584e-21)
(-0.013355153 -0.0012479442 -8.841682e-23)
(-0.020441774 -0.0031517046 3.2791868e-20)
(-0.028201609 -0.0060986193 -1.2787308e-20)
(-0.036075424 -0.010104077 1.1672185e-20)
(-0.043600443 -0.015094631 -7.5774028e-20)
(-0.05024114 -0.020860599 -1.2321787e-20)
(-0.055653844 -0.027144685 1.0882251e-19)
(-0.05958895 -0.033649194 -9.2990592e-20)
(-0.061925316 -0.040071492 -1.7705349e-21)
(-0.062633636 -0.046112257 2.7941244e-20)
(-0.061810628 -0.05152919 -2.4873344e-20)
(-0.05954544 -0.056058556 -4.63302e-21)
(-0.056039561 -0.059527146 -2.5678202e-21)
(-0.051532624 -0.061817795 -1.4233056e-21)
(-0.046213367 -0.062775719 -6.437397e-21)
(-0.040356849 -0.062373964 7.7180164e-22)
(-0.034200481 -0.060576823 5.5721924e-20)
(-0.027992947 -0.057409617 -8.1176966e-20)
(-0.021968291 -0.05292907 -8.4473626e-20)
(-0.016345477 -0.04722862 -3.378288e-20)
(-0.011322632 -0.040434171 -7.6726016e-20)
(-0.0070724389 -0.032699849 1.7015417e-20)
(-0.003736198 -0.024204799 2.4662369e-20)
(-0.0014291417 -0.015161099 -3.8242967e-20)
(-0.00021403477 -0.0057478505 -5.1035492e-21)
(0.00012450052 0.005455386 -5.4562828e-22)
(0.00044503724 0.0096773896 -3.3265791e-23)
(0.000991674 0.013710227 -1.9786658e-21)
(0.0017421856 0.017417209 6.9552816e-21)
(0.0026600551 0.020666397 -5.1872173e-21)
(0.0036949346 0.023340133 -1.6819246e-20)
(0.004783209 0.025338719 3.3853205e-21)
(0.0058540671 0.026586823 1.421716e-20)
(0.0068317776 0.02704117 -1.4141339e-20)
(0.0076406523 0.026693878 3.324343e-20)
(0.0082115962 0.025576342 6.2918986e-22)
(0.0084888554 0.023760944 -2.2162097e-20)
(0.0084384396 0.02136442 -3.6948417e-20)
(0.0080536431 0.018540643 3.0412097e-20)
(0.0073594566 0.015472045 -3.2185392e-20)
(0.0064113675 0.012351212 -5.1696486e-20)
(0.0052893992 0.0093632863 3.3611593e-20)
(0.004088206 0.0066652894 -5.3278188e-20)
(0.0029020235 0.0043660731 -6.9439832e-20)
(0.0018129375 0.0025222412 4.4361047e-20)
(0.00087721401 0.0011336765 5.5703158e-20)
(0.00012032798 0.00015545103 4.9198295e-20)
(-0.00044889038 -0.00047742668 3.9908259e-20)
(-0.00083211868 -0.00082654033 9.3181843e-21)
(-0.0010068869 -0.00092559438 1.5688476e-20)
(-0.0008799716 -0.00074830353 -3.3209069e-21)
(-0.0003229576 -0.0002599065 2.9719077e-20)
(0.00064108766 0.00043994951 -7.8940308e-21)
(0.0018360845 0.00116605 -6.190176e-21)
(0.0029358389 0.001693254 4.2749619e-20)
(0.0037096483 0.0019240416 -5.6052846e-20)
(0.004125582 0.0019038734 -1.6946254e-21)
(0.0043163876 0.0017493001 2.8057138e-20)
(0.0044087947 0.0015433694 1.4657791e-20)
(0.0043852591 0.0012975673 -4.6737424e-20)
(0.0040891123 0.00099231606 2.9694614e-21)
(0.0033297427 0.00063433824 8.7867339e-21)
(0.0018892657 0.00026716573 1.6662899e-21)
(-0.00043542266 -1.548597e-05 -2.4110823e-21)
(-0.0038797146 -7.6711648e-05 1.5182353e-21)
(-0.0087828469 0.00029836831 -2.8662939e-21)
(-0.015174314 0.0014151843 2.3591162e-20)
(-0.022565711 0.0034764781 -3.3175115e-20)
(-0.030525562 0.006598519 1.2914437e-20)
(-0.038490442 0.010777752 -1.1751392e-20)
(-0.045956185 0.015907767 7.5943234e-20)
(-0.052439731 0.021771155 1.2284678e-20)
(-0.057622744 0.028101904 -1.0776905e-19)
(-0.06126796 0.034594324 9.1372507e-20)
(-0.063299475 0.040957791 1.7223393e-21)
(-0.063686654 0.046884688 -2.6813408e-20)
(-0.062567419 0.052157349 2.3387963e-20)
(-0.060010643 0.056493647 -3.3767818e-20)
(-0.056247856 0.059745693 2.0886749e-21)
(-0.051535496 0.06181841 6.945714e-22)
(-0.046035408 0.06253092 8.202321e-21)
(-0.040042551 0.061884883 -8.6793426e-22)
(-0.03378921 0.059844608 -6.0107327e-20)
(-0.027523733 0.056442902 8.5711711e-20)
(-0.021478367 0.051743222 8.7992836e-20)
(-0.015868564 0.045843489 3.4850934e-20)
(-0.010888976 0.038875462 7.8557753e-20)
(-0.0067074452 0.030996415 -1.7313377e-20)
(-0.0034602625 0.022390399 4.9499262e-20)
(-0.0012569215 0.013264918 3.8510426e-20)
(-0.00015741109 0.0038275814 5.1182844e-21)
)
;
    }
    frontAndBack
    {
        type            empty;
    }
}


// ************************************************************************* //
