/*--------------------------------*- C++ -*----------------------------------*\
  =========                 |
  \\      /  F ield         | OpenFOAM: The Open Source CFD Toolbox
   \\    /   O peration     | Website:  https://openfoam.org
    \\  /    A nd           | Version:  13
     \\/     M anipulation  |
\*---------------------------------------------------------------------------*/
FoamFile
{
    format      ascii;
    class       volVectorField;
    location    "16.600547";
    object      wallShearStress;
}
// * * * * * * * * * * * * * * * * * * * * * * * * * * * * * * * * * * * * * //

dimensions      [0 2 -2 0 0 0 0];

internalField   uniform (0 0 0);

boundaryField
{
    inlet
    {
        type            calculated;
        value           uniform (0 0 0);
    }
    outlet
    {
        type            calculated;
        value           uniform (0 0 0);
    }
    cylinder
    {
        type            calculated;
        value           nonuniform List<vector> 
132
(
(4.1497577e-05 -0.00034742123 -1.5926368e-22)
(0.00018148596 -0.0035361751 4.564078e-23)
(0.00049629488 -0.0066775323 2.5586101e-21)
(0.00097865896 -0.0096784415 -8.7641188e-21)
(0.0016113382 -0.012448187 6.349965e-21)
(0.0023666671 -0.014897344 2.0001448e-20)
(0.0032073039 -0.0169444 -3.9175109e-21)
(0.0040861191 -0.018518715 -1.606352e-20)
(0.0049496842 -0.019558074 1.5665309e-20)
(0.0057364113 -0.020012151 -3.6272086e-20)
(0.0063800526 -0.019847045 -6.7918227e-22)
(0.0068166543 -0.019059822 2.3763359e-20)
(0.0069935901 -0.017689825 3.9485022e-20)
(0.0068774719 -0.0158201 -3.2476506e-20)
(0.0064636853 -0.01357941 3.4409609e-20)
(0.0057777681 -0.011124987 5.5400976e-20)
(0.0048777248 -0.008631026 -3.6127087e-20)
(0.0038457789 -0.006268085 5.7446138e-20)
(0.0027744709 -0.0041732471 7.5099634e-20)
(0.0017566148 -0.0024432853 -4.8110433e-20)
(0.00086171828 -0.0011132096 -6.0564414e-20)
(0.00013459029 -0.00017169317 2.1041089e-23)
(-0.00042073962 0.00044698994 8.5978225e-21)
(-0.00081245997 0.00080631199 -1.0202081e-20)
(-0.0010523454 0.00096583017 -1.7216783e-20)
(-0.001067481 0.00090355282 3.6524821e-21)
(-0.00082255847 0.00064302127 -3.2728146e-20)
(-8.3823499e-05 7.0246968e-05 8.6816291e-21)
(0.00099726161 -0.00062822752 6.7963656e-21)
(0.0020786292 -0.0011957697 -4.6797029e-20)
(0.0029122201 -0.00150877 6.1194805e-20)
(0.0033619987 -0.0015507132 1.8547053e-21)
(0.0035816921 -0.0014510304 1.3367543e-20)
(0.0037280546 -0.0013042003 -1.5807315e-20)
(0.0038606348 -0.0011408155 5.0094728e-20)
(0.0038505533 -0.00093205971 -3.1597394e-21)
(0.0035219937 -0.00066701744 1.2717669e-20)
(0.0026688005 -0.00036786441 -1.7437065e-21)
(0.0010797201 -0.00010093465 2.5019174e-21)
(-0.001484669 1.9904906e-05 -1.5637207e-21)
(-0.0054011525 -0.00018365275 2.9343873e-21)
(-0.010788843 -0.0010114547 -9.1318331e-23)
(-0.01729426 -0.0026695307 3.3863905e-20)
(-0.02453469 -0.0053085474 -1.3215754e-20)
(-0.031954831 -0.0089525428 1.2079929e-20)
(-0.03906933 -0.01352796 -7.855675e-20)
(-0.045378266 -0.018843449 -1.2802043e-20)
(-0.050526269 -0.024645391 1.1332671e-19)
(-0.054274192 -0.030649273 -9.714471e-20)
(-0.056520666 -0.036575087 -1.85724e-21)
(-0.057237508 -0.042140149 2.9498717e-20)
(-0.056527458 -0.047125256 -2.6537161e-20)
(-0.054482071 -0.051291966 -5.0480267e-21)
(-0.051280629 -0.054472125 -2.9551012e-21)
(-0.047158326 -0.056570558 -2.8048454e-21)
(-0.042298292 -0.057457582 -5.2920161e-21)
(-0.036939913 -0.057092896 7.1417053e-22)
(-0.031309746 -0.055456709 5.324303e-20)
(-0.025632703 -0.052569148 -7.8701372e-20)
(-0.020123297 -0.048483988 -8.2569534e-20)
(-0.014981217 -0.043286998 -3.3191845e-20)
(-0.01038689 -0.037093085 -7.5646213e-20)
(-0.0064975877 -0.03004308 1.6817306e-20)
(-0.0034420903 -0.022299917 2.4419236e-20)
(-0.0013245574 -0.014057322 -3.7916357e-20)
(-0.00020226014 -0.0054759649 -5.065003e-21)
(7.496792e-05 0.0028297123 -7.3227166e-22)
(0.00028035058 0.0059648309 -4.3911618e-23)
(0.00065506541 0.0089967797 -2.5529111e-21)
(0.0011871224 0.011832498 8.7250714e-21)
(0.0018544121 0.014382194 -6.309765e-21)
(0.002624427 0.016558239 -1.982784e-20)
(0.0034550287 0.018283862 3.8726373e-21)
(0.0042960611 0.019494423 1.5826161e-20)
(0.0050911503 0.020137166 -1.5373566e-20)
(0.0057778424 0.020174014 3.5439272e-20)
(0.0062922804 0.01958929 6.6043425e-22)
(0.0065772293 0.018404014 -2.2985156e-20)
(0.0065914286 0.016684763 -3.7988164e-20)
(0.0063169843 0.014541671 3.1080665e-20)
(0.0057660869 0.01212333 -3.2766178e-20)
(0.0049819981 0.0095999931 -5.251852e-20)
(0.0040343785 0.0071450474 3.4119418e-20)
(0.0030116822 0.0049141876 -5.4098302e-20)
(0.0020041034 0.0030196497 -7.0583729e-20)
(0.0010889877 0.0015206971 4.5167562e-20)
(0.00032074142 0.00042437415 5.6834156e-20)
(-0.00028331011 -0.00032167025 5.0310699e-20)
(-0.00072666101 -0.0007803976 4.0906341e-20)
(-0.0010307969 -0.0010259192 9.574072e-21)
(-0.0011811659 -0.0010857893 1.6151889e-20)
(-0.0010909443 -0.00092573732 -3.42456e-21)
(-0.00061013257 -0.00048140409 3.0669755e-20)
(0.00031112814 0.00020734096 -8.1489945e-21)
(0.0014612563 0.00092596725 -6.3877912e-21)
(0.0024987213 0.001440524 4.4086988e-20)
(0.0031780011 0.0016483362 -5.7712635e-20)
(0.0035136457 0.0016215842 -1.740649e-21)
(0.0036780081 0.0014902846 2.8725925e-20)
(0.0038290066 0.0013395651 1.4952171e-20)
(0.0039479505 0.0011668715 -4.7480863e-20)
(0.003880917 0.00093999567 3.0034119e-21)
(0.0034407357 0.00065265126 8.8460178e-21)
(0.0024241182 0.00033612928 1.6699201e-21)
(0.00061645346 6.5039942e-05 -2.4067715e-21)
(-0.0022250746 -3.7396713e-05 1.5111502e-21)
(-0.0064669639 0.00021976484 -2.8484137e-21)
(-0.012171681 0.0011387175 2.3452238e-20)
(-0.018936502 0.0029207377 -3.3035208e-20)
(-0.02633456 0.0056956337 1.2889667e-20)
(-0.033792145 0.0094649612 -1.1759905e-20)
(-0.040855481 0.014144466 7.6211515e-20)
(-0.047003746 0.019516416 1.2353883e-20)
(-0.051926259 0.025325622 -1.0861761e-19)
(-0.055412428 0.031289423 9.2251056e-20)
(-0.057376887 0.037126602 1.7423409e-21)
(-0.057810491 0.04255949 -2.7186497e-20)
(-0.056842862 0.047385759 2.3799356e-20)
(-0.054549517 0.051352843 -3.460157e-20)
(-0.051135305 0.054315274 2.1855499e-21)
(-0.046848767 0.056196487 2.1195917e-22)
(-0.041844033 0.056837527 7.9068077e-21)
(-0.036387959 0.056236513 -8.5250391e-22)
(-0.030695326 0.054364578 -5.9407309e-20)
(-0.024992679 0.051251912 8.4957174e-20)
(-0.019491991 0.046957104 8.7351166e-20)
(-0.014389737 0.041570161 3.4625521e-20)
(-0.0098630706 0.035211244 7.8081609e-20)
(-0.0060647306 0.028023808 -1.721058e-20)
(-0.0031188623 0.020175498 4.9200498e-20)
(-0.001124392 0.011854369 3.8266319e-20)
(-0.00013669388 0.0032526635 5.0833237e-21)
)
;
    }
    frontAndBack
    {
        type            empty;
    }
}


// ************************************************************************* //
