/*--------------------------------*- C++ -*----------------------------------*\
  =========                 |
  \\      /  F ield         | OpenFOAM: The Open Source CFD Toolbox
   \\    /   O peration     | Website:  https://openfoam.org
    \\  /    A nd           | Version:  13
     \\/     M anipulation  |
\*---------------------------------------------------------------------------*/
FoamFile
{
    format      ascii;
    class       volVectorField;
    location    "27.497997";
    object      wallShearStress;
}
// * * * * * * * * * * * * * * * * * * * * * * * * * * * * * * * * * * * * * //

dimensions      [0 2 -2 0 0 0 0];

internalField   uniform (0 0 0);

boundaryField
{
    inlet
    {
        type            calculated;
        value           uniform (0 0 0);
    }
    outlet
    {
        type            calculated;
        value           uniform (0 0 0);
    }
    cylinder
    {
        type            calculated;
        value           nonuniform List<vector> 
132
(
(1.0475984e-05 -0.00047823472 -2.4702149e-22)
(3.6933758e-05 -0.00080856003 7.0251814e-23)
(8.1858086e-05 -0.0011328181 3.8724966e-21)
(0.00014463766 -0.0014451694 -1.2969383e-20)
(0.00022418311 -0.0017396672 9.1356183e-21)
(0.00031873363 -0.002010375 2.7853682e-20)
(0.00042586463 -0.0022516236 -5.2659127e-21)
(0.00054251213 -0.0024581733 -2.0817132e-20)
(0.00066502486 -0.0026255434 1.9580679e-20)
(0.00078932045 -0.0027501355 -4.3817788e-20)
(0.00091112768 -0.0028296189 -7.959781e-22)
(0.0010260064 -0.0028628901 2.7131596e-20)
(0.0011298005 -0.0028507086 4.4187614e-20)
(0.0012186697 -0.0027950972 -3.5850808e-20)
(0.0012897999 -0.0027003974 3.7713471e-20)
(0.0013411723 -0.0025719518 6.0653845e-20)
(0.0013723496 -0.0024170575 -3.972089e-20)
(0.0013843595 -0.0022439699 6.3687241e-20)
(0.0013800267 -0.0020618476 8.4177802e-20)
(0.0013644093 -0.001880791 -5.4590201e-20)
(0.0013440837 -0.0017102207 -6.9567325e-20)
(0.0013282437 -0.0015599681 2.44828e-23)
(0.0013278884 -0.0014387018 1.0090385e-20)
(0.0013568059 -0.0013546642 -1.2081058e-20)
(0.0014305668 -0.0013141273 -2.0552703e-20)
(0.0015652523 -0.0013201234 4.3955682e-21)
(0.0017739714 -0.0013699998 -3.9683333e-20)
(0.002059155 -0.0014512274 1.0600418e-20)
(0.0024131905 -0.0015453401 8.3210846e-21)
(0.0028094473 -0.0016256122 -5.7283334e-20)
(0.003208011 -0.001665128 7.4704131e-20)
(0.0035789982 -0.0016508527 2.2592347e-21)
(0.0038967592 -0.0015779557 1.6271285e-20)
(0.0041210591 -0.001441729 -1.9261466e-20)
(0.0041769631 -0.0012354501 6.1141047e-20)
(0.0039328548 -0.000954131 -3.8636144e-21)
(0.0032224195 -0.00061372948 1.5576279e-20)
(0.0018338012 -0.00025928086 -2.1385331e-21)
(-0.00043977941 1.6142904e-05 3.0698391e-21)
(-0.0038320986 7.5857864e-05 -1.9169233e-21)
(-0.008689105 -0.00029517016 3.5868809e-21)
(-0.014990341 -0.001397783 -1.1094072e-22)
(-0.022218453 -0.0034225505 4.0804586e-20)
(-0.029933413 -0.006469854 -1.577323e-20)
(-0.037569727 -0.01051902 1.4273734e-20)
(-0.044630224 -0.015447848 -9.1917068e-20)
(-0.050676956 -0.021037844 -1.4855037e-20)
(-0.05543506 -0.027033439 1.3063124e-19)
(-0.058708168 -0.03314745 -1.11538e-19)
(-0.060453062 -0.039114647 -2.1310397e-21)
(-0.060664482 -0.044658675 3.399363e-20)
(-0.05948006 -0.049582819 -3.0965167e-20)
(-0.056986759 -0.053646527 -6.063127e-21)
(-0.05338298 -0.056702437 -3.8396894e-21)
(-0.04890615 -0.058664703 -5.7083034e-21)
(-0.043724692 -0.059393067 -3.0512735e-21)
(-0.038091336 -0.058870767 6.0953018e-22)
(-0.032221855 -0.057070879 4.90508e-20)
(-0.026340255 -0.054019213 -7.4790804e-20)
(-0.020657478 -0.049770357 -7.974564e-20)
(-0.01537021 -0.044410726 -3.236134e-20)
(-0.010656328 -0.038055606 -7.4188526e-20)
(-0.0066709323 -0.030845776 1.6554888e-20)
(-0.003540991 -0.022943412 2.4094145e-20)
(-0.0013695952 -0.014543172 -3.7459854e-20)
(-0.00021256311 -0.0057989708 -5.0063379e-21)
(2.0576591e-06 -0.00014436204 -1.1373193e-21)
(1.1966847e-05 0.00019352983 -6.778344e-23)
(4.0665512e-05 0.00053322885 -3.8921473e-21)
(8.8653831e-05 0.00086899241 1.3050136e-20)
(0.00015534626 0.0011945856 -9.2095949e-21)
(0.00023961471 0.0015036358 -2.8132614e-20)
(0.00033959199 0.0017897086 5.3289883e-21)
(0.00045267354 0.0020465874 2.1108247e-20)
(0.00057548859 0.0022685174 -1.9894628e-20)
(0.00070413299 0.002450496 4.4611429e-20)
(0.00083422525 0.002588487 8.1204281e-22)
(0.00096108282 0.0026798434 -2.7737293e-20)
(0.0010799458 0.0027233574 -4.5266927e-20)
(0.0011864236 0.0027198526 3.6800668e-20)
(0.0012765645 0.0026716302 -3.8789054e-20)
(0.0013477507 0.0025837005 -6.2501403e-20)
(0.001398127 0.0024617612 4.1004666e-20)
(0.0014282457 0.0023145455 -6.5855595e-20)
(0.0014399743 0.0021509874 -8.7179559e-20)
(0.0014373301 0.0019809964 5.6616e-20)
(0.0014273483 0.0018159545 7.2239694e-20)
(0.0014187904 0.0016661869 6.4754662e-20)
(0.0014236604 0.0015424198 5.3237174e-20)
(0.0014560358 0.0014537653 1.2580968e-20)
(0.0015320796 0.0014074797 2.1417948e-20)
(0.0016672598 0.0014063294 -4.5833377e-21)
(0.0018740836 0.0014475416 4.1400172e-20)
(0.0021542496 0.0015185273 -1.1064359e-20)
(0.0024953097 0.0015982587 -8.6894857e-21)
(0.0028692841 0.0016605579 5.9847571e-20)
(0.0032430517 0.001683591 -7.8086366e-20)
(0.0035874276 0.0016550102 -2.3491331e-21)
(0.0038698012 0.0015673954 3.8744605e-20)
(0.0040358778 0.0014125036 2.0178239e-20)
(0.0039930047 0.0011819902 -6.4119039e-20)
(0.0035963847 0.00087407898 4.0562874e-21)
(0.0026722682 0.00051185621 1.193833e-20)
(0.0009994499 0.00014884478 2.2491684e-21)
(-0.0016167374 -0.00011104386 -3.2289091e-21)
(-0.0053711568 -0.00011436718 2.0148342e-21)
(-0.010622809 0.00035636725 -3.7623626e-21)
(-0.017263683 0.001605998 3.0568746e-20)
(-0.024707116 0.0038023641 -4.2413607e-20)
(-0.032503114 0.0070217846 1.6290172e-20)
(-0.040051961 0.011210971 -1.4635445e-20)
(-0.046916554 0.016236552 9.3532615e-20)
(-0.052678015 0.021864923 1.4991098e-20)
(-0.057091804 0.027837913 -1.3069612e-19)
(-0.059999953 0.033873509 1.1052534e-19)
(-0.061377803 0.039709824 2.088635e-21)
(-0.061236352 0.045076613 -3.2859671e-20)
(-0.059736079 0.049793257 2.9373795e-20)
(-0.056949259 0.053608105 -4.4902231e-20)
(-0.053098483 0.056397248 3.2969691e-21)
(-0.048435519 0.058096966 -4.8366527e-21)
(-0.043098999 0.058539618 5.0942206e-21)
(-0.037360502 0.057737313 -7.2120486e-22)
(-0.031429878 0.055663553 -5.4161662e-20)
(-0.02552939 0.052350734 8.0086308e-20)
(-0.019867571 0.047860219 8.3860326e-20)
(-0.014636853 0.042282397 3.3611134e-20)
(-0.010011235 0.035738392 7.6332949e-20)
(-0.0061404528 0.028371388 -1.690387e-20)
(-0.0031462589 0.020348978 4.8472585e-20)
(-0.0011256087 0.011857927 3.7773235e-20)
(-0.00013278809 0.0030938191 5.0230836e-21)
)
;
    }
    frontAndBack
    {
        type            empty;
    }
}


// ************************************************************************* //
