/*--------------------------------*- C++ -*----------------------------------*\
  =========                 |
  \\      /  F ield         | OpenFOAM: The Open Source CFD Toolbox
   \\    /   O peration     | Website:  https://openfoam.org
    \\  /    A nd           | Version:  13
     \\/     M anipulation  |
\*---------------------------------------------------------------------------*/
FoamFile
{
    format      ascii;
    class       volVectorField;
    location    "14.595675";
    object      wallShearStress;
}
// * * * * * * * * * * * * * * * * * * * * * * * * * * * * * * * * * * * * * //

dimensions      [0 2 -2 0 0 0 0];

internalField   uniform (0 0 0);

boundaryField
{
    inlet
    {
        type            calculated;
        value           uniform (0 0 0);
    }
    outlet
    {
        type            calculated;
        value           uniform (0 0 0);
    }
    cylinder
    {
        type            calculated;
        value           nonuniform List<vector> 
132
(
(3.1958643e-05 0.001680939 -1.0810021e-22)
(0.00017537313 -0.0029452508 3.0772092e-23)
(0.00057160218 -0.0075315062 1.7410083e-21)
(0.0012141218 -0.01193051 -6.0741738e-21)
(0.0020753583 -0.015991323 4.5225876e-21)
(0.0031122251 -0.019567248 1.4724977e-20)
(0.0042658061 -0.022524569 -2.989262e-21)
(0.0054626341 -0.0247529 -1.2703526e-20)
(0.0066227578 -0.026169527 1.2811214e-20)
(0.0076609109 -0.026728771 -3.05623e-20)
(0.0084936984 -0.026425279 -5.8691122e-22)
(0.0090473106 -0.025299098 2.0976772e-20)
(0.0092653414 -0.023436729 3.5443016e-20)
(0.0091174479 -0.020971542 -2.9527091e-20)
(0.0086054717 -0.018076201 3.1577481e-20)
(0.0077664988 -0.014949928 5.1160331e-20)
(0.00667105 -0.011799544 -3.3486136e-20)
(0.005413821 -0.0088181105 5.3328604e-20)
(0.0041017104 -0.0061631486 6.970423e-20)
(0.0028378985 -0.0039394419 -4.4587713e-20)
(0.001704325 -0.0021897818 -5.5995221e-20)
(0.00075621708 -0.0009039527 1.9463213e-23)
(6.6140871e-06 -1.9534665e-05 7.9010072e-21)
(-0.00053347632 0.00052544088 -9.3450816e-21)
(-0.00087434032 0.00080117733 -1.5721397e-20)
(-0.00090869975 0.00076934684 3.3265881e-21)
(-0.00065096673 0.00051050743 -2.9741645e-20)
(0.00012203561 -7.4664452e-05 7.8755464e-21)
(0.0012611712 -0.00079685936 6.1580471e-21)
(0.0024498852 -0.0014098775 -4.2397579e-20)
(0.0034148965 -0.0017690031 5.5507854e-20)
(0.0039876001 -0.0018389906 1.6865554e-21)
(0.0042629016 -0.0017271689 1.2197368e-20)
(0.0043798328 -0.0015329757 -1.4480908e-20)
(0.0044028938 -0.0013022437 4.6093445e-20)
(0.0042095237 -0.0010204858 -2.9221751e-21)
(0.0036141198 -0.00068654391 1.1828524e-20)
(0.0024009215 -0.00033447326 -1.631861e-21)
(0.00035942121 -4.5828035e-05 2.3559962e-21)
(-0.0027529898 4.9179021e-05 -1.4810212e-21)
(-0.0072871676 -0.0002475749 2.7935348e-21)
(-0.013321773 -0.0012450719 -8.7268504e-23)
(-0.020446233 -0.0031525848 3.2424613e-20)
(-0.028248189 -0.0061088441 -1.266474e-20)
(-0.036164255 -0.01012907 1.1576205e-20)
(-0.043727832 -0.01513878 -7.523261e-20)
(-0.050400359 -0.020926728 -1.2243496e-20)
(-0.055836691 -0.027233896 1.0818537e-19)
(-0.059786734 -0.033760885 -9.2464422e-20)
(-0.06212954 -0.040203628 -1.7602485e-21)
(-0.062837046 -0.046261979 2.7761635e-20)
(-0.062006449 -0.051692388 -2.4678644e-20)
(-0.059728648 -0.056230981 -4.5823876e-21)
(-0.056207072 -0.059705019 -2.5168724e-21)
(-0.051681532 -0.06199635 -1.2257384e-21)
(-0.046341926 -0.062950269 -6.6187637e-21)
(-0.04046442 -0.062540127 7.8191958e-22)
(-0.034287266 -0.06073043 5.6205881e-20)
(-0.028059877 -0.057546749 -8.171182e-20)
(-0.022016974 -0.053046197 -8.4925564e-20)
(-0.016378065 -0.047322554 -3.3935385e-20)
(-0.011341771 -0.040502187 -7.7024687e-20)
(-0.007081163 -0.032739642 1.7073123e-20)
(-0.0037378534 -0.024214599 2.4735236e-20)
(-0.0014273388 -0.015139452 -3.8340485e-20)
(-0.00021259785 -0.0056942243 -5.114512e-21)
(0.00013897802 0.0062519083 -5.05312e-22)
(0.00049026481 0.010712741 -3.1147703e-23)
(0.0010807551 0.014964011 -1.8760417e-21)
(0.0018857581 0.018864247 6.6830534e-21)
(0.0028661521 0.022274555 -5.0499943e-21)
(0.003968096 0.0250701 -1.6574664e-20)
(0.0051236638 0.027146332 3.3723282e-21)
(0.0062581089 0.028424843 1.42932e-20)
(0.0072910609 0.028861377 -1.4324913e-20)
(0.0081425858 0.028449219 3.3878313e-20)
(0.0087402249 0.027224138 6.4415505e-22)
(0.0090261519 0.025265783 -2.27677e-20)
(0.0089654598 0.02269931 -3.8048614e-20)
(0.0085520001 0.019688255 3.1365492e-20)
(0.0078127038 0.016425052 -3.3221996e-20)
(0.0068064293 0.013112273 -5.3376733e-20)
(0.0056176718 0.0099442625 3.4699752e-20)
(0.0043461154 0.0070855639 -5.4980903e-20)
(0.003091407 0.0046507146 -7.1618031e-20)
(0.0019402435 0.0026990205 4.572356e-20)
(0.00095234226 0.0012302159 5.7378208e-20)
(0.00015516238 0.00019711224 5.0649811e-20)
(-0.00044509731 -0.00047279459 4.1068157e-20)
(-0.0008532249 -0.00084724379 9.5856823e-21)
(-0.0010485227 -0.00096363266 1.613415e-20)
(-0.00093382487 -0.00079357884 -3.4142473e-21)
(-0.00039821284 -0.00031809273 3.0547485e-20)
(0.00057965195 0.00039624104 -8.1097829e-21)
(0.0018085345 0.0011479794 -6.3573555e-21)
(0.0029418201 0.0016964053 4.3891249e-20)
(0.0037414111 0.0019403908 -5.7542916e-20)
(0.0041670967 0.001923004 -1.7394275e-21)
(0.0043598012 0.0017669117 2.8795343e-20)
(0.0044494343 0.0015576232 1.5040234e-20)
(0.004422327 0.0013085661 -4.7944234e-20)
(0.0041187385 0.00099954925 3.0450855e-21)
(0.0033464261 0.00063759386 9.0068075e-21)
(0.0018847285 0.00026672224 1.7071878e-21)
(-0.00047036933 -1.7932066e-05 -2.4688974e-21)
(-0.0039550657 -7.8413272e-05 1.5536803e-21)
(-0.0089107797 0.00030267033 -2.9312092e-21)
(-0.01536294 0.001432646 2.4108013e-20)
(-0.022814224 0.0035146251 -3.3878615e-20)
(-0.030830191 0.0066642226 1.3180612e-20)
(-0.038843016 0.010876313 -1.1988011e-20)
(-0.046342208 0.016041233 7.7448974e-20)
(-0.052847184 0.021940122 1.2527571e-20)
(-0.058039687 0.028305039 -1.0992383e-19)
(-0.061682751 0.034828336 9.3259593e-20)
(-0.063703472 0.04121901 1.7600612e-21)
(-0.064071935 0.047168151 -2.746229e-20)
(-0.062928392 0.052458104 2.4052951e-20)
(-0.060342697 0.056806104 -3.5042349e-20)
(-0.05654861 0.060065031 2.229533e-21)
(-0.051803208 0.062139441 4.6039633e-23)
(-0.04626914 0.062848328 7.8418621e-21)
(-0.040242629 0.062194051 -8.5149734e-22)
(-0.033956594 0.060141047 -5.9484481e-20)
(-0.027660092 0.056722559 8.518647e-20)
(-0.021585943 0.052002458 8.7673881e-20)
(-0.015950057 0.046079076 3.4781825e-20)
(-0.010947494 0.039084671 7.8492781e-20)
(-0.0067463994 0.031176967 -1.731396e-20)
(-0.0034833194 0.022540564 4.9534243e-20)
(-0.001267895 0.013383608 3.8558811e-20)
(-0.00016009789 0.0039137255 5.1271121e-21)
)
;
    }
    frontAndBack
    {
        type            empty;
    }
}


// ************************************************************************* //
