/*--------------------------------*- C++ -*----------------------------------*\
  =========                 |
  \\      /  F ield         | OpenFOAM: The Open Source CFD Toolbox
   \\    /   O peration     | Website:  https://openfoam.org
    \\  /    A nd           | Version:  13
     \\/     M anipulation  |
\*---------------------------------------------------------------------------*/
FoamFile
{
    format      ascii;
    class       volVectorField;
    location    "36.903662";
    object      wallShearStress;
}
// * * * * * * * * * * * * * * * * * * * * * * * * * * * * * * * * * * * * * //

dimensions      [0 2 -2 0 0 0 0];

internalField   uniform (0 0 0);

boundaryField
{
    inlet
    {
        type            calculated;
        value           uniform (0 0 0);
    }
    outlet
    {
        type            calculated;
        value           uniform (0 0 0);
    }
    cylinder
    {
        type            calculated;
        value           nonuniform List<vector> 
132
(
(3.9888419e-07 0.00021818023 -2.6508811e-22)
(5.5749707e-06 -5.5186463e-05 7.5569027e-23)
(2.6278977e-05 -0.00033430566 4.1751332e-21)
(6.3243673e-05 -0.00061481164 -1.4014508e-20)
(0.00011640817 -0.00089191361 9.8936663e-21)
(0.00018530846 -0.0011604714 3.02306e-20)
(0.00026887994 -0.00141513 -5.727575e-21)
(0.00036543067 -0.0016505179 -2.2690349e-20)
(0.00047258371 -0.0018614529 2.1387812e-20)
(0.00058745205 -0.002043133 -4.7962561e-20)
(0.00070663778 -0.0021914 -8.7307319e-22)
(0.00082632337 -0.0023029583 2.9822833e-20)
(0.00094251081 -0.0023757153 4.8672062e-20)
(0.0010511927 -0.00240883 -3.9570905e-20)
(0.0011487521 -0.0024031894 4.1711856e-20)
(0.001232065 -0.0023610335 6.7217933e-20)
(0.0012992056 -0.0022867533 -4.4104407e-20)
(0.0013492006 -0.0021856986 7.0845729e-20)
(0.0013829136 -0.0020650781 9.3801411e-20)
(0.0014030102 -0.0019331215 -6.0928594e-20)
(0.0014142584 -0.0017988385 -7.775726e-20)
(0.0014241676 -0.0016721711 2.7391205e-23)
(0.0014422755 -0.001562407 1.1305469e-20)
(0.0014811727 -0.0014788422 -1.3548701e-20)
(0.0015551223 -0.0014287774 -2.3067417e-20)
(0.001679054 -0.0014165194 4.9363692e-21)
(0.0018655816 -0.0014412516 -4.4584831e-20)
(0.0021216852 -0.0014957991 1.1912596e-20)
(0.0024399286 -0.0015628993 9.3520191e-21)
(0.0028015858 -0.001621331 -6.4372352e-20)
(0.0031795555 -0.001650476 8.392854e-20)
(0.0035374587 -0.0016317573 2.5374067e-21)
(0.0038432388 -0.0015563724 1.8266626e-20)
(0.0040470212 -0.0014160353 -2.1610957e-20)
(0.0040622765 -0.00120193 6.8540536e-20)
(0.0037536656 -0.00091135982 -4.3257639e-21)
(0.002952174 -0.00056358343 1.7408676e-20)
(0.0014414098 -0.00020726596 -2.3843689e-21)
(-0.00098143433 5.8130723e-05 3.4119156e-21)
(-0.0045381343 9.3406383e-05 -2.1223797e-21)
(-0.0095818048 -0.00032375025 3.952479e-21)
(-0.016058087 -0.0014957363 -1.2156472e-22)
(-0.02342106 -0.00360634 4.4467339e-20)
(-0.031225688 -0.0067477604 -1.709782e-20)
(-0.038887457 -0.010886692 1.5398791e-20)
(-0.045930311 -0.015896869 -9.8780798e-20)
(-0.051922479 -0.021553556 -1.5916907e-20)
(-0.056597754 -0.027599202 1.3972828e-19)
(-0.059773509 -0.033747825 -1.1925687e-19)
(-0.061411026 -0.039733451 -2.2816051e-21)
(-0.061513124 -0.045282484 3.6535565e-20)
(-0.06022007 -0.05019885 -3.3542165e-20)
(-0.057621387 -0.054243189 -6.6739088e-21)
(-0.053919341 -0.057271456 -4.3875237e-21)
(-0.049351727 -0.059198533 -7.5665405e-21)
(-0.044085846 -0.059883008 -1.5755731e-21)
(-0.038376884 -0.059311475 5.3873353e-22)
(-0.032440271 -0.057457117 4.6149085e-20)
(-0.026500335 -0.05434686 -7.2038483e-20)
(-0.020768109 -0.050036181 -7.7741728e-20)
(-0.015440213 -0.044612138 -3.177444e-20)
(-0.010694545 -0.038190969 -7.3179582e-20)
(-0.0066860141 -0.030913865 1.6380961e-20)
(-0.0035415472 -0.022944109 2.3893333e-20)
(-0.0013638844 -0.014475796 -3.7205371e-20)
(-0.00020901323 -0.0056681316 -4.9777378e-21)
(9.9043772e-06 0.00048452767 -1.2175468e-21)
(3.347635e-05 0.00074452138 -7.2381801e-23)
(7.1592753e-05 0.00099635431 -4.1450551e-21)
(0.00012333112 0.0012356383 1.3858946e-20)
(0.00018760305 0.0014581283 -9.7514456e-21)
(0.00026286423 0.0016597181 -2.9695691e-20)
(0.00034712167 0.0018366427 5.6069738e-21)
(0.0004379835 0.0019856144 2.2135608e-20)
(0.00053273344 0.0021039821 -2.079179e-20)
(0.00062839353 0.0021899104 4.6461878e-20)
(0.00072197187 0.0022424725 8.4282427e-22)
(0.0008105287 0.0022617831 -2.8687478e-20)
(0.0008913663 0.0022490949 -4.6658248e-20)
(0.00096221273 0.0022067665 3.7806621e-20)
(0.0010214719 0.0021383565 -3.972348e-20)
(0.0010683244 0.0020483414 -6.3817458e-20)
(0.0011030851 0.0019423267 4.1752657e-20)
(0.0011271996 0.0018265312 -6.6890102e-20)
(0.0011436019 0.0017079126 -8.8350788e-20)
(0.0011567375 0.0015937254 5.7265344e-20)
(0.0011727044 0.0014912741 7.2946356e-20)
(0.0011995381 0.0014078631 6.5298048e-20)
(0.0012473704 0.0013504938 5.3624055e-20)
(0.0013283361 0.0013253101 1.2661551e-20)
(0.0014558243 0.0013365294 2.1541566e-20)
(0.0016423417 0.0013845689 -4.6078411e-21)
(0.0018953102 0.0014634118 4.1610781e-20)
(0.0022141437 0.0015604348 -1.1118869e-20)
(0.0025848425 0.0016554771 -8.7314057e-21)
(0.002977715 0.0017232966 6.0129855e-20)
(0.0033642494 0.0017465307 -7.844275e-20)
(0.0037187814 0.0017156295 -2.3594781e-21)
(0.0040096799 0.0016240565 3.8909846e-20)
(0.0041822605 0.0014637202 2.0262932e-20)
(0.0041416106 0.0012259321 -6.4389657e-20)
(0.0037393326 0.00090871981 4.074097e-21)
(0.0027974024 0.00053558972 1.1994792e-20)
(0.0010903444 0.00016138795 2.261029e-21)
(-0.0015789136 -0.00010691405 -3.2483639e-21)
(-0.005410179 -0.00011481507 2.0288376e-21)
(-0.01076333 0.00036127149 -3.7926203e-21)
(-0.017520748 0.0016299935 3.0850396e-20)
(-0.025082165 0.0038600942 -4.2851327e-20)
(-0.03298593 0.0071260361 1.6474388e-20)
(-0.040625015 0.011371262 -1.4813948e-20)
(-0.047561625 0.016459651 9.474998e-20)
(-0.053369636 0.022151806 1.5197852e-20)
(-0.057807157 0.028186518 -1.326123e-19)
(-0.060719454 0.034279498 1.1225971e-19)
(-0.062083726 0.04016633 2.1243385e-21)
(-0.061915183 0.045576106 -3.348897e-20)
(-0.060376924 0.050327253 3.0035078e-20)
(-0.057543418 0.054167237 -4.6199053e-20)
(-0.053640477 0.056972782 3.4448888e-21)
(-0.048922465 0.05868094 -5.5428675e-21)
(-0.043528219 0.059122541 4.6818086e-21)
(-0.037731698 0.058310939 -7.0105463e-22)
(-0.031743988 0.056219887 -5.3316873e-20)
(-0.025788518 0.052882211 7.9258263e-20)
(-0.020074904 0.04835989 8.3226517e-20)
(-0.014796449 0.042743811 3.3410849e-20)
(-0.010127961 0.036155745 7.5948489e-20)
(-0.0062198697 0.028739542 -1.6826748e-20)
(-0.0031944906 0.020663354 4.8258257e-20)
(-0.0011493733 0.012115224 3.7600638e-20)
(-0.00013881003 0.0032876297 4.9979871e-21)
)
;
    }
    frontAndBack
    {
        type            empty;
    }
}


// ************************************************************************* //
