/*--------------------------------*- C++ -*----------------------------------*\
  =========                 |
  \\      /  F ield         | OpenFOAM: The Open Source CFD Toolbox
   \\    /   O peration     | Website:  https://openfoam.org
    \\  /    A nd           | Version:  13
     \\/     M anipulation  |
\*---------------------------------------------------------------------------*/
FoamFile
{
    format      ascii;
    class       volVectorField;
    location    "40.603042";
    object      wallShearStress;
}
// * * * * * * * * * * * * * * * * * * * * * * * * * * * * * * * * * * * * * //

dimensions      [0 2 -2 0 0 0 0];

internalField   uniform (0 0 0);

boundaryField
{
    inlet
    {
        type            calculated;
        value           uniform (0 0 0);
    }
    outlet
    {
        type            calculated;
        value           uniform (0 0 0);
    }
    cylinder
    {
        type            calculated;
        value           nonuniform List<vector> 
132
(
(-1.2657031e-05 0.0012112926 -2.8842159e-22)
(-3.3749194e-05 0.00091223696 8.1803201e-23)
(-3.850211e-05 0.00061165624 4.4965059e-21)
(-2.7175344e-05 0.00031505461 -1.5014664e-20)
(-4.5249254e-09 2.7093927e-05 1.0544018e-20)
(4.1840429e-05 -0.00024756516 3.2047856e-20)
(9.7485577e-05 -0.00050435963 -6.0399102e-21)
(0.00016484053 -0.00073911573 -2.3802508e-20)
(0.00024166121 -0.0009483138 2.2320252e-20)
(0.00032537561 -0.0011291235 -4.9800805e-20)
(0.00041322327 -0.0012796024 -9.0215082e-22)
(0.00050244092 -0.0013988162 3.0668976e-20)
(0.00059041941 -0.0014869556 4.9829104e-20)
(0.0006748523 -0.0015453561 -4.0341355e-20)
(0.00075407188 -0.0015765397 4.2358483e-20)
(0.00082711716 -0.0015840606 6.801739e-20)
(0.00089405651 -0.0015726285 -4.4486662e-20)
(0.00095609673 -0.0015477449 7.1258897e-20)
(0.0010159774 -0.0015158555 9.4120507e-20)
(0.001078055 -0.0014839068 -6.1011762e-20)
(0.0011486363 -0.001459294 -7.7735626e-20)
(0.0012360683 -0.0014494169 2.7383063e-23)
(0.001350777 -0.0014612292 1.1277756e-20)
(0.0015043902 -0.0014999246 -1.3508034e-20)
(0.0017083274 -0.0015675813 -2.2993208e-20)
(0.0019706243 -0.0016609137 4.9210789e-21)
(0.0022939004 -0.0017711346 -4.4465207e-20)
(0.0026683101 -0.0018808203 1.1888808e-20)
(0.0030740453 -0.0019692997 9.3412749e-21)
(0.0034855321 -0.0020177895 -6.4363121e-20)
(0.0038692712 -0.0020093885 8.4011584e-20)
(0.0041971638 -0.0019370585 2.543194e-21)
(0.0044352065 -0.0017972572 1.833798e-20)
(0.0045093234 -0.0015792726 -2.1739663e-20)
(0.0043075456 -0.0012764879 6.9115042e-20)
(0.0036726037 -0.00089455306 -4.3736953e-21)
(0.0024242353 -0.00046773752 1.7648871e-20)
(0.00033766519 -6.2666093e-05 -2.4230812e-21)
(-0.0027719289 0.00020125746 3.4730052e-21)
(-0.0070680525 0.00015581759 -2.1619688e-21)
(-0.012924191 -0.00042974745 4.0236874e-21)
(-0.02022588 -0.0018787571 -1.2350933e-22)
(-0.028323901 -0.0043564484 4.5031693e-20)
(-0.03675072 -0.0079373015 -1.7249879e-20)
(-0.044921307 -0.012572466 1.5477571e-20)
(-0.052390797 -0.018129765 -9.8924509e-20)
(-0.05869509 -0.024361717 -1.5883353e-20)
(-0.06357403 -0.030998459 1.3897825e-19)
(-0.066842721 -0.037736911 -1.1821666e-19)
(-0.068453197 -0.04428807 -2.253689e-21)
(-0.068410704 -0.050358713 3.5930943e-20)
(-0.066859603 -0.05573236 -3.279435e-20)
(-0.063887759 -0.060141265 -6.4618253e-21)
(-0.059728621 -0.063441267 -4.1684898e-21)
(-0.054633627 -0.065533744 -6.7056557e-21)
(-0.048771234 -0.066246818 -2.3548572e-21)
(-0.042432208 -0.065578578 5.8110685e-22)
(-0.035848315 -0.063492954 4.8100071e-20)
(-0.029267267 -0.060020905 -7.4099744e-20)
(-0.022921094 -0.055222887 -7.9396096e-20)
(-0.017026297 -0.049194299 -3.2300838e-20)
(-0.011779195 -0.042063421 -7.4142431e-20)
(-0.0073507509 -0.03398575 1.6552059e-20)
(-0.0038808853 -0.025141498 2.4086827e-20)
(-0.0014841801 -0.015744669 -3.7426045e-20)
(-0.00022232322 -0.0059704762 -4.9964816e-21)
(2.428021e-05 0.0015072611 -1.3313166e-21)
(7.7305009e-05 0.0018006141 -7.9537281e-23)
(0.00014761476 0.0020892402 -4.5776121e-21)
(0.00023453875 0.0023678649 1.5381214e-20)
(0.00033719379 0.0026309568 -1.0875799e-20)
(0.00045404663 0.0028727603 -3.3280173e-20)
(0.00058284386 0.0030875997 6.313628e-21)
(0.0007207279 0.0032700761 2.504049e-20)
(0.00086426416 0.0034153199 -2.3625255e-20)
(0.0010094711 0.0035192997 5.3018816e-20)
(0.0011520042 0.0035790595 9.6561579e-22)
(0.0012874044 0.0035930998 -3.2993703e-20)
(0.0014112876 0.0035613803 -5.3852031e-20)
(0.0015198241 0.0034859372 4.3777532e-20)
(0.0016098136 0.0033702988 -4.6133224e-20)
(0.0016793617 0.0032202206 -7.4310765e-20)
(0.0017280205 0.0030430797 4.8731812e-20)
(0.0017571843 0.0028477824 -7.8229512e-20)
(0.0017705631 0.0026447323 -1.0350896e-19)
(0.0017742448 0.0024450592 6.7188993e-20)
(0.0017771387 0.0022605061 8.5693368e-20)
(0.001791003 0.0021026869 7.6787736e-20)
(0.0018302513 0.0019822295 6.3115194e-20)
(0.0019111297 0.0019074671 1.4914259e-20)
(0.0020499384 0.001882687 2.5393365e-20)
(0.0022590861 0.0019052792 -5.4360944e-21)
(0.002544678 0.001965638 4.9134553e-20)
(0.0028949526 0.0020411822 -1.3143728e-20)
(0.0032854101 0.0021051456 -1.0334463e-20)
(0.0036837125 0.0021328796 7.1272014e-20)
(0.0040502008 0.0021037316 -9.3133948e-20)
(0.004342282 0.0020045938 -2.8066792e-21)
(0.0045031554 0.0018256686 4.6383375e-20)
(0.0044428971 0.0015573229 2.4209538e-20)
(0.004036836 0.0011982823 -7.7097111e-20)
(0.0031121135 0.00076142295 4.8866294e-21)
(0.0014829581 0.00029343632 1.4399294e-20)
(-0.0010744088 -0.00012390298 2.7128579e-21)
(-0.0047560338 -0.00036000444 -3.8872609e-21)
(-0.0096213251 -0.00022321511 2.4167032e-21)
(-0.016057989 0.0005278607 -4.484891e-21)
(-0.023864949 0.0022118398 3.6129917e-20)
(-0.032277013 0.004959672 -4.9653497e-20)
(-0.040847618 0.0088175298 1.8891329e-20)
(-0.048975157 0.01370307 -1.6827207e-20)
(-0.056222145 0.019451761 1.0676048e-19)
(-0.062191097 0.025807943 1.7021009e-20)
(-0.066659091 0.032498123 -1.4793002e-19)
(-0.069468671 0.039215111 1.2505016e-19)
(-0.070618603 0.045684975 2.3701631e-21)
(-0.070111988 0.051607212 -3.7581194e-20)
(-0.068146337 0.056801306 3.4137847e-20)
(-0.064769733 0.060967747 -5.3908538e-20)
(-0.060257597 0.063999709 4.2954633e-21)
(-0.054885176 0.065831959 -9.4535949e-21)
(-0.048771434 0.066243355 2.478525e-21)
(-0.042242868 0.06528202 -5.9811308e-22)
(-0.035518196 0.062903886 -4.9243579e-20)
(-0.028845797 0.059151531 7.5578355e-20)
(-0.022454307 0.05409219 8.0724926e-20)
(-0.016555629 0.04782657 3.2747267e-20)
(-0.01134154 0.040489679 7.4965369e-20)
(-0.0069768729 0.032240241 -1.6693013e-20)
(-0.0035955454 0.023264386 4.8058563e-20)
(-0.0013049322 0.013770353 3.7560009e-20)
(-0.00016331939 0.0039693597 5.0053812e-21)
)
;
    }
    frontAndBack
    {
        type            empty;
    }
}


// ************************************************************************* //
