/*--------------------------------*- C++ -*----------------------------------*\
  =========                 |
  \\      /  F ield         | OpenFOAM: The Open Source CFD Toolbox
   \\    /   O peration     | Website:  https://openfoam.org
    \\  /    A nd           | Version:  13
     \\/     M anipulation  |
\*---------------------------------------------------------------------------*/
FoamFile
{
    format      ascii;
    class       volVectorField;
    location    "45.803844";
    object      wallShearStress;
}
// * * * * * * * * * * * * * * * * * * * * * * * * * * * * * * * * * * * * * //

dimensions      [0 2 -2 0 0 0 0];

internalField   uniform (0 0 0);

boundaryField
{
    inlet
    {
        type            calculated;
        value           uniform (0 0 0);
    }
    outlet
    {
        type            calculated;
        value           uniform (0 0 0);
    }
    cylinder
    {
        type            calculated;
        value           nonuniform List<vector> 
132
(
(-1.3349434e-05 0.0012739613 -3.0607535e-22)
(-3.5747264e-05 0.00096379863 8.6698248e-23)
(-4.1395021e-05 0.00065490778 4.7594692e-21)
(-3.0859686e-05 0.00035323053 -1.58718e-20)
(-4.6418096e-06 6.3677382e-05 1.1131071e-20)
(3.6003345e-05 -0.00020892152 3.3786538e-20)
(8.9122224e-05 -0.00046021413 -6.3589928e-21)
(0.000153118 -0.00068626389 -2.5026039e-20)
(0.00022529228 -0.0008840525 2.3435863e-20)
(0.00030294418 -0.0010514629 -5.2219819e-20)
(0.0003833493 -0.0011873958 -9.4473528e-22)
(0.00046390181 -0.0012918935 3.2074175e-20)
(0.00054230191 -0.0013661743 5.2045946e-20)
(0.00061674947 -0.0014126131 -4.2084141e-20)
(0.00068615107 -0.0014347055 4.4136066e-20)
(0.00075026246 -0.0014369236 7.0792131e-20)
(0.00080994968 -0.0014246614 -4.6252556e-20)
(0.00086730595 -0.0014038992 7.4015204e-20)
(0.00092590631 -0.0013812644 9.7673577e-20)
(0.00099086963 -0.0013636019 -6.3264418e-20)
(0.0010691948 -0.0013579797 -8.0548824e-20)
(0.0011697245 -0.0013711619 2.8367548e-23)
(0.0013031452 -0.0014091974 1.167301e-20)
(0.0014808986 -0.0014759933 -1.3975879e-20)
(0.0017136086 -0.0015719627 -2.378247e-20)
(0.002007355 -0.0016914965 5.088934e-21)
(0.0023620248 -0.0018234783 -4.5975638e-20)
(0.0027642503 -0.0019483224 1.2291562e-20)
(0.0031901065 -0.0020436468 9.6571522e-21)
(0.0036128349 -0.0020915497 -6.6534715e-20)
(0.0040020469 -0.0020784227 8.6837184e-20)
(0.0043316751 -0.0019992272 2.6284834e-21)
(0.0045655663 -0.0018501927 1.8951625e-20)
(0.0046258762 -0.0016202417 -2.2466321e-20)
(0.0043957312 -0.0013028422 7.1425692e-20)
(0.0037116304 -0.00090442499 -4.5201247e-21)
(0.0023885681 -0.00046163526 1.8241101e-20)
(0.00019643555 -4.4424346e-05 -2.5045838e-21)
(-0.0030510839 0.00022284088 3.5899111e-21)
(-0.0075086837 0.00016658376 -2.2346576e-21)
(-0.013556012 -0.00045002808 4.1581844e-21)
(-0.021058078 -0.0019554048 -1.2758575e-22)
(-0.029330886 -0.004510644 4.6491665e-20)
(-0.037906819 -0.008186322 -1.7798075e-20)
(-0.046194754 -0.012928232 1.5958381e-20)
(-0.053723904 -0.018590398 -1.0192319e-19)
(-0.060051802 -0.024924014 -1.6357232e-20)
(-0.064922473 -0.031655145 1.4307013e-19)
(-0.068149963 -0.038474182 -1.2170169e-19)
(-0.069701311 -0.04509488 -2.3210803e-21)
(-0.069579621 -0.051218544 3.7048133e-20)
(-0.067940169 -0.05663252 -3.3892599e-20)
(-0.064869341 -0.06106475 -6.7096303e-21)
(-0.060605082 -0.064371743 -4.3766375e-21)
(-0.055406359 -0.066460263 -7.3497938e-21)
(-0.049440102 -0.067155014 -1.9063045e-21)
(-0.042998692 -0.066453788 5.6324126e-22)
(-0.036317204 -0.064323202 4.7550821e-20)
(-0.029644215 -0.060793776 -7.3784227e-20)
(-0.023213595 -0.055927498 -7.9341628e-20)
(-0.017243059 -0.049820575 -3.2343848e-20)
(-0.0119301 -0.0426024 -7.4329789e-20)
(-0.0074467185 -0.034429743 1.6605373e-20)
(-0.0039336445 -0.025483928 2.4172894e-20)
(-0.001506282 -0.01598102 -3.7562905e-20)
(-0.00022654094 -0.0060949891 -5.013991e-21)
(2.5504784e-05 0.0015834696 -1.4145769e-21)
(8.1285831e-05 0.0018925429 -8.461686e-23)
(0.00015542276 0.0021988888 -4.8761001e-21)
(0.00024738605 0.0024967383 1.6404673e-20)
(0.00035638157 0.0027799009 -1.1613847e-20)
(0.00048088026 0.0030418421 -3.5581939e-20)
(0.00061848354 0.0032760336 6.7583478e-21)
(0.00076621189 0.0034761605 2.6835168e-20)
(0.00092027719 0.0036364597 -2.5346465e-20)
(0.0010762759 0.0037520677 5.6941064e-20)
(0.0012293736 0.0038193679 1.0380542e-21)
(0.001374548 0.0038363156 -3.5501519e-20)
(0.0015068897 0.0038026865 -5.7993049e-20)
(0.001622047 0.0037205048 4.7178997e-20)
(0.0017164083 0.0035936084 -4.9750234e-20)
(0.0017877941 0.0034283176 -8.018248e-20)
(0.001835702 0.0032329032 5.2607564e-20)
(0.0018617409 0.0030174368 -8.448493e-20)
(0.0018699838 0.0027934442 -1.1182175e-19)
(0.0018672349 0.002573403 7.2603397e-20)
(0.0018631551 0.0023700961 9.2617305e-20)
(0.0018706158 0.002196307 8.3004494e-20)
(0.0019047756 0.0020630674 6.8233153e-20)
(0.0019829011 0.0019792025 1.6125092e-20)
(0.0021207904 0.0019478565 2.7457384e-20)
(0.0023300261 0.0019652227 -5.8783927e-21)
(0.0026143257 0.0020195478 5.3136038e-20)
(0.0029659772 0.0020913352 -1.421453e-20)
(0.0033592555 0.0021525581 -1.1176982e-20)
(0.0037538875 0.0021736427 7.7084052e-20)
(0.004111527 0.002135745 -1.0072718e-19)
(0.0043872234 0.002025547 -3.0353354e-21)
(0.0045210831 0.0018332296 5.0155388e-20)
(0.004415011 0.0015480227 2.6173496e-20)
(0.0039347995 0.0011687857 -8.3323964e-20)
(0.0029031595 0.00071179522 5.2786083e-21)
(0.0011304476 0.00022818022 1.554225e-20)
(-0.0016074792 -0.00019445605 2.9249895e-21)
(-0.0055053603 -0.00041945104 -4.1849994e-21)
(-0.010598323 -0.00024881615 2.5968531e-21)
(-0.01728511 0.00056643584 -4.8077698e-21)
(-0.025319562 0.002345186 3.8621192e-20)
(-0.033913797 0.0052097796 -5.2925167e-20)
(-0.042619642 0.0091986415 2.0078864e-20)
(-0.050801233 0.014212781 -1.7837759e-20)
(-0.058054478 0.020084614 1.129341e-19)
(-0.063984627 0.026550784 1.7974296e-20)
(-0.068374178 0.033332954 -1.5606858e-19)
(-0.071082798 0.040125065 1.3190383e-19)
(-0.072112026 0.046649997 2.5024178e-21)
(-0.071473504 0.052608373 -3.9777488e-20)
(-0.06937219 0.057822176 3.6319029e-20)
(-0.065854792 0.061988272 -5.794878e-20)
(-0.061203673 0.06500381 4.729083e-21)
(-0.055700078 0.066808725 -1.1387677e-20)
(-0.049457022 0.067173932 1.4360322e-21)
(-0.04280854 0.06615565 -5.5205022e-22)
(-0.035972602 0.063708136 -4.7554306e-20)
(-0.029199359 0.05987606 7.4201727e-20)
(-0.022718387 0.054727878 7.9918825e-20)
(-0.016742362 0.048365522 3.2579229e-20)
(-0.011463785 0.04092555 7.4813402e-20)
(-0.0070479459 0.032567962 -1.6693931e-20)
(-0.0036291324 0.023480511 4.8129996e-20)
(-0.0013148743 0.01387262 3.7652775e-20)
(-0.0001635535 0.003958732 5.0210042e-21)
)
;
    }
    frontAndBack
    {
        type            empty;
    }
}


// ************************************************************************* //
