/*--------------------------------*- C++ -*----------------------------------*\
  =========                 |
  \\      /  F ield         | OpenFOAM: The Open Source CFD Toolbox
   \\    /   O peration     | Website:  https://openfoam.org
    \\  /    A nd           | Version:  13
     \\/     M anipulation  |
\*---------------------------------------------------------------------------*/
FoamFile
{
    format      ascii;
    class       volVectorField;
    location    "8.499753";
    object      wallShearStress;
}
// * * * * * * * * * * * * * * * * * * * * * * * * * * * * * * * * * * * * * //

dimensions      [0 2 -2 0 0 0 0];

internalField   uniform (0 0 0);

boundaryField
{
    inlet
    {
        type            calculated;
        value           uniform (0 0 0);
    }
    outlet
    {
        type            calculated;
        value           uniform (0 0 0);
    }
    cylinder
    {
        type            calculated;
        value           nonuniform List<vector> 
132
(
(0.0001065 -0.001943087 -9.097457e-23)
(0.00044077235 -0.0088175906 2.6701942e-23)
(0.0011487492 -0.015538531 1.5938412e-21)
(0.0022071792 -0.021872485 -5.9322177e-21)
(0.0035666852 -0.027586421 4.7284321e-21)
(0.0051518003 -0.032457687 1.6422173e-20)
(0.006860927 -0.036287334 -3.5293906e-21)
(0.0085765751 -0.038912296 -1.5722832e-20)
(0.010167841 -0.040220576 1.6456329e-20)
(0.011499622 -0.040161228 -4.0357932e-20)
(0.012444885 -0.038755342 -7.8987335e-22)
(0.012898416 -0.036104044 2.8559709e-20)
(0.012790813 -0.032389439 4.8497128e-20)
(0.01210568 -0.0278787 -4.0383125e-20)
(0.010884643 -0.022895547 4.2983812e-20)
(0.0092372373 -0.017807945 6.9093698e-20)
(0.0073217202 -0.012973263 -4.4797057e-20)
(0.0053243587 -0.0086919933 7.0643167e-20)
(0.0034332119 -0.0051758624 9.1519328e-20)
(0.0017917582 -0.0025041351 -5.8130132e-20)
(0.00049233751 -0.00065309675 -7.2652849e-20)
(-0.00045018383 0.00051211642 2.5147283e-23)
(-0.0010873216 0.0011683738 1.0215782e-20)
(-0.001509896 0.0015026753 -1.2090642e-20)
(-0.0017736316 0.001629165 -2.0360284e-20)
(-0.0017661342 0.001495562 4.3086644e-21)
(-0.0012863952 0.0010067145 -3.8481916e-20)
(-5.8951274e-05 5.9080944e-05 1.0181799e-20)
(0.0015875175 -0.0010019198 7.9646427e-21)
(0.0030310589 -0.001746163 -5.4910317e-20)
(0.0038908235 -0.0020183422 7.19033e-20)
(0.0042123602 -0.0019447682 2.1809911e-21)
(0.0043340152 -0.0017565637 1.5719367e-20)
(0.0044771707 -0.0015664976 -1.8596563e-20)
(0.0046056259 -0.0013613511 5.8989471e-20)
(0.0045099093 -0.0010924827 -3.7267302e-21)
(0.0039737011 -0.00075392206 1.5029085e-20)
(0.0027703275 -0.00038436803 -2.0656825e-21)
(0.00066783449 -7.1550792e-05 2.9716779e-21)
(-0.002598262 4.4162773e-05 -1.8621412e-21)
(-0.0074150831 -0.00025195913 3.5020167e-21)
(-0.013806887 -0.0012909593 -1.0907366e-22)
(-0.021280136 -0.0032812375 4.0423155e-20)
(-0.029357694 -0.0063483553 -1.5746095e-20)
(-0.037425386 -0.010481259 1.4354359e-20)
(-0.04494873 -0.015560056 -9.3064233e-20)
(-0.051432103 -0.021353625 -1.5128872e-20)
(-0.056566085 -0.027586934 1.3373221e-19)
(-0.060138073 -0.033956361 -1.146955e-19)
(-0.062091452 -0.040175969 -2.2002585e-21)
(-0.062427 -0.045957115 3.5232852e-20)
(-0.061283694 -0.051087014 -3.222396e-20)
(-0.058763361 -0.055319501 -6.344187e-21)
(-0.055077932 -0.058503105 -4.0564936e-21)
(-0.050472242 -0.060543446 -6.2501186e-21)
(-0.045128857 -0.061300432 -2.8433078e-21)
(-0.039312115 -0.060757412 6.1392815e-22)
(-0.033248372 -0.058888832 5.0004516e-20)
(-0.027171264 -0.05572315 -7.6622975e-20)
(-0.021300289 -0.051318637 -8.1919869e-20)
(-0.015839461 -0.045765945 -3.3299309e-20)
(-0.010973009 -0.039185602 -7.6423241e-20)
(-0.0068611344 -0.031723787 1.7066419e-20)
(-0.0036348703 -0.023548997 2.4851384e-20)
(-0.0014001829 -0.014861624 -3.8650356e-20)
(-0.00021469825 -0.0058243524 -5.1665168e-21)
(0.00014654235 0.0049267219 -4.2217383e-22)
(0.00055762946 0.011702242 -2.6480169e-23)
(0.0013316048 0.018223627 -1.6543241e-21)
(0.0024370228 0.02426153 6.1962556e-21)
(0.0038171123 0.029593039 -4.9492942e-21)
(0.0053900178 0.034008142 -1.7160722e-20)
(0.0070498834 0.037326543 3.6723785e-21)
(0.0086788454 0.039407697 1.6263591e-20)
(0.010147141 0.040164419 -1.6907335e-20)
(0.011325121 0.039573484 4.1169591e-20)
(0.01209535 0.037685486 8.0012429e-22)
(0.012365526 0.034628609 -2.8728155e-20)
(0.01208499 0.030616186 -4.8470152e-20)
(0.011254235 0.025930042 4.0131164e-20)
(0.0099374944 0.02091346 -4.2506406e-20)
(0.0082564331 0.0159245 -6.8071516e-20)
(0.0063740945 0.011300429 4.401715e-20)
(0.0044752889 0.0073112432 -6.9318383e-20)
(0.0027285377 0.0041189952 -8.9769238e-20)
(0.0012553344 0.0017608487 5.7046444e-20)
(0.00012374327 0.00018059445 7.1361702e-20)
(-0.0006847952 -0.00079009567 6.2899691e-20)
(-0.0012198772 -0.0013135241 5.0986768e-20)
(-0.001586972 -0.0015807095 1.1912259e-20)
(-0.0017757027 -0.0016324334 2.0060646e-20)
(-0.0016638347 -0.0014115752 -4.2452489e-21)
(-0.00093383201 -0.00073673022 3.791449e-20)
(0.00046983623 0.0003138401 -1.0056996e-20)
(0.0020610127 0.001307154 -7.8811219e-21)
(0.003337232 0.0019257947 5.4437176e-20)
(0.0039844002 0.0020684974 -7.1311139e-20)
(0.0042191259 0.0019482861 -2.1505625e-21)
(0.0043410943 0.0017593263 3.5480554e-20)
(0.0045005305 0.0015747425 1.8469997e-20)
(0.0045881083 0.0013566925 -5.8679755e-20)
(0.0043891549 0.0010642164 3.714341e-21)
(0.0036930831 0.00070238455 1.0948189e-20)
(0.0022692859 0.0003184439 2.068359e-21)
(-0.0001096753 1.0563156e-05 -2.982475e-21)
(-0.0036995842 -7.0954499e-05 1.8725582e-21)
(-0.0088715803 0.00030137142 -3.525942e-21)
(-0.015587082 0.0014543043 2.8950736e-20)
(-0.023282012 0.0035869701 -4.0612089e-20)
(-0.031460685 0.0068002332 1.5770371e-20)
(-0.039501486 0.011059859 -1.4314305e-20)
(-0.046880077 0.016226356 9.2303041e-20)
(-0.053132248 0.022056418 1.4912203e-20)
(-0.057981633 0.028274301 -1.3085962e-19)
(-0.061238714 0.03457497 1.1127811e-19)
(-0.062876392 0.040681102 2.1122994e-21)
(-0.062901766 0.046303948 -3.3354092e-20)
(-0.061483324 0.051250805 2.9900746e-20)
(-0.058702644 0.055259549 -4.5811245e-20)
(-0.054797724 0.058202805 3.367871e-21)
(-0.050029454 0.060009448 -4.9235822e-21)
(-0.044548591 0.060509046 5.2533137e-21)
(-0.03863953 0.059714373 -7.4256831e-22)
(-0.032522616 0.057599239 -5.5782747e-20)
(-0.026430151 0.054198247 8.2522845e-20)
(-0.020579597 0.049575918 8.645127e-20)
(-0.015171152 0.043826434 3.466311e-20)
(-0.010385622 0.037075705 7.8746673e-20)
(-0.0063783993 0.029472134 -1.7442465e-20)
(-0.0032757946 0.021189107 5.0024885e-20)
(-0.001178323 0.012420067 3.8985861e-20)
(-0.00014214757 0.0033643046 5.1842873e-21)
)
;
    }
    frontAndBack
    {
        type            empty;
    }
}


// ************************************************************************* //
