/*--------------------------------*- C++ -*----------------------------------*\
  =========                 |
  \\      /  F ield         | OpenFOAM: The Open Source CFD Toolbox
   \\    /   O peration     | Website:  https://openfoam.org
    \\  /    A nd           | Version:  13
     \\/     M anipulation  |
\*---------------------------------------------------------------------------*/
FoamFile
{
    format      ascii;
    class       volVectorField;
    location    "28.497335";
    object      wallShearStress;
}
// * * * * * * * * * * * * * * * * * * * * * * * * * * * * * * * * * * * * * //

dimensions      [0 2 -2 0 0 0 0];

internalField   uniform (0 0 0);

boundaryField
{
    inlet
    {
        type            calculated;
        value           uniform (0 0 0);
    }
    outlet
    {
        type            calculated;
        value           uniform (0 0 0);
    }
    cylinder
    {
        type            calculated;
        value           nonuniform List<vector> 
132
(
(-6.2267958e-08 0.00029806969 -2.482055e-22)
(4.817743e-06 -2.4289345e-05 7.0538579e-23)
(2.740938e-05 -0.00034517094 3.8857877e-21)
(6.7850401e-05 -0.00065925642 -1.3004841e-20)
(0.00012531533 -0.00096087576 9.154292e-21)
(0.00019851762 -0.0012443785 2.7892011e-20)
(0.00028554039 -0.0015042293 -5.2698275e-21)
(0.00038385473 -0.0017352567 -2.0820463e-20)
(0.00049037312 -0.0019328475 1.957356e-20)
(0.00060152636 -0.0020932155 -4.3782073e-20)
(0.00071342782 -0.0022135716 -7.9503823e-22)
(0.0008221438 -0.0022923834 2.7092043e-20)
(0.00092374359 -0.0023294218 4.4115213e-20)
(0.0010147107 -0.0023261648 -3.5788886e-20)
(0.001092025 -0.0022853592 3.7648709e-20)
(0.0011537596 -0.0022117187 6.0555177e-20)
(0.0011988008 -0.0021106671 -3.9663256e-20)
(0.0012278481 -0.0019896256 6.3609945e-20)
(0.0012430213 -0.0018565745 8.4100499e-20)
(0.0012481867 -0.001720061 -5.4557896e-20)
(0.0012494112 -0.0015892908 -6.9550501e-20)
(0.0012544601 -0.0014728985 2.4486805e-23)
(0.0012737106 -0.0013796496 1.0094937e-20)
(0.0013195835 -0.0013172211 -1.2090358e-20)
(0.0014067452 -0.0012920523 -2.0574352e-20)
(0.0015497991 -0.0013069936 4.4012558e-21)
(0.0017609162 -0.0013599059 -3.9741924e-20)
(0.0020424118 -0.0014394742 1.0617272e-20)
(0.0023877456 -0.0015291145 8.33461e-21)
(0.0027730378 -0.0016045997 -5.7373847e-20)
(0.0031620977 -0.0016413184 7.4814178e-20)
(0.0035271727 -0.0016269406 2.2622478e-21)
(0.0038424433 -0.0015559401 1.6290236e-20)
(0.0040663507 -0.0014225733 -1.9280241e-20)
(0.004122676 -0.0012193944 6.1187129e-20)
(0.0038801841 -0.00094137969 -3.8654581e-21)
(0.0031734575 -0.00060447933 1.5578429e-20)
(0.0017914207 -0.00025351479 -2.1379515e-21)
(-0.00047204814 1.8674529e-05 3.0675493e-21)
(-0.0038501955 7.6425164e-05 -1.9144681e-21)
(-0.0086883395 -0.00029511128 3.580172e-21)
(-0.014967564 -0.0013956049 -1.1066393e-22)
(-0.022172829 -0.0034154912 4.0678566e-20)
(-0.029865452 -0.0064551489 -1.5715754e-20)
(-0.037481422 -0.010494293 1.4214252e-20)
(-0.044524382 -0.015411245 -9.1486856e-20)
(-0.050556753 -0.020987946 -1.477761e-20)
(-0.055303765 -0.026969412 1.298734e-19)
(-0.05856873 -0.033068716 -1.1081231e-19)
(-0.060308632 -0.039021183 -2.1152546e-21)
(-0.060517056 -0.044550121 3.3698825e-20)
(-0.059332984 -0.049460179 -3.0638138e-20)
(-0.056840892 -0.05350914 -5.9784399e-21)
(-0.053240181 -0.056550678 -3.7578553e-21)
(-0.048769306 -0.05850044 -5.4095903e-21)
(-0.043594188 -0.05921564 -3.3043028e-21)
(-0.037968898 -0.05868133 6.2238092e-22)
(-0.032108585 -0.056869977 4.9603343e-20)
(-0.026237239 -0.053807565 -7.5333776e-20)
(-0.02056571 -0.049548725 -8.0148438e-20)
(-0.015290554 -0.044179796 -3.2478685e-20)
(-0.010589624 -0.037816212 -7.4381797e-20)
(-0.0066178838 -0.0305985 1.6584939e-20)
(-0.0035023005 -0.022689189 2.412194e-20)
(-0.0013458304 -0.014281543 -3.7481356e-20)
(-0.00020473163 -0.0055336001 -5.0064745e-21)
(1.2500629e-05 0.0006194853 -1.1435179e-21)
(4.2291267e-05 0.00094055536 -6.819671e-23)
(9.0560039e-05 0.0012589455 -3.9182785e-21)
(0.00015678011 0.0015689973 1.3145268e-20)
(0.00024017413 0.0018648087 -9.2815728e-21)
(0.00033928792 0.0021403094 -2.8365547e-20)
(0.00045196581 0.0023894839 5.3752056e-21)
(0.00057531867 0.0026066094 2.1297956e-20)
(0.00070583488 0.002786512 -2.0077957e-20)
(0.00083952053 0.0029247854 4.502855e-20)
(0.00097193152 0.0030181369 8.1967298e-22)
(0.0010984056 0.0030645657 -2.7996457e-20)
(0.001214387 0.0030637937 -4.5683677e-20)
(0.0013155932 0.0030170684 3.7131648e-20)
(0.001398652 0.0029279959 -3.9126695e-20)
(0.0014609047 0.0028012978 -6.3024602e-20)
(0.0015015113 0.0026443198 4.1331643e-20)
(0.0015209252 0.0024651617 -6.6354432e-20)
(0.0015216003 0.0022732447 -8.7801781e-20)
(0.001508599 0.0020794819 5.6996637e-20)
(0.001488636 0.0018941333 7.2695569e-20)
(0.0014713753 0.0017281061 6.5139189e-20)
(0.0014686003 0.0015912423 5.3535257e-20)
(0.0014949542 0.0014927294 1.2647778e-20)
(0.0015667197 0.0014393823 2.1526598e-20)
(0.0016999187 0.0014339275 -4.6057489e-21)
(0.001907545 0.0014734062 4.1597378e-20)
(0.0021919287 0.001545079 -1.1116339e-20)
(0.0025402964 0.0016270508 -8.7302788e-21)
(0.0029233307 0.0016918159 6.0131453e-20)
(0.0033057976 0.0017161604 -7.8463818e-20)
(0.003656002 0.0016866628 -2.3607827e-21)
(0.0039407156 0.0015961457 3.8942627e-20)
(0.0041061179 0.0014371138 2.0285064e-20)
(0.0040592547 0.0012016216 -6.4472882e-20)
(0.0036537919 0.00088804028 4.0798162e-21)
(0.0027147574 0.00051998112 1.2011681e-20)
(0.0010192365 0.00015168616 2.2639031e-21)
(-0.0016275393 -0.00011163631 -3.2515405e-21)
(-0.005420441 -0.00011541005 2.0299276e-21)
(-0.01071883 0.0003595579 -3.7924261e-21)
(-0.017409204 0.0016194763 3.0827691e-20)
(-0.024897937 0.0038316457 -4.2790746e-20)
(-0.032732011 0.0070711285 1.64411e-20)
(-0.040309801 0.011283018 -1.477628e-20)
(-0.047195181 0.016332851 9.4468553e-20)
(-0.052968032 0.021985168 1.5147836e-20)
(-0.057385588 0.02798104 -1.321401e-19)
(-0.060291615 0.03403806 1.1183619e-19)
(-0.061662212 0.039893738 2.1158619e-21)
(-0.061510228 0.045278144 -3.334725e-20)
(-0.059996151 0.050009993 2.9895783e-20)
(-0.057194169 0.053838633 -4.5953858e-20)
(-0.053326559 0.056639503 3.4196112e-21)
(-0.048645274 0.058348612 -5.4385289e-21)
(-0.043290374 0.058799655 4.7340466e-21)
(-0.037532896 0.058003891 -7.032707e-22)
(-0.031583158 0.055935257 -5.3403541e-20)
(-0.025663548 0.052626188 7.9350812e-20)
(-0.019982728 0.048138141 8.3318749e-20)
(-0.014733239 0.042561605 3.3453361e-20)
(-0.010089161 0.036017795 7.6069829e-20)
(-0.0062002861 0.028649954 -1.6861575e-20)
(-0.0031884471 0.020625746 4.8388168e-20)
(-0.0011506172 0.012132522 3.77318e-20)
(-0.00014071164 0.0033626614 5.0204459e-21)
)
;
    }
    frontAndBack
    {
        type            empty;
    }
}


// ************************************************************************* //
