/*--------------------------------*- C++ -*----------------------------------*\
  =========                 |
  \\      /  F ield         | OpenFOAM: The Open Source CFD Toolbox
   \\    /   O peration     | Website:  https://openfoam.org
    \\  /    A nd           | Version:  13
     \\/     M anipulation  |
\*---------------------------------------------------------------------------*/
FoamFile
{
    format      ascii;
    class       volVectorField;
    location    "10.397297";
    object      wallShearStress;
}
// * * * * * * * * * * * * * * * * * * * * * * * * * * * * * * * * * * * * * //

dimensions      [0 2 -2 0 0 0 0];

internalField   uniform (0 0 0);

boundaryField
{
    inlet
    {
        type            calculated;
        value           uniform (0 0 0);
    }
    outlet
    {
        type            calculated;
        value           uniform (0 0 0);
    }
    cylinder
    {
        type            calculated;
        value           nonuniform List<vector> 
132
(
(9.7087047e-05 -0.0019422403 -8.4097982e-23)
(0.000398409 -0.0080109758 2.4609711e-23)
(0.0010300987 -0.013948028 1.4599035e-21)
(0.0019726869 -0.019554572 -5.3930766e-21)
(0.0031844797 -0.024632103 4.2660405e-21)
(0.004600997 -0.028986971 1.4716246e-20)
(0.0061355353 -0.032447112 -3.1453679e-21)
(0.0076867388 -0.034869992 -1.3955865e-20)
(0.0091412218 -0.036153419 1.4568518e-20)
(0.010380996 -0.036247471 -3.5679376e-20)
(0.011293321 -0.035161457 -6.9809806e-22)
(0.01178245 -0.032972155 2.5258093e-20)
(0.01178151 -0.029825235 4.2949322e-20)
(0.011267039 -0.025938959 -3.5831522e-20)
(0.010264983 -0.021584013 3.8222181e-20)
(0.0088588029 -0.01707162 6.1577381e-20)
(0.0071780899 -0.01271259 -4.0002007e-20)
(0.0053808352 -0.0087786434 6.317561e-20)
(0.0036326787 -0.0054708277 8.1912998e-20)
(0.0020736947 -0.0028914772 -5.2036094e-20)
(0.0007934662 -0.0010361205 -6.5014258e-20)
(-0.00016483681 0.00017641654 2.246339e-23)
(-0.0008433511 0.00090327574 9.1258556e-21)
(-0.0012955914 0.0012881014 -1.0788443e-20)
(-0.0015882964 0.0014579783 -1.8158014e-20)
(-0.0016516308 0.0013966899 3.8418943e-21)
(-0.0014118667 0.0011005332 -3.4310472e-20)
(-0.00044059741 0.00032628478 9.0587818e-21)
(0.0010497927 -0.00065764455 7.0778469e-21)
(0.0024880275 -0.0014302892 -4.8699409e-20)
(0.0035135427 -0.0018206628 6.3776455e-20)
(0.003958609 -0.0018266773 1.9353708e-21)
(0.0041309291 -0.0016740865 1.3962533e-20)
(0.004258007 -0.0014897887 -1.6521132e-20)
(0.0044020136 -0.0013008473 5.2408044e-20)
(0.0043824978 -0.0010608862 -3.3104008e-21)
(0.003996261 -0.00075691187 1.3351316e-20)
(0.0030168175 -0.00041587393 -1.8354976e-21)
(0.0012187199 -0.00011385278 2.6424229e-21)
(-0.0016542536 2.2223506e-05 -1.6579632e-21)
(-0.0060035137 -0.00020409895 3.1247629e-21)
(-0.011908072 -0.0011159133 -9.7664943e-23)
(-0.018956352 -0.0029253713 3.6351363e-20)
(-0.026702823 -0.0057766684 -1.4226357e-20)
(-0.034543787 -0.0096767094 1.3030979e-20)
(-0.041993868 -0.014539333 -8.4874691e-20)
(-0.048503037 -0.020139612 -1.3847312e-20)
(-0.053740669 -0.026211592 1.2276058e-19)
(-0.057484229 -0.032460289 -1.0542605e-19)
(-0.059639705 -0.038591779 -2.0219631e-21)
(-0.060203854 -0.044322481 3.2282185e-20)
(-0.059295415 -0.049431349 -2.9318198e-20)
(-0.057013692 -0.053673961 -5.6814986e-21)
(-0.053556196 -0.056888117 -3.4903301e-21)
(-0.049169727 -0.058982282 -4.4495983e-21)
(-0.044035135 -0.059815891 -4.1608175e-21)
(-0.038410767 -0.059365338 6.7072409e-22)
(-0.032523287 -0.057605437 5.201979e-20)
(-0.026604733 -0.054562061 -7.8187729e-20)
(-0.020873722 -0.05029159 -8.2764395e-20)
(-0.015533732 -0.044883196 -3.344698e-20)
(-0.010768395 -0.038455489 -7.6482171e-20)
(-0.0067375838 -0.031153141 1.7039299e-20)
(-0.003572053 -0.023142889 2.477414e-20)
(-0.001377601 -0.014623546 -3.8494655e-20)
(-0.00021188556 -0.005756048 -5.1433526e-21)
(0.00012637772 0.0041255002 -3.9013228e-22)
(0.00048380641 0.010119878 -2.4380723e-23)
(0.0011634084 0.015906488 -1.5141675e-21)
(0.0021395624 0.021290152 5.6320257e-21)
(0.0033648028 0.026078304 -4.4687167e-21)
(0.004769908 0.030087303 -1.5406514e-20)
(0.0062646737 0.033159957 3.282671e-21)
(0.0077477236 0.035170354 1.4495264e-20)
(0.0091064696 0.036035486 -1.5045046e-20)
(0.010226903 0.035725917 3.6620044e-20)
(0.011003429 0.034273092 7.1212221e-22)
(0.011350142 0.031774722 -2.5606911e-20)
(0.011213493 0.028398024 -4.3296027e-20)
(0.010583738 0.024375167 3.5937816e-20)
(0.0095023034 0.019988202 -3.8169149e-20)
(0.0080634686 0.015544662 -6.1282837e-20)
(0.0064009358 0.011341078 3.9715106e-20)
(0.0046732251 0.007628294 -6.2638091e-20)
(0.0030343936 0.004573876 -8.1184047e-20)
(0.0016053179 0.0022428305 5.1592387e-20)
(0.0004617648 0.00061115444 6.4510007e-20)
(-0.00038184742 -0.00043344788 5.6804467e-20)
(-0.00096579559 -0.0010374361 4.600628e-20)
(-0.0013587873 -0.0013521659 1.0736869e-20)
(-0.0015956988 -0.0014658778 1.8075073e-20)
(-0.0015684891 -0.0013286394 -3.8238543e-21)
(-0.0011025272 -0.00086363749 3.4152432e-20)
(1.6009659e-05 -4.490225e-06 -9.0405778e-21)
(0.0015057441 0.00095097331 -7.0741341e-21)
(0.0028303641 0.0016306068 4.879296e-20)
(0.0036485499 0.0018924368 -6.3919321e-20)
(0.0039845576 0.0018393489 -1.9288131e-21)
(0.0041206897 0.0016699964 3.1839698e-20)
(0.0042601008 0.001490563 1.6573876e-20)
(0.0043747847 0.001293198 -5.2640917e-20)
(0.0042701431 0.0010345405 3.3310087e-21)
(0.0037377541 0.00070942825 9.8162027e-21)
(0.0025551565 0.00035515182 1.8544261e-21)
(0.00049667778 5.735372e-05 -2.6749495e-21)
(-0.0026962697 -4.7095795e-05 1.6810126e-21)
(-0.0073987351 0.00025139661 -3.1708126e-21)
(-0.01363434 0.0012744206 2.6113094e-20)
(-0.020920282 0.0032254277 -3.6769481e-20)
(-0.02878952 0.0062252044 1.4336648e-20)
(-0.036638944 0.010260751 -1.3067115e-20)
(-0.04395177 0.015214839 8.458998e-20)
(-0.050238564 0.02085774 1.3707837e-20)
(-0.055197753 0.0269192 -1.2055328e-19)
(-0.058621976 0.033099819 1.0258772e-19)
(-0.060459729 0.039119564 1.9453268e-21)
(-0.060706376 0.044689691 -3.059671e-20)
(-0.059516591 0.049613044 2.7190767e-20)
(-0.056968599 0.053628673 -4.084595e-20)
(-0.053287645 0.056600141 2.8432385e-21)
(-0.048731879 0.058454131 -2.62743e-21)
(-0.043455127 0.059024789 6.4599623e-21)
(-0.037735183 0.058317595 -7.9415196e-22)
(-0.031791961 0.056305902 -5.7587335e-20)
(-0.025856454 0.053022375 8.3891831e-20)
(-0.020145056 0.048529551 8.7157457e-20)
(-0.01485737 0.042920281 3.4772044e-20)
(-0.010173514 0.036318646 7.874351e-20)
(-0.0062484443 0.028871587 -1.7405783e-20)
(-0.0032080934 0.02075083 4.9853643e-20)
(-0.0011526673 0.012148097 3.882215e-20)
(-0.00013832609 0.0032617398 5.1607663e-21)
)
;
    }
    frontAndBack
    {
        type            empty;
    }
}


// ************************************************************************* //
