/*--------------------------------*- C++ -*----------------------------------*\
  =========                 |
  \\      /  F ield         | OpenFOAM: The Open Source CFD Toolbox
   \\    /   O peration     | Website:  https://openfoam.org
    \\  /    A nd           | Version:  13
     \\/     M anipulation  |
\*---------------------------------------------------------------------------*/
FoamFile
{
    format      ascii;
    class       volVectorField;
    location    "48.097426";
    object      wallShearStress;
}
// * * * * * * * * * * * * * * * * * * * * * * * * * * * * * * * * * * * * * //

dimensions      [0 2 -2 0 0 0 0];

internalField   uniform (0 0 0);

boundaryField
{
    inlet
    {
        type            calculated;
        value           uniform (0 0 0);
    }
    outlet
    {
        type            calculated;
        value           uniform (0 0 0);
    }
    cylinder
    {
        type            calculated;
        value           nonuniform List<vector> 
132
(
(8.6273482e-06 -0.00036310878 -3.1310949e-22)
(3.2051324e-05 -0.00068772449 8.9571832e-23)
(7.4502855e-05 -0.0010221426 4.965492e-21)
(0.00013690036 -0.0013608879 -1.6725045e-20)
(0.00021951639 -0.0016974714 1.1847642e-20)
(0.00032186116 -0.0020247495 3.6323089e-20)
(0.00044254949 -0.0023350861 -6.9045263e-21)
(0.0005792347 -0.0026206968 -2.7439961e-20)
(0.00072876415 -0.0028738964 2.5943414e-20)
(0.00088701478 -0.0030875304 -5.8345437e-20)
(0.0010490993 -0.003255395 -1.0648801e-21)
(0.0012095716 -0.0033726494 3.6465053e-20)
(0.0013627402 -0.0034362644 5.9643974e-20)
(0.001503032 -0.0034453425 -4.8586153e-20)
(0.0016254463 -0.003401393 5.1301547e-20)
(0.0017261414 -0.0033086805 8.278995e-20)
(0.00180261 -0.0031735328 -5.4385794e-20)
(0.0018546442 -0.0030051316 8.7442482e-20)
(0.001884446 -0.0028145087 1.1585929e-19)
(0.0018971308 -0.0026143123 -7.5295935e-20)
(0.0019009058 -0.0024180557 -9.6129491e-20)
(0.0019073626 -0.0022396013 3.3866419e-23)
(0.0019308413 -0.0020916283 1.3983435e-20)
(0.0019882548 -0.0019849984 -1.6761568e-20)
(0.0020967388 -0.0019262615 -2.8545553e-20)
(0.0022700458 -0.0019150771 6.1111835e-21)
(0.0025175945 -0.0019451572 -5.5228495e-20)
(0.0028334209 -0.0019980643 1.4768753e-20)
(0.0031994631 -0.0020501578 1.1606035e-20)
(0.0035874861 -0.0020771024 -7.9985576e-20)
(0.0039567694 -0.002055054 1.0442974e-19)
(0.0042624421 -0.0019675299 3.1620885e-21)
(0.0044481765 -0.0018031198 2.2803546e-20)
(0.0044241539 -0.0015504236 -2.7029492e-20)
(0.0040675996 -0.0012069371 8.5883365e-20)
(0.0032102286 -0.00078459346 -5.428463e-21)
(0.0016652081 -0.00032710604 2.1862467e-20)
(-0.00079391874 8.6778601e-05 -2.9928425e-21)
(-0.0043704356 0.0003293715 4.271877e-21)
(-0.0091443124 0.00021051648 -2.6454945e-21)
(-0.015510534 -0.0005109616 4.8911389e-21)
(-0.023298972 -0.0021603629 -1.4894309e-22)
(-0.031757417 -0.0048808607 5.3877297e-20)
(-0.040435776 -0.0087297363 -2.0482511e-20)
(-0.048739242 -0.01363808 1.825426e-20)
(-0.056200598 -0.019445352 -1.1603232e-19)
(-0.062408484 -0.025899623 -1.8563542e-20)
(-0.067123727 -0.032726161 1.621747e-19)
(-0.070173391 -0.039614496 -1.3812652e-19)
(-0.071539869 -0.046282614 -2.6457882e-21)
(-0.071232265 -0.052433564 4.2611343e-20)
(-0.069411354 -0.057857548 -3.9615264e-20)
(-0.06616778 -0.062286003 -8.0875436e-21)
(-0.061742605 -0.065579112 -5.6292669e-21)
(-0.056391755 -0.067641609 -1.1657479e-20)
(-0.050285347 -0.068302704 1.5537267e-21)
(-0.043715705 -0.067561741 3.95898e-22)
(-0.036917156 -0.0653859 4.0671937e-20)
(-0.030138301 -0.061807465 -6.7292947e-20)
(-0.023612373 -0.056889129 -7.4696924e-20)
(-0.017556655 -0.050728171 -3.1032203e-20)
(-0.012168061 -0.043454729 -7.222088e-20)
(-0.0076180428 -0.035226387 1.6282109e-20)
(-0.0040468386 -0.026225 2.3870769e-20)
(-0.0015690761 -0.016668817 -3.7310013e-20)
(-0.00024553169 -0.0067311658 -5.0057889e-21)
(2.8219744e-06 -5.0018718e-05 -1.4331972e-21)
(1.3715016e-05 0.00025201266 -8.4908394e-23)
(4.051375e-05 0.00054030298 -4.8453413e-21)
(8.1976613e-05 0.00080978406 1.6143239e-20)
(0.00013666113 0.0010557312 -1.1318566e-20)
(0.00020235329 0.0012739702 -3.4346391e-20)
(0.00027652885 0.001461098 6.4623781e-21)
(0.00035637161 0.0016146179 2.5424542e-20)
(0.00043891805 0.0017331109 -2.380017e-20)
(0.00052122255 0.0018163393 5.3009153e-20)
(0.00060053502 0.0018652886 9.5856891e-22)
(0.0006745031 0.0018822098 -3.252613e-20)
(0.00074134595 0.0018705116 -5.2748463e-20)
(0.00080008501 0.0018347803 4.2625187e-20)
(0.00085066547 0.0017804902 -4.467352e-20)
(0.00089419234 0.001714011 -7.1604162e-20)
(0.00093296857 0.0016421413 4.6749867e-20)
(0.00097076435 0.0015721888 -7.4757969e-20)
(0.0010127356 0.0015113912 -9.8586261e-20)
(0.0010658979 0.001467224 6.3813957e-20)
(0.0011387847 0.0014465305 8.1201036e-20)
(0.0012421855 0.0014560886 7.2628153e-20)
(0.001387906 0.0015007141 5.9612418e-20)
(0.0015881735 0.0015826933 1.4072165e-20)
(0.0018529886 0.0016996039 2.3943359e-20)
(0.0021846092 0.0018407264 -5.1236067e-21)
(0.0025763142 0.001988911 4.6299818e-20)
(0.0030089815 0.0021209565 -1.2383279e-20)
(0.0034533331 0.0022125549 -9.734802e-21)
(0.0038759318 0.0022442432 6.7119536e-20)
(0.0042494521 0.0022073354 -8.7679156e-20)
(0.0045485563 0.0020998285 -2.6414619e-21)
(0.0047252925 0.0019156088 4.3646246e-20)
(0.0046843266 0.0016417201 2.2784292e-20)
(0.0042926622 0.0012738357 -7.2595599e-20)
(0.0033719249 0.0008242539 4.6058015e-21)
(0.0017293212 0.00033996527 1.3592031e-20)
(-0.00086548964 -9.5434222e-05 2.5660463e-21)
(-0.0046098744 -0.00034770134 -3.6863368e-21)
(-0.0095734973 -0.00022089177 2.2987059e-21)
(-0.016145828 0.00053129517 -4.2803639e-21)
(-0.024112628 0.0022350975 3.4599918e-20)
(-0.032693263 0.0050238114 -4.7699083e-20)
(-0.041426556 0.0089425442 1.8192318e-20)
(-0.049688338 0.013902514 -1.6232664e-20)
(-0.057041112 0.019734931 1.0308314e-19)
(-0.063081061 0.026177014 1.6434273e-20)
(-0.067584535 0.032948997 -1.4268165e-19)
(-0.070398194 0.039739474 1.2033159e-19)
(-0.071525154 0.046271058 2.2716619e-21)
(-0.070969976 0.052238338 -3.5780245e-20)
(-0.068943563 0.057465412 3.2153937e-20)
(-0.06548776 0.061643131 -4.9734927e-20)
(-0.06088473 0.064665326 3.7862474e-21)
(-0.055423142 0.066476726 -6.8163683e-21)
(-0.049214279 0.066844283 4.1503869e-21)
(-0.042593354 0.065823027 -6.8661115e-22)
(-0.035780648 0.063367937 -5.3234359e-20)
(-0.029027278 0.059522724 7.9717958e-20)
(-0.022564346 0.054356003 8.3992329e-20)
(-0.016605844 0.047969827 3.3770474e-20)
(-0.011345432 0.040500788 7.6806886e-20)
(-0.006949633 0.032109576 -1.7014497e-20)
(-0.0035534976 0.022983835 4.8764686e-20)
(-0.0012658811 0.013333153 3.7953148e-20)
(-0.00014651604 0.0033736307 5.0368926e-21)
)
;
    }
    frontAndBack
    {
        type            empty;
    }
}


// ************************************************************************* //
