/*--------------------------------*- C++ -*----------------------------------*\
  =========                 |
  \\      /  F ield         | OpenFOAM: The Open Source CFD Toolbox
   \\    /   O peration     | Website:  https://openfoam.org
    \\  /    A nd           | Version:  13
     \\/     M anipulation  |
\*---------------------------------------------------------------------------*/
FoamFile
{
    format      ascii;
    class       volVectorField;
    location    "25.49733";
    object      wallShearStress;
}
// * * * * * * * * * * * * * * * * * * * * * * * * * * * * * * * * * * * * * //

dimensions      [0 2 -2 0 0 0 0];

internalField   uniform (0 0 0);

boundaryField
{
    inlet
    {
        type            calculated;
        value           uniform (0 0 0);
    }
    outlet
    {
        type            calculated;
        value           uniform (0 0 0);
    }
    cylinder
    {
        type            calculated;
        value           nonuniform List<vector> 
132
(
(1.2549289e-05 -0.00055612204 -2.3985347e-22)
(4.5233691e-05 -0.00098273024 6.8429579e-23)
(0.00010211689 -0.0014087068 3.7842549e-21)
(0.00018308924 -0.0018260663 -1.271622e-20)
(0.0002872343 -0.0022262726 8.9879195e-21)
(0.00041265951 -0.0026005374 2.7498693e-20)
(0.00055645279 -0.0029401127 -5.2171007e-21)
(0.0007146611 -0.003236617 -2.0697038e-20)
(0.00088234147 -0.0034824761 1.9536359e-20)
(0.0010539095 -0.0036711892 -4.3870587e-20)
(0.0012231121 -0.003797903 -7.9961015e-22)
(0.0013833723 -0.0038596236 2.7346303e-20)
(0.0015282882 -0.0038559137 4.4677135e-20)
(0.0016518821 -0.0037886025 -3.635541e-20)
(0.0017494521 -0.0036628032 3.8349585e-20)
(0.0018175457 -0.0034856754 6.1832721e-20)
(0.0018547863 -0.0032670544 -4.0585005e-20)
(0.0018623561 -0.00301917 6.5204261e-20)
(0.0018441257 -0.0027557036 8.6334366e-20)
(0.0018069883 -0.0024913732 -5.6073128e-20)
(0.001760842 -0.0022410115 -7.154752e-20)
(0.0017189249 -0.0020192748 2.5187436e-23)
(0.0016976748 -0.001839737 1.0397566e-20)
(0.0017161974 -0.0017137835 -1.2458066e-20)
(0.0017946999 -0.0016488394 -2.1208205e-20)
(0.0019506103 -0.0016453414 4.5388424e-21)
(0.0021930572 -0.0016939321 -4.1008358e-20)
(0.0025168867 -0.001774254 1.0964618e-20)
(0.0028999546 -0.0018576755 8.617078e-21)
(0.0033033322 -0.0019121456 -5.9403406e-20)
(0.0036844651 -0.0019132656 7.7593179e-20)
(0.0040110953 -0.0018510731 2.3509354e-21)
(0.0042509343 -0.0017224588 1.6967108e-20)
(0.0043422405 -0.0015205399 -2.0132776e-20)
(0.0041842278 -0.0012395712 6.4066739e-20)
(0.0036306592 -0.00088366503 -4.0581518e-21)
(0.0025113075 -0.0004830432 1.6392376e-20)
(0.0006133114 -9.8377556e-05 -2.2530427e-21)
(-0.0022463867 0.00016086004 3.2333416e-21)
(-0.0062413277 0.00013597695 -2.0155151e-21)
(-0.011734668 -0.00039150985 3.7574914e-21)
(-0.01864871 -0.0017333911 -1.15573e-22)
(-0.026393973 -0.0040608617 4.2232621e-20)
(-0.03454255 -0.0074617189 -1.6215796e-20)
(-0.042508863 -0.011898422 1.4581728e-20)
(-0.049844893 -0.017249915 -9.3393078e-20)
(-0.056105765 -0.023288601 -1.5022548e-20)
(-0.061011677 -0.029750633 1.3162004e-19)
(-0.064366832 -0.036340645 -1.1204577e-19)
(-0.066109653 -0.0427733 -2.1358277e-21)
(-0.066237065 -0.04876004 3.4009172e-20)
(-0.064872021 -0.054076857 -3.0929096e-20)
(-0.062110928 -0.058469957 -6.0496347e-21)
(-0.058169111 -0.061785971 -3.8257904e-21)
(-0.053282103 -0.063913706 -5.6656832e-21)
(-0.047632955 -0.064701814 -3.0722726e-21)
(-0.041495469 -0.064131988 6.0961271e-22)
(-0.035101751 -0.062171865 4.900066e-20)
(-0.028695164 -0.058848948 -7.4685688e-20)
(-0.022504902 -0.054221691 -7.9625544e-20)
(-0.016745043 -0.048383578 -3.2314839e-20)
(-0.01160954 -0.041460225 -7.4096812e-20)
(-0.0072675095 -0.033605022 1.6539693e-20)
(-0.0038572157 -0.024995203 2.4082709e-20)
(-0.0014917897 -0.01584372 -3.7464217e-20)
(-0.00023143828 -0.0063199949 -5.0107411e-21)
(3.1383915e-06 -0.00013243685 -1.1009353e-21)
(1.6668126e-05 0.00028832497 -6.5417575e-23)
(5.3088915e-05 0.00070238467 -3.7448941e-21)
(0.00011201038 0.0011019588 1.2518795e-20)
(0.00019190637 0.0014789874 -8.8084117e-21)
(0.00029044953 0.0018255592 -2.6828185e-20)
(0.00040443281 0.0021341726 5.0671691e-21)
(0.00052982991 0.0023980454 2.0013882e-20)
(0.00066193065 0.0026115134 -1.8810118e-20)
(0.00079543611 0.0027702863 4.2063324e-20)
(0.00092493532 0.0028719029 7.6362635e-22)
(0.0010450047 0.0029157074 -2.6014129e-20)
(0.0011506931 0.0029035161 -4.2347025e-20)
(0.0012377067 0.0028390441 3.4343042e-20)
(0.0013031421 0.0027287335 -3.6114636e-20)
(0.0013455004 0.0025807053 -5.8065469e-20)
(0.0013652341 0.0024049718 3.8017107e-20)
(0.0013651042 0.0022131358 -6.094496e-20)
(0.0013502023 0.0020175423 -8.0544296e-20)
(0.0013283263 0.001831123 5.2230942e-20)
(0.0013097227 0.0016663284 6.6561217e-20)
(0.0013078101 0.0015355022 5.9603542e-20)
(0.0013386565 0.0014495781 4.8963357e-20)
(0.0014208122 0.0014174946 1.1564773e-20)
(0.0015724431 0.0014432395 1.9683091e-20)
(0.0018066041 0.001522563 -4.2124529e-21)
(0.002125269 0.0016405462 3.8067515e-20)
(0.0025125789 0.0017705739 -1.0182206e-20)
(0.0029386586 0.0018821892 -8.0059157e-21)
(0.0033608645 0.0019454525 5.5218365e-20)
(0.0037372467 0.0019408393 -7.2164648e-20)
(0.0040456721 0.0018672402 -2.1749247e-21)
(0.0042618454 0.0017271199 3.5947699e-20)
(0.0043194433 0.0015128899 1.8769463e-20)
(0.004110093 0.0012181283 -5.9815464e-20)
(0.0034800651 0.00084790847 3.7960421e-21)
(0.0022539601 0.00043544321 1.1208084e-20)
(0.00021448768 4.564216e-05 2.1178764e-21)
(-0.0028185379 -0.00020559741 -3.0476031e-21)
(-0.0069982315 -0.00015497705 1.904873e-21)
(-0.012688056 0.00042146473 -3.5595945e-21)
(-0.019776999 0.0018367394 2.8915883e-20)
(-0.027631848 0.004249709 -4.0086447e-20)
(-0.03579971 0.0077316216 1.5377615e-20)
(-0.043707894 0.01223265 -1.3799224e-20)
(-0.050926853 0.017622953 8.8070091e-20)
(-0.057005559 0.023660083 1.4093117e-20)
(-0.061691042 0.030079879 -1.2262224e-19)
(-0.06480206 0.036584307 1.033919e-19)
(-0.066299036 0.042893732 1.9452861e-21)
(-0.066176313 0.04871316 -3.0381059e-20)
(-0.064599968 0.053847901 2.6824853e-20)
(-0.061626026 0.058010881 -3.9972962e-20)
(-0.057502954 0.061075914 2.7494761e-21)
(-0.052497785 0.062970088 -2.2687968e-21)
(-0.046743151 0.063489888 6.5547326e-21)
(-0.040546422 0.062661471 -7.9036984e-22)
(-0.034129257 0.060444876 -5.6932609e-20)
(-0.027736271 0.056876826 8.2633557e-20)
(-0.02159476 0.052021635 8.5637131e-20)
(-0.015915538 0.045976959 3.4101981e-20)
(-0.010889447 0.038874294 7.7112059e-20)
(-0.0066809327 0.03086962 -1.7024064e-20)
(-0.0034235579 0.022145578 4.8707573e-20)
(-0.0012248671 0.012906608 3.7892595e-20)
(-0.00014427775 0.003364521 5.032485e-21)
)
;
    }
    frontAndBack
    {
        type            empty;
    }
}


// ************************************************************************* //
