/*--------------------------------*- C++ -*----------------------------------*\
  =========                 |
  \\      /  F ield         | OpenFOAM: The Open Source CFD Toolbox
   \\    /   O peration     | Website:  https://openfoam.org
    \\  /    A nd           | Version:  13
     \\/     M anipulation  |
\*---------------------------------------------------------------------------*/
FoamFile
{
    format      ascii;
    class       volVectorField;
    location    "29.197873";
    object      wallShearStress;
}
// * * * * * * * * * * * * * * * * * * * * * * * * * * * * * * * * * * * * * //

dimensions      [0 2 -2 0 0 0 0];

internalField   uniform (0 0 0);

boundaryField
{
    inlet
    {
        type            calculated;
        value           uniform (0 0 0);
    }
    outlet
    {
        type            calculated;
        value           uniform (0 0 0);
    }
    cylinder
    {
        type            calculated;
        value           nonuniform List<vector> 
132
(
(-5.0385342e-06 0.00067778916 -2.4909039e-22)
(-1.0541158e-05 0.00036065748 7.0811357e-23)
(1.1341159e-06 4.1190479e-05 3.9022253e-21)
(3.0626911e-05 -0.00027570656 -1.3064388e-20)
(7.7604739e-05 -0.00058452683 9.1994803e-21)
(0.00014134583 -0.00087953941 2.8039706e-20)
(0.00022010319 -0.0011551338 -5.2997137e-21)
(0.00031170226 -0.001405929 -2.0946806e-20)
(0.00041337354 -0.0016269604 1.9700604e-20)
(0.00052181946 -0.0018139224 -4.4085906e-20)
(0.00063330376 -0.0019634446 -8.0092905e-22)
(0.00074397792 -0.0020732033 2.7306809e-20)
(0.00084991598 -0.0021422411 4.4488458e-20)
(0.00094737805 -0.0021709725 -3.6111663e-20)
(0.0010331957 -0.0021615446 3.8009765e-20)
(0.0011048433 -0.0021173615 6.1171296e-20)
(0.0011611106 -0.0020438143 -4.0089674e-20)
(0.001201652 -0.0019467726 6.4330468e-20)
(0.0012282572 -0.0018341884 8.5098746e-20)
(0.001244234 -0.0017143536 -5.5234266e-20)
(0.0012547625 -0.001595903 -7.044576e-20)
(0.0012675075 -0.0014880898 2.480978e-23)
(0.0012920969 -0.0013995015 1.0233113e-20)
(0.0013408117 -0.0013384115 -1.2259817e-20)
(0.0014278468 -0.0013114898 -2.0868143e-20)
(0.0015676723 -0.0013221708 4.4650264e-21)
(0.0017718537 -0.0013684815 -4.0323553e-20)
(0.0020439454 -0.0014406824 1.0773541e-20)
(0.0023781273 -0.0015230598 8.4575415e-21)
(0.0027529918 -0.0015930583 -5.8218364e-20)
(0.0031355429 -0.0016275546 7.5911101e-20)
(0.0034961663 -0.0016126464 2.2952828e-21)
(0.0038078467 -0.0015419356 1.6526603e-20)
(0.004028742 -0.0014094349 -1.9557653e-20)
(0.004080067 -0.0012068442 6.2057449e-20)
(0.0038300141 -0.00092931104 -3.9194875e-21)
(0.0031138826 -0.0005933362 1.5790831e-20)
(0.0017204865 -0.0002440309 -2.1661088e-21)
(-0.00055513602 2.4868531e-05 3.1061438e-21)
(-0.0039443161 7.8831509e-05 -1.9371494e-21)
(-0.0087925464 -0.00029855715 3.6194598e-21)
(-0.015078061 -0.0014056807 -1.1176586e-22)
(-0.022282947 -0.0034322537 4.1043178e-20)
(-0.029969272 -0.0064774085 -1.5841739e-20)
(-0.037574123 -0.010520087 1.4316052e-20)
(-0.04460226 -0.015438098 -9.2074198e-20)
(-0.050617933 -0.021013189 -1.4863328e-20)
(-0.055347879 -0.026990783 1.3056259e-19)
(-0.05859636 -0.033084188 -1.1135971e-19)
(-0.060321341 -0.039029288 -2.1252051e-21)
(-0.060516529 -0.044549622 3.3854874e-20)
(-0.059321464 -0.04945047 -3.0784618e-20)
(-0.056820046 -0.053489409 -6.0103789e-21)
(-0.053212298 -0.056520957 -3.7842201e-21)
(-0.048736573 -0.058461063 -5.4912655e-21)
(-0.04355794 -0.059166278 -3.2451684e-21)
(-0.037930918 -0.058622487 6.1979842e-22)
(-0.032070319 -0.056802029 4.9506963e-20)
(-0.026200019 -0.053731018 -7.5249948e-20)
(-0.020530738 -0.049464186 -8.009163e-20)
(-0.015258873 -0.044087871 -3.2462776e-20)
(-0.010562179 -0.03771763 -7.435446e-20)
(-0.0065954586 -0.030493875 1.6579964e-20)
(-0.0034856065 -0.022579357 2.4115427e-20)
(-0.0013354071 -0.014166624 -3.7471539e-20)
(-0.00020127556 -0.0054162096 -5.0051096e-21)
(1.7449643e-05 0.0009901486 -1.147203e-21)
(5.6815125e-05 0.001298298 -6.8391591e-23)
(0.00011392197 0.001600081 -3.9279369e-21)
(0.00018789593 0.0018898949 1.3172124e-20)
(0.00027766948 0.002162144 -9.2963172e-21)
(0.00038152786 0.0024111388 -2.8396718e-20)
(0.000497109 0.0026313882 5.378282e-21)
(0.00062136513 0.0028177841 2.1298178e-20)
(0.0007507674 0.0029658716 -2.0066152e-20)
(0.00088133524 0.0030720146 4.4973717e-20)
(0.0010087709 0.0031337668 8.1814607e-22)
(0.0011286594 0.0031499582 -2.792502e-20)
(0.0012367907 0.0031211014 -4.5535728e-20)
(0.0013293541 0.0030492491 3.6985682e-20)
(0.0014033934 0.0029384114 -3.894633e-20)
(0.0014569137 0.0027940205 -6.2691938e-20)
(0.0014893566 0.0026231995 4.1087619e-20)
(0.0015018499 0.0024344401 -6.5922753e-20)
(0.0014973977 0.0022372111 -8.7182825e-20)
(0.0014810693 0.0020415956 5.656643e-20)
(0.0014599071 0.0018575851 7.2115271e-20)
(0.0014435192 0.0016953476 6.4594631e-20)
(0.0014436701 0.0015641479 5.3070854e-20)
(0.0014748082 0.0014725015 1.2534844e-20)
(0.0015529857 0.0014266355 2.1330119e-20)
(0.0016940048 0.0014288099 -4.5630614e-21)
(0.0019103134 0.0014754283 4.1208092e-20)
(0.002204308 0.0015537125 -1.1011705e-20)
(0.0025616932 0.0016407009 -8.648053e-21)
(0.002951688 0.0017082011 5.9565708e-20)
(0.0033397169 0.0017337588 -7.7727871e-20)
(0.0036942651 0.00170431 -2.3387415e-21)
(0.0039827128 0.001613147 3.8581531e-20)
(0.0041515953 0.0014530084 2.0099135e-20)
(0.0041087309 0.0012162149 -6.3891378e-20)
(0.0037081044 0.00090113738 4.0439345e-21)
(0.0027736063 0.0005310304 1.1909781e-20)
(0.0010819654 0.00016012147 2.2456463e-21)
(-0.001562355 -0.00010577579 -3.2270511e-21)
(-0.0053573677 -0.00011369802 2.015921e-21)
(-0.010661278 0.00035785917 -3.7690854e-21)
(-0.017361456 0.0016151965 3.0663293e-20)
(-0.024864727 0.0038266737 -4.2597052e-20)
(-0.032715896 0.0070677641 1.6378943e-20)
(-0.040311808 0.011283651 -1.4730263e-20)
(-0.047215017 0.016339772 9.4229538e-20)
(-0.053004007 0.022000186 1.5117181e-20)
(-0.057435327 0.028005367 -1.3193035e-19)
(-0.060352509 0.034072503 1.1170172e-19)
(-0.0617313 0.039938494 2.1140573e-21)
(-0.061585181 0.045333372 -3.3330268e-20)
(-0.06007401 0.050074945 2.9891333e-20)
(-0.057273433 0.053913308 -4.5970737e-20)
(-0.05340545 0.056723355 3.4240061e-21)
(-0.048721496 0.058440107 -5.4712284e-21)
(-0.043363103 0.058898527 4.7086202e-21)
(-0.037600876 0.058109053 -7.0174091e-22)
(-0.031645509 0.056045818 -5.3328353e-20)
(-0.025719558 0.052741222 7.9268101e-20)
(-0.020031839 0.048256694 8.3250499e-20)
(-0.014775055 0.04268276 3.3431122e-20)
(-0.010123413 0.036140626 7.602795e-20)
(-0.0062268389 0.028773585 -1.6853772e-20)
(-0.0032072724 0.020749269 4.8369135e-20)
(-0.001161816 0.012255463 3.7718968e-20)
(-0.00014425061 0.003482426 5.0189277e-21)
)
;
    }
    frontAndBack
    {
        type            empty;
    }
}


// ************************************************************************* //
