/*--------------------------------*- C++ -*----------------------------------*\
  =========                 |
  \\      /  F ield         | OpenFOAM: The Open Source CFD Toolbox
   \\    /   O peration     | Website:  https://openfoam.org
    \\  /    A nd           | Version:  13
     \\/     M anipulation  |
\*---------------------------------------------------------------------------*/
FoamFile
{
    format      ascii;
    class       volVectorField;
    location    "619";
    object      U;
}
// * * * * * * * * * * * * * * * * * * * * * * * * * * * * * * * * * * * * * //

dimensions      [0 1 -1 0 0 0 0];

internalField   nonuniform List<vector> 
1208
(
(1.0709259e-07 1.7148625e-05 2.6763497e-23)
(1.3519565e-07 4.2544255e-05 -8.1796057e-23)
(3.8252851e-07 7.3718489e-05 6.6175218e-23)
(8.2047019e-07 0.00012759685 2.7747293e-23)
(1.7466112e-06 0.00022052256 -2.6145217e-23)
(3.7171114e-06 0.00038031021 1.1733149e-22)
(7.9020362e-06 0.00065386467 -4.5634304e-22)
(1.6755512e-05 0.0011191832 1.3827344e-22)
(3.523566e-05 0.0019032324 5.4249452e-22)
(7.277039e-05 0.0032060664 -3.3409047e-22)
(0.00014536476 0.0053275457 1.989365e-22)
(0.0002749687 0.0086838808 -2.9790829e-23)
(0.00048038997 0.013788409 -4.5106257e-23)
(0.00075691096 0.021169637 1.6054031e-21)
(0.001047711 0.031238708 2.5544403e-21)
(0.0012624678 0.044193253 -1.0065424e-21)
(0.0012689184 0.06009114 -6.7530085e-21)
(0.00078379315 0.079142494 8.951498e-21)
(-0.00034124943 0.10179478 6.0664809e-21)
(-0.0022424148 0.12823156 2.321169e-20)
(-0.0044065422 0.15825578 -4.1120647e-20)
(-0.0022694647 0.18977645 -8.4789957e-20)
(0.005949436 0.22053289 -7.7578162e-20)
(0.031589149 0.24392957 2.5136664e-19)
(0.064255659 0.26412587 -1.5364072e-19)
(0.12401022 0.26246169 -1.7823396e-19)
(-3.9008467e-08 -3.5474935e-07 -1.3006942e-22)
(-5.0435386e-08 -8.715785e-07 1.3959379e-22)
(-2.4018075e-07 -1.4995892e-06 7.4132472e-23)
(-6.5640686e-07 -2.560053e-06 3.0902072e-23)
(-1.5992626e-06 -4.3397866e-06 -3.3885135e-22)
(-3.7556346e-06 -7.284734e-06 6.3398738e-22)
(-8.630321e-06 -1.2053009e-05 -5.9926329e-22)
(-1.9499481e-05 -1.9523885e-05 1.0642765e-22)
(-4.3246706e-05 -3.0642392e-05 2.2051028e-22)
(-9.3508498e-05 -4.5880053e-05 5.5171385e-22)
(-0.00019478839 -6.4045536e-05 1.0626156e-21)
(-0.00038288897 -8.0410801e-05 -3.5460456e-21)
(-0.00069553461 -8.4803308e-05 2.3545095e-21)
(-0.0011539453 -6.1344514e-05 -2.77089e-21)
(-0.0017509933 7.7010935e-06 -1.5123201e-21)
(-0.002485864 0.00014172088 -1.9614899e-21)
(-0.0034601278 0.00036797467 6.6556024e-22)
(-0.0049492774 0.00067040303 2.5334139e-20)
(-0.0070020213 0.00091710908 1.7666183e-20)
(-0.0086787905 0.000750069 -4.5429067e-20)
(-0.0074991605 -0.00044139125 -1.5569648e-20)
(0.0018166911 -0.0029773271 4.1217872e-20)
(0.022040034 -0.006724524 -2.9740115e-20)
(0.060838574 -0.011083067 -5.0542976e-21)
(0.10805646 -0.014688205 6.7593985e-20)
(0.18578728 -0.019976103 2.8027217e-19)
(-1.445956e-07 4.4448278e-07 -4.0080112e-23)
(-1.7904319e-07 1.1226832e-06 2.307633e-22)
(-3.3575501e-07 1.9479187e-06 -4.3570356e-22)
(-5.7198734e-07 3.384363e-06 2.9475911e-22)
(-9.7544756e-07 5.8706214e-06 -4.9668413e-22)
(-1.6524162e-06 1.015485e-05 4.6598476e-23)
(-2.7495354e-06 1.7476543e-05 9.529744e-22)
(-4.4955676e-06 2.981932e-05 -3.4537176e-23)
(-7.232238e-06 5.0159411e-05 -7.2269072e-22)
(-1.1453234e-05 8.2496016e-05 1.3737638e-21)
(-1.8782923e-05 0.00013130028 -9.0444152e-22)
(-3.5213263e-05 0.00020034617 -4.0207597e-21)
(-7.9899646e-05 0.00029249396 2.7541564e-21)
(-0.00019840512 0.00041382576 -6.9259763e-22)
(-0.00046861672 0.00058514049 5.1650647e-21)
(-0.001022699 0.00085483434 -1.0293098e-20)
(-0.0020722782 0.0012686481 2.6424837e-20)
(-0.0036877156 0.0017228247 -4.0160206e-20)
(-0.0052375635 0.0017773527 -2.4063873e-20)
(-0.0037909302 0.00068102522 9.0735207e-20)
(0.005637128 -0.0023400357 -4.5603788e-20)
(0.029268925 -0.0072900229 2.3143759e-19)
(0.06926662 -0.013564434 4.3552065e-20)
(0.13058517 -0.019813479 3.1144994e-21)
(0.1984061 -0.025033371 -1.4452814e-19)
(0.30067474 -0.030328372 -1.828497e-19)
(-2.0562597e-07 4.2248388e-07 -2.1679912e-22)
(-2.5919055e-07 1.0851448e-06 -4.7225504e-22)
(-4.9542845e-07 1.8791486e-06 1.9296887e-22)
(-8.6055882e-07 3.267284e-06 3.7595836e-24)
(-1.5067874e-06 5.6767092e-06 1.4583101e-21)
(-2.6418717e-06 9.8563277e-06 -6.2838771e-22)
(-4.6436132e-06 1.7091734e-05 -1.4021158e-21)
(-8.1872799e-06 2.9571683e-05 1.030543e-21)
(-1.4493435e-05 5.0959838e-05 -8.1611456e-22)
(-2.5787923e-05 8.722742e-05 3.7705694e-21)
(-4.6186697e-05 0.00014769866 -6.2730989e-21)
(-8.3484326e-05 0.000246035 6.5961235e-21)
(-0.00015350715 0.00040098233 -2.308131e-21)
(-0.00029373957 0.00063832957 1.5679923e-20)
(-0.00059860417 0.00099678342 -4.1682126e-21)
(-0.0012675072 0.0015164111 8.0416086e-21)
(-0.0024678651 0.0021301408 -5.3533556e-20)
(-0.003641721 0.0024461729 -9.4725762e-21)
(-0.0022199277 0.0016213203 9.1842875e-20)
(0.007702773 -0.0012152583 -8.4422006e-21)
(0.032863759 -0.0062843506 1.5543785e-19)
(0.078771947 -0.012727338 -1.8353949e-19)
(0.14488948 -0.019377101 7.4316239e-21)
(0.23153582 -0.024571326 -2.5953085e-19)
(0.32149257 -0.028600232 6.8951661e-20)
(0.44191474 -0.030296025 1.1160543e-19)
(-3.0447118e-07 4.6408606e-07 1.8291863e-22)
(-3.9603373e-07 1.2215951e-06 -1.704714e-22)
(-7.5642942e-07 2.1135768e-06 3.1237767e-22)
(-1.3224406e-06 3.6829792e-06 -1.5291789e-21)
(-2.33224e-06 6.4153972e-06 3.1327505e-21)
(-4.1255488e-06 1.1177389e-05 -5.8917787e-23)
(-7.3303497e-06 1.9472007e-05 -2.4677943e-21)
(-1.3096731e-05 3.3897938e-05 -1.2571438e-21)
(-2.3558178e-05 5.8906197e-05 5.9135772e-21)
(-4.2723457e-05 0.00010200657 -1.1966567e-20)
(-7.8244323e-05 0.0001756176 5.2680981e-21)
(-0.0001451419 0.00029993265 3.8870175e-21)
(-0.00027492731 0.00050771344 1.3615246e-21)
(-0.00053947499 0.00085032428 -1.4279189e-20)
(-0.0010916736 0.0013863048 6.568691e-21)
(-0.0021024532 0.0020807481 2.2037341e-20)
(-0.0031304659 0.0025783432 -7.5472954e-21)
(-0.0018583939 0.00203596 2.2335149e-21)
(0.0075552451 -0.00056761366 -3.6875125e-20)
(0.033042107 -0.0055437863 -1.3486942e-19)
(0.081123148 -0.011988918 5.3892595e-20)
(0.15337076 -0.018227353 -1.5127232e-19)
(0.244892 -0.023016205 9.1048645e-20)
(0.35097733 -0.025245558 1.4718903e-19)
(0.45513104 -0.026490061 1.1514397e-19)
(0.57933302 -0.024097378 2.0983113e-20)
(-4.6075332e-07 5.4877879e-07 2.6047799e-22)
(-6.2349636e-07 1.4911604e-06 5.0183598e-22)
(-1.1811365e-06 2.5768249e-06 -1.7596751e-21)
(-2.0710447e-06 4.4993478e-06 1.2500812e-21)
(-3.6618458e-06 7.8559018e-06 3.279883e-22)
(-6.4994838e-06 1.3730673e-05 -2.7351681e-21)
(-1.1599144e-05 2.402315e-05 5.3192706e-21)
(-2.0842375e-05 4.2066772e-05 -4.7911373e-22)
(-3.7770433e-05 7.3694008e-05 -5.0189977e-21)
(-6.9161178e-05 0.00012906986 9.9157295e-21)
(-0.0001283639 0.0002259007 -1.0185772e-20)
(-0.00024325644 0.00039511821 1.3773128e-21)
(-0.0004760405 0.0006887561 -3.5764285e-21)
(-0.00095662966 0.0011750781 3.5180914e-20)
(-0.0018458119 0.0018540042 -1.3688981e-20)
(-0.0027915035 0.0024290948 -2.3303929e-20)
(-0.0017511954 0.0020850533 -5.6308763e-20)
(0.0067868798 -0.00028249122 -4.7330841e-20)
(0.031332004 -0.0051403683 -2.6589959e-20)
(0.079598218 -0.011530714 5.8046065e-20)
(0.15379165 -0.017512904 7.8430618e-21)
(0.24940649 -0.021399248 1.5048928e-19)
(0.35758245 -0.02277759 -3.1743363e-19)
(0.47107213 -0.021664358 3.0499274e-19)
(0.57707444 -0.020315932 -3.6482199e-19)
(0.69079282 -0.015712137 -1.7112162e-19)
(-7.0221781e-07 6.7167431e-07 -4.9410557e-22)
(-9.972789e-07 1.8992772e-06 4.0797461e-22)
(-1.8717059e-06 3.2791257e-06 -1.6273322e-22)
(-3.2902545e-06 5.738315e-06 1.1711488e-21)
(-5.8311444e-06 1.0045053e-05 6.4058893e-22)
(-1.0383684e-05 1.7618876e-05 -1.1351821e-21)
(-1.8614663e-05 3.0975615e-05 -3.1343798e-21)
(-3.3659906e-05 5.4609736e-05 1.828538e-21)
(-6.1551075e-05 9.6606005e-05 -5.3536406e-22)
(-0.00011428279 0.00017167936 -7.1836629e-22)
(-0.00021702635 0.00030685739 2.1185039e-20)
(-0.00042492451 0.00054985647 -2.2914011e-20)
(-0.00084904511 0.0009682253 -1.3449592e-20)
(-0.0016262388 0.0015816275 6.8600919e-21)
(-0.0024566858 0.002151456 3.0920665e-20)
(-0.0015232003 0.0019269494 2.0203835e-20)
(0.006233052 -0.00022667768 1.1157344e-19)
(0.029366549 -0.0049264648 -5.0627846e-20)
(0.07631196 -0.011256869 -7.5512293e-21)
(0.1500564 -0.017032083 5.7605625e-20)
(0.24585247 -0.020329201 -2.8430796e-19)
(0.35462962 -0.020593799 1.7899255e-19)
(0.46644808 -0.018704999 -7.1147253e-20)
(0.57526475 -0.015543267 -2.4094426e-19)
(0.67290593 -0.013108038 1.0890799e-19)
(0.7698649 -0.008651921 1.1631665e-19)
(-1.0835047e-06 8.4459441e-07 -3.7817543e-22)
(-1.6315614e-06 2.507567e-06 4.0725867e-22)
(-3.0376063e-06 4.3310358e-06 1.4645861e-21)
(-5.3576859e-06 7.6010156e-06 -4.3353483e-21)
(-9.5305773e-06 1.3351551e-05 1.5321037e-21)
(-1.7060349e-05 2.3531103e-05 7.534107e-23)
(-3.0810423e-05 4.1653464e-05 -4.7473424e-22)
(-5.6320099e-05 7.4174073e-05 5.0413366e-22)
(-0.00010472492 0.00013317441 -5.392663e-21)
(-0.00019948274 0.00024146583 1.2545446e-20)
(-0.00039078909 0.0004400558 8.2024617e-21)
(-0.00077341305 0.00078786154 -1.5773749e-20)
(-0.0014486262 0.001306945 8.39069e-22)
(-0.0021222408 0.001800091 -1.8061326e-20)
(-0.0011041668 0.001599822 -3.0404783e-20)
(0.0062182981 -0.00038709595 -1.0661645e-19)
(0.028078695 -0.0048796713 1.0158848e-19)
(0.073099931 -0.011070302 6.0328301e-20)
(0.14475912 -0.016657941 -7.5973344e-20)
(0.23841058 -0.019483955 1.2782849e-19)
(0.34448642 -0.019012987 7.4975164e-20)
(0.4533241 -0.016260802 -1.7610696e-19)
(0.5578833 -0.012778363 -1.2211331e-20)
(0.65499269 -0.009476748 8.9300612e-20)
(0.74098863 -0.0074365512 1.7160344e-19)
(0.82289677 -0.0043085428 4.1492954e-20)
(-1.7098817e-06 1.0939029e-06 -1.9607987e-22)
(-2.7634404e-06 3.4438916e-06 -4.5690371e-22)
(-5.1213179e-06 5.9684858e-06 -1.085524e-21)
(-9.0841399e-06 1.0524921e-05 3.5533075e-21)
(-1.6274943e-05 1.859713e-05 -4.7878196e-21)
(-2.9431409e-05 3.3055375e-05 3.9728924e-21)
(-5.3944099e-05 5.9233145e-05 -1.6521099e-21)
(-0.00010074844 0.00010727217 -7.9432972e-22)
(-0.00019266579 0.0001963832 1.3961439e-21)
(-0.00037606393 0.0003603579 5.7416177e-21)
(-0.00072915842 0.00064459886 2.781828e-21)
(-0.0013022607 0.001057693 -2.415339e-20)
(-0.0017518335 0.0014176065 2.2035081e-20)
(-0.00040652217 0.0011356198 -4.2124933e-20)
(0.0069949535 -0.00077483676 5.4245356e-20)
(0.028151322 -0.0050336424 -5.6755816e-20)
(0.071338522 -0.010957009 1.1899011e-20)
(0.1401026 -0.016263884 1.2192933e-19)
(0.22988946 -0.018686719 -6.9024845e-20)
(0.33115316 -0.017663188 8.9527041e-21)
(0.43462658 -0.014400406 -2.2099943e-20)
(0.5339405 -0.010617269 6.2153674e-20)
(0.62663918 -0.0074587546 1.4385402e-19)
(0.71203944 -0.0052184259 -4.0085994e-21)
(0.78840187 -0.0040956496 -3.4209838e-20)
(0.85964665 -0.0021838867 2.2488709e-20)
(-2.8481208e-06 1.4970567e-06 2.4344559e-22)
(-5.0300838e-06 5.055529e-06 -6.3129564e-22)
(-9.3316472e-06 8.840454e-06 1.8666184e-21)
(-1.6739482e-05 1.5726994e-05 -6.9000018e-22)
(-3.0426302e-05 2.8100637e-05 2.4008705e-21)
(-5.611495e-05 5.0695977e-05 -2.9368459e-21)
(-0.00010539428 9.2426828e-05 -1.6576131e-22)
(-0.00020142847 0.00016960041 4.9828924e-22)
(-0.00038616237 0.00030850298 2.2881444e-21)
(-0.00071349718 0.00053751291 -1.8360797e-21)
(-0.0011594664 0.0008394633 5.1143368e-21)
(-0.0012574347 0.0010236139 1.2714317e-20)
(0.00074938374 0.00056379467 -2.2880437e-20)
(0.0089030803 -0.0013751806 -3.7903357e-20)
(0.030235291 -0.0053952958 2.6590404e-20)
(0.072168658 -0.010881341 1.7418298e-20)
(0.137795 -0.015713501 6.3447501e-21)
(0.22253938 -0.017685466 -3.8094473e-20)
(0.31723851 -0.01627285 1.301952e-20)
(0.41353945 -0.012761354 -2.4490022e-20)
(0.50612794 -0.0089506057 2.7116495e-21)
(0.59368492 -0.0059594844 1.3956129e-20)
(0.67619372 -0.0040450185 -7.5029362e-20)
(0.75325189 -0.0029324962 -1.2098759e-20)
(0.82305131 -0.0024483765 -1.0669633e-20)
(0.88684404 -0.0012222416 5.7609458e-21)
(-5.2033375e-06 2.2324828e-06 3.2572322e-22)
(-1.0219768e-05 8.1957713e-06 -1.8795914e-21)
(-1.925307e-05 1.4608587e-05 9.1783473e-22)
(-3.5259558e-05 2.6399583e-05 1.710708e-21)
(-6.5463946e-05 4.7861619e-05 -1.6162946e-21)
(-0.00012272327 8.7124636e-05 -1.4552689e-21)
(-0.00022972907 0.00015750995 7.0745014e-21)
(-0.00041826312 0.00027604187 -3.7529889e-21)
(-0.00069538014 0.00044883762 8.574707e-21)
(-0.00091710177 0.00062243374 -2.8029485e-20)
(-0.00039780189 0.00058570464 1.2256087e-20)
(0.0027623653 -0.00012736284 -7.5887809e-21)
(0.01254585 -0.0021713782 -1.9990045e-20)
(0.035120553 -0.0059287514 -2.5192827e-20)
(0.076614257 -0.010756676 8.0159678e-20)
(0.13903446 -0.014811068 -5.6239111e-20)
(0.21781309 -0.016181481 1.822756e-20)
(0.3044406 -0.014496852 4.3279527e-20)
(0.39207864 -0.011032184 4.0672513e-20)
(0.47669539 -0.0074844522 -4.0630484e-20)
(0.5581122 -0.004829129 9.3277431e-21)
(0.63690595 -0.003207784 -1.727507e-20)
(0.71284021 -0.0023372921 3.2792147e-20)
(0.78453287 -0.0018584006 -1.3914469e-21)
(0.8496387 -0.0016115752 -2.1009391e-21)
(0.9076931 -0.00073234444 -3.0551924e-20)
(-1.1263987e-05 3.8750305e-06 6.7440889e-22)
(-2.508683e-05 1.5634649e-05 -7.3889596e-22)
(-4.8290647e-05 2.8442505e-05 2.5069423e-21)
(-8.8704074e-05 5.1335553e-05 -2.2314546e-21)
(-0.00016030348 9.0558381e-05 -3.3998286e-21)
(-0.00027753407 0.00015415871 6.433746e-21)
(-0.00043925185 0.0002449675 -5.9341093e-22)
(-0.0005609632 0.00033961973 -1.3348859e-20)
(-0.00029011944 0.00034344217 1.6562477e-20)
(0.0013467873 3.073236e-05 -1.6197785e-21)
(0.0064849963 -0.00098449141 -6.2060424e-21)
(0.018955847 -0.0031339189 2.6513143e-20)
(0.043854443 -0.0065138514 -5.5019926e-20)
(0.085542813 -0.010406167 7.3853592e-20)
(0.14446451 -0.013313259 1.3057921e-20)
(0.2161443 -0.013883317 1.301729e-22)
(0.29346982 -0.012031401 -2.6849146e-20)
(0.37107497 -0.0089441732 -2.146529e-20)
(0.44683188 -0.0059903777 -2.6509419e-20)
(0.52134217 -0.003879164 2.7560892e-20)
(0.59552775 -0.0026073511 1.3060878e-20)
(0.66921044 -0.001913762 -1.4781624e-20)
(0.74105678 -0.0015399945 1.66278e-21)
(0.80892841 -0.0012931801 5.2182788e-21)
(0.87026674 -0.0010968579 5.0973955e-22)
(0.92372479 -0.00044439407 -6.04369e-21)
(-3.0228418e-05 7.9263374e-06 1.0458186e-22)
(-7.2374361e-05 3.3763561e-05 -9.4789575e-25)
(-0.00012884868 5.8160175e-05 3.605873e-22)
(-0.00020159862 9.3094119e-05 3.0575802e-21)
(-0.00027220036 0.00013418645 -2.4771611e-21)
(-0.00024552765 0.00016110142 -4.5395011e-21)
(0.0001506457 0.00011588786 7.8626791e-21)
(0.0015530625 -0.00012304514 -8.7480083e-21)
(0.0052716497 -0.00076029812 1.5988824e-20)
(0.013608358 -0.0020514815 -3.0773517e-20)
(0.029888787 -0.0041571869 8.8055461e-21)
(0.057742444 -0.0068880768 -2.5660276e-21)
(0.099379608 -0.0095158712 1.118352e-20)
(0.15375064 -0.010978157 1.5686877e-20)
(0.21665398 -0.010621142 -2.2017641e-20)
(0.28340272 -0.0087767781 6.4410642e-22)
(0.35013387 -0.006414585 -1.36016e-20)
(0.41662834 -0.0043798377 -5.4498863e-22)
(0.48398867 -0.0030032642 -1.9732119e-22)
(0.55296707 -0.0021467222 -3.2897212e-21)
(0.62334245 -0.001616493 -7.1132963e-21)
(0.69392888 -0.0012914954 4.1405035e-21)
(0.76284829 -0.0010877051 7.2104975e-22)
(0.82773297 -0.00092071701 -6.7530689e-21)
(0.88601001 -0.00073764223 4.613049e-21)
(0.93588181 -0.00026866166 3.1230252e-20)
(-4.8863036e-05 8.6463188e-06 -8.1871698e-22)
(-8.1859664e-05 3.0241717e-05 2.8161421e-21)
(-1.9427226e-05 2.8353099e-05 -1.9038664e-21)
(0.00026574319 -1.0077066e-05 3.8803994e-22)
(0.0010493162 -0.00012905284 6.1476285e-22)
(0.0028664978 -0.00040052652 -9.5903402e-21)
(0.0066562944 -0.0009272886 6.2211827e-21)
(0.013896808 -0.0018216491 5.2928069e-21)
(0.026615049 -0.0031437683 -1.8448152e-21)
(0.047079178 -0.0048000117 8.7387077e-21)
(0.077050457 -0.0064487033 -3.3637487e-21)
(0.11667751 -0.007535497 -1.0928256e-20)
(0.16421529 -0.0075928595 1.103978e-21)
(0.21681758 -0.006617487 -2.3009336e-22)
(0.27159907 -0.0051038424 1.0836276e-20)
(0.3275596 -0.0037121301 -1.2577687e-20)
(0.38530224 -0.0027824277 3.3181102e-21)
(0.44586097 -0.0021950002 2.8705305e-21)
(0.50951481 -0.0017566967 -6.7581752e-22)
(0.57582956 -0.0013849209 -3.1300097e-22)
(0.64389764 -0.0010934487 1.8251273e-22)
(0.71228165 -0.00089766503 -2.1127391e-21)
(0.77900092 -0.00076952823 5.7110537e-21)
(0.84161729 -0.00064605396 -7.6064555e-22)
(0.89754208 -0.00047780364 1.3271964e-20)
(0.94471097 -0.00017220443 -5.5667461e-21)
(0.00034460566 -4.0019736e-05 4.9212565e-22)
(0.001292507 -0.00022019941 -6.2803895e-22)
(0.0029456216 -0.00042354699 1.6964807e-21)
(0.0058061342 -0.00073674728 -9.8866638e-22)
(0.010602648 -0.0011840194 -1.7968832e-22)
(0.01828765 -0.001789429 -1.776324e-21)
(0.02998229 -0.0025397364 3.5135951e-21)
(0.046801247 -0.0033543655 -1.8385818e-21)
(0.069543519 -0.0040649294 1.7988062e-22)
(0.098272829 -0.0044417238 1.1687127e-21)
(0.13225542 -0.0043027147 3.6097852e-21)
(0.17027295 -0.0036557271 -3.5375564e-21)
(0.21110302 -0.0027563002 1.801104e-21)
(0.25442116 -0.0019931008 4.3612931e-22)
(0.30086233 -0.0016068233 -1.8247376e-21)
(0.35131215 -0.0015204973 4.6331461e-22)
(0.40605341 -0.0014903249 -8.2759026e-22)
(0.46466768 -0.0013566154 1.5140061e-21)
(0.52660476 -0.0011297362 -6.1180004e-22)
(0.59126207 -0.00089483416 -5.4235097e-22)
(0.65776072 -0.00071289752 -2.6526459e-22)
(0.72464498 -0.00059755474 -1.5013499e-21)
(0.78987273 -0.00052142154 -6.9129624e-21)
(0.85094182 -0.00043037447 -6.0452293e-21)
(0.90522149 -0.00028975263 -2.1091841e-20)
(0.95039231 -0.00014710553 -4.5253835e-21)
(0.002680422 -0.00010264157 -1.5303988e-22)
(0.0085887449 -0.00052782784 3.4104965e-22)
(0.016034153 -0.00090441754 2.4441474e-22)
(0.025347008 -0.0013350334 1.1879483e-22)
(0.036843815 -0.0017442796 -1.0658532e-21)
(0.050766872 -0.0020669178 3.4041281e-22)
(0.067266319 -0.0022225794 7.6718265e-22)
(0.086438045 -0.0021399123 1.1167831e-22)
(0.10832064 -0.0017937297 5.131513e-22)
(0.13294355 -0.0012453119 -4.5791382e-22)
(0.1606227 -0.00065701977 7.4968843e-23)
(0.1918687 -0.00024116736 -7.6130488e-23)
(0.22730931 -0.00014772152 4.7301056e-23)
(0.26769088 -0.00034891037 8.5663626e-23)
(0.31313198 -0.00063905611 3.0878651e-22)
(0.36311533 -0.00081133427 -2.3073089e-22)
(0.41706289 -0.00082190134 -3.2730657e-22)
(0.47463741 -0.00073554715 1.2799432e-22)
(0.53553142 -0.00061119341 5.3727354e-23)
(0.59926513 -0.00049039683 -2.281578e-22)
(0.66494431 -0.00039764609 1.1877487e-21)
(0.73105069 -0.00034163339 2.6102758e-21)
(0.79550716 -0.0003045211 1.9703358e-22)
(0.85577672 -0.00024145772 9.1292602e-21)
(0.90918514 -0.00012838569 -1.5413272e-21)
(0.95316463 -0.00014266427 1.6134651e-20)
(0.0025933652 0.000104464 2.5980883e-22)
(0.0083206362 0.0005384369 5.661073e-22)
(0.015571537 0.00092554025 -3.0868339e-22)
(0.024700742 0.0013722517 -1.1314723e-21)
(0.036063473 0.0018032295 2.5585414e-22)
(0.049950016 0.0021514041 1.635544e-22)
(0.066544038 0.0023295335 -4.5286743e-22)
(0.085952297 0.0022531946 2.3550338e-22)
(0.10821645 0.0018807824 -1.1145582e-22)
(0.13326409 0.0012599207 2.2866177e-22)
(0.16121884 0.00055061567 3.6389943e-23)
(0.19243392 -1.6660032e-05 5.5452595e-24)
(0.22756906 -0.00025923452 2.5910979e-23)
(0.26754608 -0.00017983752 1.2037221e-22)
(0.31274934 2.0710753e-05 -2.216234e-22)
(0.36274613 0.00011581519 1.22735e-22)
(0.41684945 6.0201963e-05 -2.46555e-22)
(0.47458102 -3.0658901e-05 -4.2503035e-22)
(0.53555421 -7.585439e-05 2.0735826e-21)
(0.59930058 -7.9158806e-05 -1.4255935e-21)
(0.6649622 -6.8211782e-05 -2.5459427e-21)
(0.73104319 -6.6024527e-05 4.8073918e-21)
(0.7955065 -6.7976449e-05 6.251016e-21)
(0.85581433 -3.3049377e-05 -1.8927734e-21)
(0.90928083 9.9320948e-05 -5.874545e-21)
(0.95338537 0.00061977115 -4.8194361e-24)
(0.0002434457 3.0308015e-05 8.2919878e-22)
(0.00095344195 0.00017056141 7.7119209e-22)
(0.0022585016 0.00033703261 -1.46381e-21)
(0.0046095 0.00060600544 7.6339884e-21)
(0.0086833078 0.0010109597 -2.4636039e-21)
(0.015406998 0.0015902835 -3.2092587e-21)
(0.025944703 0.0023551637 4.3070691e-21)
(0.041565546 0.0032552471 -1.1286153e-21)
(0.063357943 0.0041400693 -1.2260686e-20)
(0.091738126 0.004753373 1.2019797e-20)
(0.12622366 0.0048202443 -2.0149376e-21)
(0.16556216 0.0042185234 -1.4792147e-21)
(0.20799814 0.0031175306 -2.5947987e-21)
(0.25262492 0.0019372269 -4.8259682e-22)
(0.29965642 0.0010943533 2.5056821e-22)
(0.35002166 0.00071395447 8.912295e-22)
(0.40465783 0.00062028903 2.1130168e-21)
(0.4634015 0.00058631211 1.1357343e-21)
(0.52552976 0.00050913313 -3.1985378e-22)
(0.59031818 0.00041170226 -3.3021246e-21)
(0.65689638 0.00033178001 3.0897874e-21)
(0.7238286 0.00026565307 -4.2849456e-21)
(0.78918726 0.0002101458 -2.1050172e-20)
(0.85047455 0.00019670367 -7.5734393e-21)
(0.90503184 0.00027835986 2.628907e-20)
(0.95063494 0.00058034166 2.9590263e-20)
(-4.8372739e-05 -9.6177598e-06 -3.8552854e-22)
(-9.8024138e-05 -3.7677909e-05 1.7770305e-22)
(-0.00010074064 -5.0214286e-05 -1.9372226e-21)
(1.9545293e-05 -4.4677913e-05 2.4936315e-21)
(0.00044181785 1.0296999e-05 1.197019e-21)
(0.0015473149 0.00017208838 -3.2600887e-21)
(0.0040604837 0.00053607507 1.2117429e-21)
(0.0092247391 0.0012322766 -6.4169574e-21)
(0.018938112 0.0023887672 1.6825688e-20)
(0.035676025 0.0040410128 -1.1024836e-20)
(0.061940398 0.0060007513 -6.724118e-21)
(0.099282824 0.0077599193 7.2539265e-21)
(0.1468686 0.0086066799 -4.1248073e-21)
(0.20174575 0.0080917176 7.5844053e-21)
(0.26042608 0.0064429674 -1.2658056e-21)
(0.31992336 0.0044108897 -1.5809661e-21)
(0.37990828 0.0027442457 -5.1090468e-21)
(0.44135879 0.0017248377 -2.2691664e-21)
(0.50529068 0.0011981066 -5.733542e-21)
(0.57174682 0.00092802055 1.1975418e-20)
(0.64002558 0.00076268061 -5.8367681e-21)
(0.7086534 0.00063543126 8.1405343e-21)
(0.77580914 0.00052733323 7.3158452e-21)
(0.83905342 0.00046345055 -2.099585e-20)
(0.89574071 0.00050550766 3.5978911e-20)
(0.94346738 0.00077499028 1.6223714e-20)
(-2.0126989e-05 -5.9429049e-06 6.5995138e-22)
(-4.6750449e-05 -2.4814068e-05 -1.0361575e-21)
(-8.6187625e-05 -4.3815363e-05 3.0660104e-22)
(-0.00014492512 -7.4205896e-05 3.2685406e-21)
(-0.00022638153 -0.00011878973 2.0496926e-21)
(-0.00030678778 -0.00017498812 6.1877323e-21)
(-0.00027098335 -0.0002185213 1.8425296e-21)
(0.00021277314 -0.00017803828 -9.61255e-21)
(0.0019241943 9.7961501e-05 -1.8900933e-20)
(0.0064718261 0.00086394627 7.050285e-21)
(0.016650019 0.0024322469 1.6595213e-20)
(0.036434228 0.0049808507 6.5912408e-21)
(0.069941765 0.0082298625 -3.0401863e-20)
(0.11925876 0.011235625 -1.3871234e-20)
(0.18229444 0.012706465 1.845682e-20)
(0.25353646 0.011957381 -9.3514803e-21)
(0.32744694 0.0095249132 -8.7089992e-21)
(0.40010358 0.0065983139 -1.481977e-20)
(0.47140024 0.0041652982 -1.7155338e-20)
(0.54222711 0.0025857367 -1.683542e-20)
(0.61351874 0.0016849759 2.8001401e-20)
(0.68471184 0.0011958657 -1.7533714e-20)
(0.75449639 0.00090888533 1.0702729e-20)
(0.82061837 0.00073911298 -1.0320241e-20)
(0.88050593 0.00069720082 -8.0226233e-20)
(0.93171316 0.00092065518 3.7499263e-20)
(-6.5827946e-06 -2.6332957e-06 -5.1334868e-22)
(-1.3456923e-05 -9.9804273e-06 -1.3219585e-21)
(-2.5682448e-05 -1.7951617e-05 4.9345248e-22)
(-4.7253524e-05 -3.2518581e-05 8.712145e-22)
(-8.7089212e-05 -5.8570187e-05 2.1898575e-21)
(-0.00015910862 -0.00010445427 -5.359625e-21)
(-0.00028072449 -0.0001811521 -1.0750304e-20)
(-0.00045627812 -0.0002975757 2.8339621e-20)
(-0.00062546948 -0.00043983496 -7.7466977e-22)
(-0.00044857925 -0.00051451715 -4.6236117e-20)
(0.001100077 -0.00026990381 1.1744222e-20)
(0.0062923269 0.00074388611 3.7034639e-20)
(0.019336469 0.0030695576 9.1216771e-21)
(0.046071916 0.0069295668 -7.1376799e-20)
(0.091647387 0.011628847 1.002383e-20)
(0.15689428 0.01547243 -2.1737806e-20)
(0.23662579 0.016756374 5.7119334e-20)
(0.3225747 0.015159382 4.0274653e-20)
(0.40891707 0.011853747 -2.1105729e-20)
(0.49178371 0.0083306897 2.689003e-20)
(0.57160126 0.0054740455 2.0658708e-20)
(0.64870182 0.0035426814 4.1446447e-20)
(0.72314036 0.0023157536 -2.5604852e-21)
(0.79357306 0.0015593975 6.7121702e-20)
(0.85795453 0.0011299022 1.0858461e-20)
(0.91391844 0.0011341887 1.0462672e-20)
(-2.7198741e-06 -1.4313258e-06 1.1326204e-21)
(-4.7947548e-06 -4.8346687e-06 -9.9461316e-22)
(-8.940306e-06 -8.4744196e-06 -9.5652875e-22)
(-1.6136945e-05 -1.5133546e-05 -2.1489807e-21)
(-2.9546615e-05 -2.7163352e-05 4.7118164e-21)
(-5.4862457e-05 -4.9193033e-05 -1.092608e-21)
(-0.00010323792 -8.9757438e-05 -9.1838803e-21)
(-0.00019567254 -0.00016392015 1.3265223e-20)
(-0.00036684736 -0.00029417085 -6.6178872e-21)
(-0.00064276953 -0.00050340902 2.7140606e-21)
(-0.00097829119 -0.00077701064 -2.0467257e-20)
(-0.00088979202 -0.0009492389 1.465877e-20)
(0.0012752488 -0.00055894396 -2.6797111e-20)
(0.0091125024 0.00115124 1.2687928e-19)
(0.028924789 0.0048758673 -8.8037834e-20)
(0.067964462 0.010440588 -4.8418815e-20)
(0.13019122 0.016231262 -9.1534366e-21)
(0.21258268 0.019955733 -8.4699266e-20)
(0.30670526 0.020346956 1.0895507e-19)
(0.4036762 0.01795144 1.0023689e-20)
(0.49850168 0.014278734 -3.926709e-20)
(0.58816193 0.010652974 -1.24818e-19)
(0.67256076 0.0076557053 -1.3852612e-19)
(0.75127477 0.0054293592 9.6361261e-21)
(0.82317617 0.0038638532 -4.1786037e-20)
(0.88655284 0.003078666 5.527165e-20)
(-1.271153e-06 -8.8376424e-07 -3.9725912e-22)
(-1.983203e-06 -2.7093975e-06 1.1246241e-21)
(-3.6987835e-06 -4.6945661e-06 3.7755795e-22)
(-6.5705826e-06 -8.2815202e-06 -3.063068e-21)
(-1.1799321e-05 -1.4646448e-05 1.6380263e-21)
(-2.1403422e-05 -2.6067174e-05 2.3516761e-21)
(-3.937745e-05 -4.6786925e-05 5.7370363e-22)
(-7.3810184e-05 -8.4871825e-05 9.625102e-21)
(-0.00014138274 -0.00015562993 -5.2807163e-22)
(-0.00027530121 -0.00028664603 -1.3039656e-20)
(-0.00053485202 -0.00051926005 -1.3844604e-20)
(-0.0009679282 -0.00088872601 2.9805175e-20)
(-0.0014617075 -0.0013310457 -2.8341016e-20)
(-0.001040651 -0.0014710167 2.9091507e-20)
(0.0032846806 -0.00047536751 -4.6322647e-20)
(0.017123613 0.002671502 6.2196868e-20)
(0.04868115 0.0083326824 -1.078914e-20)
(0.10412827 0.015342225 5.1835733e-20)
(0.18317208 0.021342244 -6.6868954e-20)
(0.27893897 0.024398664 -9.2824008e-20)
(0.38203369 0.024265194 -1.2884221e-19)
(0.48523533 0.021963951 -1.5887909e-21)
(0.58399552 0.018755976 2.6510687e-19)
(0.67609024 0.015537441 1.1113259e-19)
(0.76012624 0.012747249 -1.2488288e-19)
(0.83513303 0.010824921 2.329771e-19)
(-6.0875335e-07 -5.7393955e-07 3.7737271e-22)
(-8.6089298e-07 -1.6256982e-06 -5.7807364e-22)
(-1.6271182e-06 -2.8112064e-06 1.876299e-22)
(-2.8705282e-06 -4.9314787e-06 1.8170834e-21)
(-5.1149508e-06 -8.6606218e-06 1.0969042e-21)
(-9.1753816e-06 -1.5262329e-05 3.2876549e-21)
(-1.6616417e-05 -2.7020398e-05 -6.8903189e-21)
(-3.0481361e-05 -4.8138591e-05 5.1058832e-21)
(-5.6896746e-05 -8.650198e-05 3.1643407e-21)
(-0.00010869734 -0.00015715757 -1.3704233e-20)
(-0.0002135785 -0.00028863987 -1.2640128e-20)
(-0.00042821309 -0.00053058756 6.7432308e-21)
(-0.00085095549 -0.00094731175 4.1888255e-20)
(-0.0015196946 -0.0015470742 -1.448511e-20)
(-0.0019869859 -0.0020669934 3.2684253e-20)
(-6.6109457e-05 -0.0017288423 -3.7510948e-20)
(0.0090725153 0.00064374963 -1.3078467e-19)
(0.03305012 0.0058428667 1.6485378e-19)
(0.079033446 0.013301771 -7.5757662e-20)
(0.14924124 0.021068279 1.1878776e-19)
(0.23894281 0.027090858 1.326069e-19)
(0.34027508 0.030326453 -1.7128797e-19)
(0.44505207 0.031042157 -5.3440291e-21)
(0.54802847 0.030040658 1.6013015e-19)
(0.64466629 0.028114429 6.7579802e-19)
(0.73343665 0.026176741 -2.6196005e-19)
(-2.726556e-07 -3.6958058e-07 -1.4555587e-22)
(-3.5968009e-07 -9.8603161e-07 6.4935843e-23)
(-6.9276922e-07 -1.7103702e-06 -7.1372181e-22)
(-1.2213101e-06 -2.994804e-06 -7.0035776e-22)
(-2.1768707e-06 -5.2488582e-06 4.3750641e-22)
(-3.9012756e-06 -9.2208432e-06 1.5576046e-21)
(-7.045029e-06 -1.6243426e-05 -3.1822874e-21)
(-1.2839436e-05 -2.8709018e-05 6.698633e-21)
(-2.3681503e-05 -5.0940077e-05 -4.4606506e-21)
(-4.4324294e-05 -9.0814307e-05 2.702133e-21)
(-8.4553474e-05 -0.00016288561 -5.5813799e-21)
(-0.00016565677 -0.00029426706 4.868622e-21)
(-0.00033588168 -0.0005336507 -8.2941171e-21)
(-0.00069432434 -0.00095181992 1.4954822e-20)
(-0.0013671089 -0.0015889188 -5.8665956e-21)
(-0.0021965977 -0.0022664359 -3.8097168e-21)
(-0.0019253669 -0.0023140508 1.019597e-19)
(0.003344224 -0.00058255956 -5.3339961e-20)
(0.019710041 0.0039549424 -7.3435854e-21)
(0.054140727 0.011315243 2.195278e-19)
(0.10988133 0.020238433 -5.6604745e-20)
(0.18541721 0.028746327 -3.2669874e-19)
(0.27459351 0.035370372 -8.3559719e-20)
(0.37178874 0.039496885 2.4681299e-19)
(0.47070083 0.041152237 -4.1457245e-19)
(0.56712299 0.041211712 4.2796837e-19)
(-1.7095072e-08 1.1531132e-07 1.9025406e-22)
(-2.8491963e-08 2.7975494e-07 1.7212176e-22)
(-8.8670802e-08 4.7744537e-07 -3.9877964e-22)
(-2.17863e-07 8.0503855e-07 2.0535313e-21)
(-5.0472303e-07 1.3421618e-06 -6.0340847e-22)
(-1.1502782e-06 2.2024083e-06 -9.9724119e-22)
(-2.6019522e-06 3.5294621e-06 -1.5484033e-21)
(-5.8619807e-06 5.4522172e-06 4.771724e-21)
(-1.3183156e-05 7.9286264e-06 -8.5174546e-21)
(-2.9458388e-05 1.0315136e-05 4.1692418e-21)
(-6.5157475e-05 1.0267334e-05 3.6706824e-22)
(-0.00014237402 1.1511777e-06 1.318789e-20)
(-0.0003054615 -3.3563352e-05 -2.3513025e-20)
(-0.00063944677 -0.00013055685 4.8077858e-21)
(-0.0012970995 -0.00035513712 1.4821472e-20)
(-0.002532944 -0.00076260546 -6.1954571e-20)
(-0.0043134219 -0.0012572201 7.5187119e-20)
(-0.0059724509 -0.0013398815 -2.0492617e-20)
(-0.0048538756 -5.7247774e-05 -6.0251802e-20)
(0.0036938124 0.0035404465 5.4423341e-20)
(0.025106017 0.0095619393 5.5664302e-20)
(0.064100628 0.0170672 -4.4190206e-20)
(0.12076275 0.024685234 3.8984455e-19)
(0.19352334 0.031027692 1.9406566e-19)
(0.27841572 0.035218538 -8.313781e-19)
(0.36972731 0.03758158 5.5696404e-20)
(6.2457623e-08 -7.7251908e-06 1.0859564e-22)
(9.4046351e-08 -1.9167199e-05 -7.9508364e-23)
(2.0571132e-07 -3.3220721e-05 -6.3839511e-23)
(3.8057886e-07 -5.7528922e-05 -1.3378115e-23)
(7.2317677e-07 -9.9511245e-05 6.9206325e-23)
(1.3945644e-06 -0.00017186568 7.4828682e-23)
(2.7155878e-06 -0.00029621388 -6.593005e-22)
(5.3433416e-06 -0.00050910322 1.0869887e-23)
(1.0597461e-05 -0.00087168752 -8.2480289e-23)
(2.1082994e-05 -0.0014848595 -2.2458122e-21)
(4.1760071e-05 -0.0025118269 -1.4184477e-22)
(8.1449299e-05 -0.0042095096 1.0641732e-20)
(0.00015402941 -0.0069676297 -6.2937121e-21)
(0.00027649629 -0.011349244 -4.8276884e-21)
(0.00044748039 -0.018120848 1.5064734e-20)
(0.00060837413 -0.028256653 -2.8113981e-20)
(0.00055820542 -0.042857781 3.4744489e-20)
(-1.4406451e-05 -0.062927574 -1.0175712e-20)
(-0.0010100646 -0.088978128 -4.8711747e-20)
(-0.00099507955 -0.12050046 1.3844604e-19)
(0.0039792081 -0.15533101 5.2573344e-20)
(0.017666565 -0.18992877 1.9199525e-19)
(0.044404285 -0.22084432 -4.8219786e-19)
(0.087108919 -0.24468996 -6.8142778e-19)
(0.14438823 -0.25875923 1.9325344e-19)
(0.21033321 -0.26213289 -1.5551988e-19)
(0.17883117 0.25438699 -1.2316913e-19)
(0.22619692 0.22996984 1.2371535e-19)
(0.2772218 0.21095985 1.3755587e-19)
(0.31964495 0.19048682 -9.8834182e-20)
(0.36159119 0.17336558 -1.4064224e-19)
(0.39989343 0.15709984 2.1533923e-19)
(0.43589401 0.1428755 -2.1048197e-20)
(0.47040086 0.12952169 7.9771484e-20)
(0.50172358 0.1187206 5.0438701e-20)
(0.53360047 0.10723119 -1.5011609e-19)
(0.24201227 -0.019094727 -2.6716989e-19)
(0.28687123 -0.018475506 8.6693026e-20)
(0.33429026 -0.016816475 5.4205197e-20)
(0.37500868 -0.015388195 2.0666806e-19)
(0.4144388 -0.014115903 2.0482451e-19)
(0.4507324 -0.012901222 -5.5126266e-19)
(0.48424999 -0.011783398 1.3035159e-19)
(0.51611023 -0.010780215 -1.6405183e-19)
(0.54407751 -0.0097015252 -3.025156e-20)
(0.57259637 -0.0091295469 1.406133e-19)
(0.35823923 -0.028458089 3.8632845e-19)
(0.39825957 -0.027442069 -4.1407007e-19)
(0.4415259 -0.025034705 -1.3195059e-19)
(0.47852527 -0.022944256 -1.7033328e-19)
(0.51375791 -0.021128975 9.6727392e-22)
(0.54597516 -0.019378502 2.7816356e-19)
(0.57494742 -0.017792527 -6.4916656e-20)
(0.60190998 -0.016356767 -1.5691987e-19)
(0.62388778 -0.014889805 1.1903583e-19)
(0.64682827 -0.01401971 -9.2840383e-20)
(0.49951129 -0.028393579 1.2667978e-19)
(0.53391528 -0.027331183 1.8173026e-19)
(0.5724159 -0.024942739 -4.6613174e-20)
(0.605218 -0.02291942 2.4776561e-19)
(0.63565309 -0.02119488 1.0791276e-19)
(0.66303684 -0.019527923 1.1546364e-19)
(0.68678709 -0.018044103 -9.644781e-20)
(0.70812779 -0.016697267 1.0602031e-19)
(0.72363962 -0.015412923 -4.2316464e-20)
(0.74037598 -0.014558867 1.5153418e-19)
(0.63514864 -0.02285644 -1.8914719e-19)
(0.66398181 -0.02193236 -1.8050312e-19)
(0.69786873 -0.019964595 1.7890485e-19)
(0.72651734 -0.018379006 -8.3039963e-20)
(0.75239825 -0.017046075 -1.3352848e-19)
(0.77523635 -0.015762287 2.3114071e-20)
(0.79430879 -0.014658322 1.462571e-19)
(0.8107553 -0.013656629 1.2045005e-19)
(0.82118816 -0.012825947 -7.7825396e-21)
(0.83284297 -0.012141838 -4.7261006e-20)
(0.74268112 -0.015410464 -1.0432852e-19)
(0.76737866 -0.014703444 8.6332763e-20)
(0.79731987 -0.013307491 -1.5387075e-19)
(0.82246085 -0.012271759 -1.7636729e-19)
(0.84455765 -0.011398166 1.13758e-19)
(0.86368053 -0.010555034 -1.5723265e-19)
(0.87918537 -0.0098685912 -5.2435991e-20)
(0.89210073 -0.0092401447 -1.667553e-21)
(0.89956246 -0.0088596844 -8.3237738e-20)
(0.90804137 -0.0083573068 -3.2686943e-20)
(0.81705795 -0.0091276741 -1.9099651e-20)
(0.83931977 -0.0086075189 1.4833752e-19)
(0.8662161 -0.0076724626 5.8442627e-20)
(0.88855973 -0.0070735877 -1.4943628e-20)
(0.90761508 -0.0065433019 -6.3902041e-20)
(0.92376931 -0.0060281708 4.1453494e-20)
(0.93661596 -0.0056398829 4.1370495e-21)
(0.947081 -0.0052733421 -2.3967847e-20)
(0.95311743 -0.0051756413 5.6149209e-20)
(0.95984089 -0.0047974139 -1.8572035e-20)
(0.86587723 -0.0051675254 1.046626e-19)
(0.88689096 -0.0047469784 -3.9250854e-20)
(0.9113466 -0.004060008 -9.5733379e-21)
(0.93128302 -0.003705215 2.9352903e-20)
(0.94769726 -0.003360577 -1.4024479e-20)
(0.96128468 -0.003031863 3.3112818e-21)
(0.9719399 -0.0028058162 2.2528539e-20)
(0.98049299 -0.0025822593 -2.5946651e-20)
(0.98571548 -0.0025979475 7.8090149e-21)
(0.99125824 -0.0022993221 6.3658797e-21)
(0.89924863 -0.0031003918 -1.9343569e-20)
(0.91948853 -0.0027010839 -1.691042e-20)
(0.94166088 -0.0021029158 3.1478123e-20)
(0.95924271 -0.0018527533 -7.3221945e-21)
(0.97316812 -0.0015987776 5.5097828e-20)
(0.98441709 -0.0013739365 -3.6964927e-20)
(0.99314473 -0.0012334272 -4.6280273e-20)
(1.0000606 -0.0010877069 -1.5411533e-20)
(1.0045507 -0.0011249132 4.8974041e-20)
(1.0090242 -0.00089131182 -3.1402409e-20)
(0.92379497 -0.0020601572 -7.809807e-21)
(0.943302 -0.0016350383 -2.3895942e-20)
(0.9631135 -0.0010665191 -1.1699532e-20)
(0.97831797 -0.00087224155 -1.0533392e-19)
(0.989944 -0.00068682629 -4.5024964e-20)
(0.99916722 -0.00053942291 2.3161537e-20)
(1.006279 -0.0004558057 4.5035371e-20)
(1.0118244 -0.00036087035 -2.2515534e-20)
(1.0155682 -0.00038995556 -6.4863689e-20)
(1.0190181 -0.00021247592 4.1676629e-20)
(0.94263197 -0.0014651868 -2.9598276e-20)
(0.96128136 -0.00098466658 -3.7608756e-20)
(0.97866712 -0.0004605881 4.0762177e-20)
(0.99164564 -0.00032988873 1.7761298e-20)
(1.0013606 -0.0002187066 4.0687231e-20)
(1.0090036 -0.00013632235 -1.585633e-20)
(1.0148585 -9.1715386e-05 -3.4890628e-20)
(1.0192928 -2.8755698e-05 1.3008569e-19)
(1.0223078 -4.323499e-05 -2.2880319e-20)
(1.0248194 9.4582865e-05 -3.2970796e-20)
(0.95720698 -0.00105961 6.5568574e-21)
(0.97481168 -0.00051109976 1.5344005e-19)
(0.98988819 -8.4087175e-05 5.567817e-21)
(1.0010505 -3.3325125e-05 5.4814629e-20)
(1.009378 1.0609201e-05 4.571179e-20)
(1.0158733 5.0741357e-05 7.7141515e-20)
(1.0207415 7.7461494e-05 4.1849206e-20)
(1.0242319 0.0001255595 -9.1126646e-20)
(1.0265424 0.00012647828 -4.7122899e-20)
(1.0282173 0.00024117118 -1.6217306e-21)
(0.96832181 -0.00076873659 3.2263222e-20)
(0.98476071 -0.00015831349 -3.5373627e-20)
(0.99791414 0.00012226308 -7.7284988e-21)
(1.0078347 0.00010314186 -4.5712525e-20)
(1.0152472 0.00011044771 9.8771995e-20)
(1.0208636 0.00013670909 -7.5926472e-20)
(1.0248617 0.00016200561 1.2729415e-20)
(1.0274836 0.00020372043 6.0018702e-20)
(1.0291201 0.00021638778 1.3553251e-19)
(1.0300631 0.00031403692 -1.4481586e-20)
(0.97636207 -0.00063314055 -9.4910061e-21)
(0.99180352 3.6223566e-05 -1.3342079e-19)
(1.0036767 0.00017893022 -2.319969e-20)
(1.0129204 0.00013957912 6.0435017e-21)
(1.0197018 0.00015183332 -1.6792931e-19)
(1.0245262 0.00018327228 -2.5110646e-20)
(1.0276772 0.0002114598 -2.6580235e-20)
(1.0294855 0.00024480502 -2.5201132e-20)
(1.0304969 0.00026355564 -7.4022485e-20)
(1.0307543 0.00034925652 4.0093888e-20)
(0.98138678 -0.0005599215 7.8694254e-20)
(0.996422 0.00015247379 1.1512423e-19)
(1.0078646 0.00020509349 2.4910302e-20)
(1.0168597 0.00017237129 -4.7297727e-20)
(1.0231113 0.00019624241 -1.9147335e-20)
(1.0271427 0.0002249565 4.9295362e-20)
(1.0294726 0.00024774309 7.4106014e-20)
(1.0305451 0.00026796511 -3.6831909e-20)
(1.0309471 0.00028785891 3.8288477e-20)
(1.0307841 0.00036177741 -4.9814068e-20)
(0.9843987 0.00020126851 -7.6792251e-20)
(0.99960108 0.00084276283 7.9776159e-21)
(1.0113096 0.00064855756 6.2476771e-20)
(1.0201325 0.00042726977 1.1032118e-19)
(1.0257548 0.00034407805 8.729984e-20)
(1.0289554 0.00030913379 1.4767958e-20)
(1.0305163 0.00029560127 -9.4166554e-20)
(1.0309274 0.0002962342 4.192294e-20)
(1.0309463 0.00031405457 6.6907679e-20)
(1.0305177 0.00036307723 3.6476083e-20)
(0.56151135 0.10219455 0)
(0.58665893 0.093348944 0)
(0.61510736 0.087074517 0)
(0.64185169 0.078329795 0)
(0.6684433 0.068974063 0)
(0.69402937 0.059212952 0)
(0.71805719 0.049112968 0)
(0.74045012 0.03828033 0)
(0.75944804 0.026975107 0)
(0.77525957 0.010741117 0)
(0.59464203 -0.0076424123 0)
(0.61431121 -0.0066815469 0)
(0.63747097 -0.0055201664 0)
(0.6602685 -0.0044401012 0)
(0.68317938 -0.0035576266 0)
(0.70577526 -0.002784304 0)
(0.72738324 -0.0021380896 0)
(0.74780579 -0.0015749046 0)
(0.76531373 -0.0010874455 0)
(0.78048996 -0.00044181873 0)
(0.65885811 -0.012039951 0)
(0.66802241 -0.010776036 0)
(0.68173219 -0.0091713388 0)
(0.69650286 -0.0075462891 0)
(0.71241342 -0.0061548936 0)
(0.7291357 -0.0048995163 0)
(0.74592057 -0.0038156344 0)
(0.76241323 -0.0028414559 0)
(0.77694265 -0.0019904427 0)
(0.79018128 -0.00081971876 0)
(0.74221981 -0.013104829 0)
(0.73988079 -0.012090491 0)
(0.74250545 -0.010681511 0)
(0.74729434 -0.0090646351 0)
(0.75423258 -0.0075793928 0)
(0.763147 -0.0061695459 0)
(0.77333207 -0.00489415 0)
(0.78431894 -0.0036971305 0)
(0.79460941 -0.0026312551 0)
(0.80461795 -0.0010973309 0)
(0.8281003 -0.011730522 0)
(0.81737549 -0.011238737 0)
(0.81074341 -0.010437514 0)
(0.80633912 -0.0092500287 0)
(0.80437568 -0.008018027 0)
(0.80504337 -0.006735291 0)
(0.80789752 -0.0054847984 0)
(0.81250758 -0.0042292647 0)
(0.81774584 -0.0030678734 0)
(0.82355771 -0.0012957011 0)
(0.90147497 -0.0089155368 0)
(0.88769397 -0.0088865966 0)
(0.87616357 -0.0087822465 0)
(0.86577979 -0.0082298539 0)
(0.85708817 -0.0074793887 0)
(0.85077742 -0.0065477878 0)
(0.84687618 -0.0055197343 0)
(0.8451959 -0.0043736803 0)
(0.84521082 -0.0032448052 0)
(0.84635691 -0.0013879291 0)
(0.95474178 -0.005863534 0)
(0.94246688 -0.006037389 0)
(0.93066024 -0.006418512 0)
(0.9184534 -0.0064349216 0)
(0.90648097 -0.0061975447 0)
(0.89578779 -0.0057112156 0)
(0.88690625 -0.0050275901 0)
(0.88001805 -0.0041224775 0)
(0.875369 -0.0031382941 0)
(0.87198639 -0.0013589738 0)
(0.98852692 -0.0033925489 0)
(0.97980848 -0.0035256442 0)
(0.97061234 -0.0040715911 0)
(0.95990122 -0.0044143531 0)
(0.9480218 -0.0045484447 0)
(0.93598825 -0.0044557021 0)
(0.92460306 -0.004132312 0)
(0.91435437 -0.0035316042 0)
(0.90625962 -0.0027650478 0)
(0.89910548 -0.0012099845 0)
(1.0080531 -0.0017436812 0)
(1.0027369 -0.0017328473 0)
(0.99683838 -0.0022041347 0)
(0.98914071 -0.0026175201 0)
(0.97953974 -0.0029112877 0)
(0.96866598 -0.0030634971 0)
(0.95722637 -0.0030213819 0)
(0.94576669 -0.0027115208 0)
(0.93585844 -0.0021829259 0)
(0.92620588 -0.00096015747 0)
(1.0189153 -0.00077224344 0)
(1.0159348 -0.00063697748 0)
(1.0126523 -0.00094247114 0)
(1.007901 -0.0012690996 0)
(1.0012648 -0.0015483418 0)
(0.99290752 -0.0017807942 0)
(0.98318721 -0.0018930132 0)
(0.97242719 -0.0018013129 0)
(0.96238617 -0.0014813528 0)
(0.95179229 -0.00064478456 0)
(1.0249975 -0.00022982061 0)
(1.0233546 -3.3009098e-05 0)
(1.0216834 -0.00018708787 0)
(1.0190598 -0.00038217629 0)
(1.0150081 -0.00056112827 0)
(1.0093874 -0.0007571165 0)
(1.0021958 -0.00090412852 0)
(0.99339953 -0.00093434927 0)
(0.98458441 -0.00076253802 0)
(0.97457114 -0.00030891315 0)
(1.0284135 7.6101043e-05 0)
(1.0274871 0.00028363748 0)
(1.0266674 0.00023083276 0)
(1.025319 0.00014561482 0)
(1.0230743 7.5934836e-05 0)
(1.0197069 -3.4665843e-05 0)
(1.0150145 -0.00014030173 0)
(1.0086717 -0.00020811129 0)
(1.0018786 -0.00011837308 0)
(0.9936199 2.3751154e-06 0)
(1.0301831 0.00025535901 0)
(1.0296575 0.00044704939 0)
(1.0292717 0.00045056321 0)
(1.0286214 0.00043591723 0)
(1.027481 0.00044691118 0)
(1.0256741 0.00041981827 0)
(1.022975 0.0003825545 0)
(1.0189453 0.00032969712 0)
(1.0143713 0.00038735101 0)
(1.0084984 0.00025338224 0)
(1.0307787 0.00035813991 0)
(1.0305577 0.00051903201 0)
(1.0304381 0.00055409951 0)
(1.030179 0.00058135555 0)
(1.0296679 0.00064044665 0)
(1.0288251 0.00067267745 0)
(1.0274958 0.00069650972 0)
(1.0252924 0.00067771844 0)
(1.0226777 0.00072810793 0)
(1.0192516 0.00042484085 0)
(1.0308321 0.00040425666 0)
(1.0307674 0.00053787528 0)
(1.030765 0.00059499141 0)
(1.0307029 0.00064787242 0)
(1.0305402 0.00073217899 0)
(1.030259 0.00080001833 0)
(1.0297706 0.00086646506 0)
(1.0288213 0.00088004927 0)
(1.0276755 0.00092745968 0)
(1.0263094 0.00052438624 0)
(1.0305141 0.00041548125 0)
(1.0305323 0.00053525351 0)
(1.0305971 0.00060775785 0)
(1.0306424 0.00067655241 0)
(1.0306629 0.00077390292 0)
(1.0306653 0.00086223571 0)
(1.0306267 0.00095357168 0)
(1.0304589 0.00098947936 0)
(1.0302573 0.0010270871 0)
(1.0303254 0.00057050218 0)
(0.98592979 0.00070365029 -2.3464177e-20)
(1.011988 0.00019170845 7.420677e-21)
(1.0281668 0.00035913072 2.4642809e-20)
(1.0278372 0.00033604751 5.0503637e-20)
(1.0120698 0.00062084164 6.368429e-20)
(0.9921068 0.00059013303 8.768838e-20)
(0.9857614 0.00066376815 3.0094377e-20)
(1.0125627 0.00036087461 -4.1565254e-20)
(1.0279988 0.00045590841 -2.9408338e-20)
(1.0276925 0.00037804622 2.2842343e-19)
(1.0126823 0.00072459759 1.6761692e-19)
(0.99429969 0.00057608334 1.1753493e-18)
(0.97971874 0.00081218835 1.3263455e-20)
(1.009498 0.00042143782 -5.212543e-20)
(1.0272765 0.00051195286 2.6009154e-19)
(1.0280349 0.00046391885 -1.8478206e-20)
(1.013692 0.00088898697 -3.1549792e-19)
(0.99698414 0.00059394955 2.1200282e-18)
(0.97131515 0.00096846911 -3.57644e-20)
(1.0050022 0.00048632584 -3.8925891e-20)
(1.0257953 0.00049931173 -3.9728042e-19)
(1.0281491 0.00055234958 -5.0036296e-19)
(1.0149527 0.0010332137 -3.8702276e-19)
(0.99979206 0.00066400676 3.4552197e-18)
(0.95831001 0.0010386304 8.1957222e-20)
(0.99809897 0.00032516026 3.3853917e-19)
(1.0240779 9.6329612e-05 2.2643326e-19)
(1.0286282 0.00047697881 1.3004099e-19)
(1.0170635 0.00098243853 3.2756376e-19)
(1.0032705 0.00084003277 -6.0704189e-18)
(0.93843565 0.0023830612 8.1508538e-20)
(0.98728336 0.0013517932 4.0846188e-20)
(1.0219188 0.00051122205 -1.4068524e-20)
(1.0296018 0.00084550984 -4.1499195e-20)
(1.0201387 0.0013241827 2.3563687e-18)
(1.0077705 0.0016091347 -9.4224979e-21)
(0.89890681 0.0090770818 -1.9737679e-19)
(0.96075024 0.0080543216 -4.493139e-20)
(1.0089773 0.0060154408 -4.3704338e-19)
(1.0264923 0.0046399701 -4.7408919e-19)
(1.0199309 0.0038070812 8.1309571e-19)
(1.0112404 0.003757772 3.1437308e-18)
(0.81294549 0.024067761 4.8422432e-19)
(0.89435063 0.024056566 -1.1290291e-18)
(0.96569777 0.019585693 2.3276419e-18)
(1.0024493 0.013907031 -2.4818376e-19)
(1.0111889 0.0089142814 5.7072813e-19)
(1.0125046 0.0076824855 -5.1352292e-18)
(0.66005104 0.040511025 -1.7923496e-19)
(0.76727081 0.042494746 2.8417347e-18)
(0.88024061 0.034936048 -2.0928343e-18)
(0.95717004 0.02396062 8.8843584e-18)
(0.99296302 0.013963293 1.2745852e-18)
(1.0044431 0.011568672 3.8277121e-18)
(0.46530956 0.039172986 -1.5214096e-18)
(0.59612788 0.042684063 -1.8120929e-18)
(0.75903156 0.036240031 -1.7984744e-18)
(0.88944228 0.025460233 -7.8326225e-18)
(0.9645623 0.014936301 -1.2527366e-17)
(0.99757082 0.012248341 -6.8827355e-18)
(0.28868598 -0.25550775 2.1277523e-18)
(0.41164693 -0.2806145 -6.8250001e-19)
(0.59385885 -0.23778375 3.5393248e-18)
(0.77561025 -0.16366659 -4.3975819e-18)
(0.90410224 -0.097590378 8.1966906e-18)
(0.97738327 -0.043528065 6.5120102e-19)
(0.99406883 0.00054771288 -2.645401e-20)
(1.0071903 0.00062547521 -6.8788646e-20)
(1.0175233 0.00047493524 -9.6157363e-20)
(1.0243747 0.0002967639 -1.9013111e-20)
(1.0283558 0.00027182894 -3.2524471e-20)
(1.0303512 0.00027003224 -1.642623e-21)
(1.0310393 0.00026312231 -4.849569e-20)
(1.0309953 0.00026276488 -3.8784383e-20)
(1.0307735 0.00027586431 -7.6156792e-20)
(1.0300795 0.00028853945 -5.2610669e-20)
(1.0159345 0.00028422486 3.527993e-21)
(1.0236884 0.00019088582 4.6301992e-20)
(1.0281136 0.00017658365 -1.6919451e-21)
(1.0299283 0.00022146133 1.5862963e-20)
(1.0309234 0.00030474786 -9.2889478e-21)
(1.0312818 0.0003456087 -4.5302386e-20)
(1.0310983 0.00035292106 5.2103343e-20)
(1.0306411 0.00035862492 5.5435744e-20)
(1.030113 0.00037437744 3.4801729e-20)
(1.0292369 0.00037358719 3.756363e-20)
(1.0285948 0.00035126191 4.1587831e-23)
(1.0303888 0.00025983191 -2.9593165e-21)
(1.0307649 0.00027746777 4.837784e-21)
(1.0306341 0.00032007991 -3.1896606e-20)
(1.030429 0.00030649052 -1.412833e-21)
(1.0299759 0.00028512519 3.900807e-21)
(1.0293068 0.00028324356 -1.2539688e-22)
(1.0285371 0.00029337449 -1.7868723e-20)
(1.0278234 0.00031028228 -2.8357824e-20)
(1.026826 0.00031982389 3.2112196e-21)
(1.0273954 0.00015892966 3.6528215e-21)
(1.027027 0.00011880184 9.1696678e-22)
(1.0264315 0.00011499544 3.3100905e-21)
(1.0257421 0.00012269144 7.4562205e-21)
(1.0250034 0.00012593282 1.3654931e-21)
(1.0241838 0.00013620784 1.1967309e-20)
(1.0233202 0.00015401306 -2.4977821e-21)
(1.0224127 0.00017245255 -4.1344305e-21)
(1.0215969 0.00019511524 -1.3388731e-21)
(1.0205532 0.00021954048 -6.6445315e-21)
(1.0118251 0.00010862657 -1.6803253e-21)
(1.0111998 0.0001103329 -1.4690923e-21)
(1.0106838 0.00012481413 -1.438354e-21)
(1.0101503 0.00014135901 -1.7393768e-21)
(1.0095411 0.00015867416 8.212624e-22)
(1.0088971 0.00017823708 1.772083e-21)
(1.0082428 0.00020024886 -5.4243153e-22)
(1.0075558 0.00022347229 1.1601571e-21)
(1.0069371 0.00024916772 2.5138474e-21)
(1.0061258 0.0002732902 2.3381852e-21)
(0.99043021 8.5986248e-05 8.6890693e-22)
(0.99010676 9.0876747e-05 -3.0278246e-20)
(0.98967987 0.00010227371 5.2206876e-20)
(0.98921072 0.0001142103 -3.038669e-20)
(0.98870259 0.00012759806 -6.6129476e-21)
(0.98814712 0.0001417215 1.9902222e-20)
(0.9875306 0.00015620111 -7.9851394e-20)
(0.98687784 0.00017036626 1.0457692e-19)
(0.98614897 0.00018439596 -1.3356335e-20)
(0.98533907 0.00019555262 -1.6037512e-20)
(1.0299841 0.0003671346 0)
(1.0300531 0.00045480351 0)
(1.0301533 0.0005142128 0)
(1.0302442 0.00056816405 0)
(1.0303518 0.0006401197 0)
(1.0304846 0.00070403449 0)
(1.0306458 0.00076765473 0)
(1.030811 0.00078636317 0)
(1.0310184 0.00078872241 0)
(1.031734 0.00042454817 0)
(1.0290719 0.00040706951 0)
(1.0291904 0.00050795229 0)
(1.0293248 0.00059917239 0)
(1.0294545 0.00069115494 0)
(1.0296281 0.00080662032 0)
(1.0298582 0.00091917738 0)
(1.0301719 0.0010345544 0)
(1.0305805 0.0010927497 0)
(1.0310873 0.001099717 0)
(1.0322667 0.00059689691 0)
(1.0266093 0.00031276011 0)
(1.0267374 0.00038263249 0)
(1.0268646 0.00045667834 0)
(1.0269911 0.00053609502 0)
(1.0271816 0.00062893105 0)
(1.0274536 0.00072108553 0)
(1.0278142 0.00080956785 0)
(1.0283566 0.00085379252 0)
(1.0289856 0.00080767068 0)
(1.0302845 0.00042032887 0)
(1.0203149 0.00020301684 0)
(1.0204109 0.00024290339 0)
(1.0204804 0.00028960364 0)
(1.0205363 0.00034267984 0)
(1.0206419 0.00039821961 0)
(1.0208042 0.00044868988 0)
(1.0210228 0.00048353527 0)
(1.0213504 0.00048179139 0)
(1.0217228 0.0003844123 0)
(1.0223085 0.00017535701 0)
(1.0059454 0.00023571127 0)
(1.005952 0.00027537847 0)
(1.0059169 0.00032434819 0)
(1.0058517 0.00037803327 0)
(1.00578 0.00042842475 0)
(1.0056847 0.00046907553 0)
(1.0055642 0.00048443325 0)
(1.0053924 0.00046433383 0)
(1.0052505 0.00033065723 0)
(1.0049655 0.00020047229 0)
(0.98470925 0.00016264011 0)
(0.98405233 0.00018991895 0)
(0.98328162 0.00022310457 0)
(0.98234052 0.00025812582 0)
(0.98120536 0.00029081747 0)
(0.97979512 0.00031779856 0)
(0.9781958 0.00032893984 0)
(0.97589997 0.0003209959 0)
(0.97409839 0.00023851541 0)
(0.96908946 0.0001675836 0)
)
;

boundaryField
{
    inlet
    {
        type            fixedValue;
        value           uniform (0.99995 0.00999 0);
    }
    outlet
    {
        type            zeroGradient;
    }
    cylinder
    {
        type            noSlip;
    }
    frontAndBack
    {
        type            empty;
    }
}


// ************************************************************************* //
