/*--------------------------------*- C++ -*----------------------------------*\
  =========                 |
  \\      /  F ield         | OpenFOAM: The Open Source CFD Toolbox
   \\    /   O peration     | Website:  https://openfoam.org
    \\  /    A nd           | Version:  13
     \\/     M anipulation  |
\*---------------------------------------------------------------------------*/
FoamFile
{
    format      ascii;
    class       volVectorField;
    location    "47.498222";
    object      wallShearStress;
}
// * * * * * * * * * * * * * * * * * * * * * * * * * * * * * * * * * * * * * //

dimensions      [0 2 -2 0 0 0 0];

internalField   uniform (0 0 0);

boundaryField
{
    inlet
    {
        type            calculated;
        value           uniform (0 0 0);
    }
    outlet
    {
        type            calculated;
        value           uniform (0 0 0);
    }
    cylinder
    {
        type            calculated;
        value           nonuniform List<vector> 
132
(
(-1.6737563e-05 0.0014746117 -3.0078539e-22)
(-4.6102084e-05 0.001206885 8.5744105e-23)
(-6.0304874e-05 0.00092438384 4.737026e-21)
(-5.7927243e-05 0.00062953652 -1.58999e-20)
(-3.823339e-05 0.00032915827 1.1224263e-20)
(-5.8691212e-07 2.7069722e-05 3.4295588e-20)
(5.4433827e-05 -0.00027083413 -6.4978608e-21)
(0.00012604566 -0.00055871412 -2.5743758e-20)
(0.00021286019 -0.00083040424 2.4268956e-20)
(0.00031230813 -0.0010800516 -5.4434284e-20)
(0.00042144665 -0.0013022247 -9.9114353e-22)
(0.00053676086 -0.0014922169 3.3868307e-20)
(0.00065433587 -0.0016463652 5.5298578e-20)
(0.00077008282 -0.0017622729 -4.4981377e-20)
(0.00088004908 -0.0018391241 4.7442593e-20)
(0.00098068372 -0.0018777164 7.6501311e-20)
(0.0010693108 -0.0018807958 -5.0229497e-20)
(0.0011442829 -0.0018526238 8.0740272e-20)
(0.0012057762 -0.0017996173 1.0697674e-19)
(0.0012553346 -0.001728825 -6.9533461e-20)
(0.0012974292 -0.0016495102 -8.8795913e-20)
(0.001338507 -0.0015709401 3.1299074e-23)
(0.0013877796 -0.0015027882 1.2924785e-20)
(0.0014569297 -0.0014541355 -1.5496402e-20)
(0.0015592795 -0.0014321966 -2.6393348e-20)
(0.0017081552 -0.0014408067 5.6498262e-21)
(0.0019133316 -0.0014780431 -5.1039308e-20)
(0.0021774965 -0.0015351869 1.3638636e-20)
(0.0024966578 -0.0015993424 1.0706492e-20)
(0.0028536032 -0.0016515841 -7.3683894e-20)
(0.003220144 -0.0016716909 9.6039628e-20)
(0.003567178 -0.0016455939 2.9022789e-21)
(0.0038584469 -0.0015627056 2.0881581e-20)
(0.0040336982 -0.0014116806 -2.4686966e-20)
(0.0039948182 -0.0011825226 7.8224228e-20)
(0.003593783 -0.0008735219 -4.9307663e-21)
(0.0026535044 -0.00050849982 1.9810298e-20)
(0.00094625462 -0.0001419967 -2.7072738e-21)
(-0.0017299813 0.00012032649 3.8627311e-21)
(-0.0055738281 0.00011901032 -2.3942603e-21)
(-0.010961107 -0.00036758401 4.4388497e-21)
(-0.017784092 -0.0016543968 -1.3578945e-22)
(-0.025442651 -0.0039156072 4.9399549e-20)
(-0.033470454 -0.0072308613 -1.8890682e-20)
(-0.041258695 -0.011548926 1.6929238e-20)
(-0.04836072 -0.016736589 -1.0814143e-19)
(-0.054336811 -0.022553766 -1.7364998e-20)
(-0.058935907 -0.028737513 1.5209837e-19)
(-0.061995483 -0.03500061 -1.2968034e-19)
(-0.063482637 -0.041072219 -2.4826608e-21)
(-0.063415585 -0.046681523 3.9873522e-20)
(-0.061939316 -0.051630662 -3.6849249e-20)
(-0.059149141 -0.055680155 -7.4335867e-21)
(-0.055257081 -0.05869127 -5.0423239e-21)
(-0.050504163 -0.060579877 -9.6736735e-21)
(-0.045056118 -0.061199965 -1.2764111e-23)
(-0.039174767 -0.060543645 4.70119e-22)
(-0.033077363 -0.058584546 4.3650831e-20)
(-0.026990511 -0.055351092 -7.0018761e-20)
(-0.021127439 -0.050900762 -7.6568242e-20)
(-0.01568639 -0.045322039 -3.1530451e-20)
(-0.010846977 -0.038733451 -7.2951818e-20)
(-0.0067653507 -0.031277844 1.6377354e-20)
(-0.0035696618 -0.023121226 2.3930927e-20)
(-0.0013634142 -0.014458412 -3.7301349e-20)
(-0.00020369157 -0.0054562031 -4.9924138e-21)
(2.6605333e-05 0.001726203 -1.3814963e-21)
(8.3180707e-05 0.0019622882 -8.2124717e-23)
(0.00015302024 0.0021807977 -4.7025926e-21)
(0.00023440553 0.0023773941 1.572071e-20)
(0.00032549697 0.0025482331 -1.1058986e-20)
(0.00042402319 0.0026898321 -3.3667368e-20)
(0.00052734987 0.0027993205 6.3544171e-21)
(0.00063256145 0.0028746037 2.5074381e-20)
(0.00073653052 0.0029143974 -2.3538685e-20)
(0.00083622273 0.0029185577 5.2565087e-20)
(0.00092861547 0.0028877724 9.5283513e-22)
(0.0010110835 0.0028241864 -3.2404343e-20)
(0.0010813711 0.0027307229 -5.2656247e-20)
(0.0011380133 0.0026117203 4.2626157e-20)
(0.0011803192 0.0024722988 -4.4743539e-20)
(0.001208664 0.0023185249 -7.1810707e-20)
(0.0012247186 0.002157349 4.6936129e-20)
(0.0012311917 0.0019956649 -7.5122173e-20)
(0.0012324366 0.0018410124 -9.9134492e-20)
(0.0012340452 0.0017004935 6.4200986e-20)
(0.0012435052 0.0015814092 8.1719816e-20)
(0.0012699526 0.0014904718 7.3103581e-20)
(0.0013247162 0.0014340889 6.0001281e-20)
(0.0014207856 0.0014173282 1.4161171e-20)
(0.0015719897 0.00144293 2.408539e-20)
(0.0017897749 0.0015086425 -5.150984e-21)
(0.0020800123 0.0016058933 4.6511727e-20)
(0.0024350968 0.0017161525 -1.2428863e-20)
(0.0028368187 0.001816944 -9.7607628e-21)
(0.003255668 0.0018843183 6.722554e-20)
(0.0036555028 0.0018979674 -8.7712046e-20)
(0.0040108567 0.0018506301 -2.6385714e-21)
(0.0042928065 0.0017390268 4.3517833e-20)
(0.0044332458 0.001551983 2.2667099e-20)
(0.0043220238 0.0012799709 -7.2044399e-20)
(0.0037964862 0.00092363307 4.5593826e-21)
(0.0026656807 0.00051234508 1.3424993e-20)
(0.0006889941 0.0001093067 2.5304044e-21)
(-0.002327632 -0.00016622163 -3.6335491e-21)
(-0.0065623985 -0.00014272556 2.2673253e-21)
(-0.012386432 0.00041323869 -4.2312343e-21)
(-0.019625028 0.0018236716 3.4333306e-20)
(-0.027590031 0.004243881 -4.7543241e-20)
(-0.035793975 0.0077305311 1.822046e-20)
(-0.043642756 0.012214099 -1.6336389e-20)
(-0.050674391 0.017535046 1.0421313e-19)
(-0.056483125 0.023441864 1.6687581e-20)
(-0.060852189 0.029669139 -1.4550116e-19)
(-0.063632917 0.035922367 1.2326943e-19)
(-0.064828388 0.041940278 2.3390931e-21)
(-0.064458629 0.047446769 -3.7094864e-20)
(-0.062703774 0.052265394 3.3647172e-20)
(-0.059638305 0.056137968 -5.2955099e-20)
(-0.055502268 0.058949195 4.1760992e-21)
(-0.050555016 0.060638243 -8.8344572e-21)
(-0.044932999 0.061029856 2.8907372e-21)
(-0.038918877 0.060145054 -6.2099297e-22)
(-0.032725358 0.057957549 -5.0335553e-20)
(-0.026578778 0.054502562 7.6772314e-20)
(-0.020691109 0.049844419 8.171261e-20)
(-0.015257444 0.04407602 3.3068768e-20)
(-0.010454272 0.037321747 7.5559682e-20)
(-0.006433267 0.029727823 -1.6797798e-20)
(-0.003317736 0.021465024 4.8284345e-20)
(-0.0012059565 0.012725076 3.7674767e-20)
(-0.00015183959 0.0036977502 5.0116786e-21)
)
;
    }
    frontAndBack
    {
        type            empty;
    }
}


// ************************************************************************* //
