/*--------------------------------*- C++ -*----------------------------------*\
  =========                 |
  \\      /  F ield         | OpenFOAM: The Open Source CFD Toolbox
   \\    /   O peration     | Website:  https://openfoam.org
    \\  /    A nd           | Version:  13
     \\/     M anipulation  |
\*---------------------------------------------------------------------------*/
FoamFile
{
    format      ascii;
    class       volVectorField;
    location    "49.201389";
    object      wallShearStress;
}
// * * * * * * * * * * * * * * * * * * * * * * * * * * * * * * * * * * * * * //

dimensions      [0 2 -2 0 0 0 0];

internalField   uniform (0 0 0);

boundaryField
{
    inlet
    {
        type            calculated;
        value           uniform (0 0 0);
    }
    outlet
    {
        type            calculated;
        value           uniform (0 0 0);
    }
    cylinder
    {
        type            calculated;
        value           nonuniform List<vector> 
132
(
(5.3209657e-05 -0.0036342928 -3.19286e-22)
(0.00016414102 -0.0039195713 9.1111745e-23)
(0.0002918845 -0.0041828064 5.0378216e-21)
(0.0004343124 -0.004417885 -1.6921772e-20)
(0.00058901023 -0.0046191006 1.1951782e-20)
(0.00075280647 -0.0047809081 3.6527953e-20)
(0.00092203555 -0.0048985054 -6.9204214e-21)
(0.0010924668 -0.0049677928 -2.7406562e-20)
(0.0012594827 -0.0049860004 2.5816016e-20)
(0.001418203 -0.0049514993 -5.7835073e-20)
(0.0015638752 -0.0048646248 -1.0514272e-21)
(0.0016919467 -0.0047270996 3.5854903e-20)
(0.0017985788 -0.0045428101 5.8404446e-20)
(0.0018807918 -0.0043172862 -4.7380987e-20)
(0.0019368698 -0.0040578581 4.9827439e-20)
(0.0019668119 -0.0037737616 8.0098081e-20)
(0.0019722467 -0.0034750923 -5.2423106e-20)
(0.0019570644 -0.0031732804 8.3997101e-20)
(0.0019271592 -0.0028798876 1.1094537e-19)
(0.0018910163 -0.0026069424 -7.1901006e-20)
(0.0018594104 -0.0023658616 -9.1572512e-20)
(0.0018461313 -0.0021678765 3.2219548e-23)
(0.0018671121 -0.0020223911 1.327114e-20)
(0.0019407813 -0.0019370869 -1.5887143e-20)
(0.002084645 -0.0019144078 -2.7031149e-20)
(0.0023122908 -0.0019498681 5.7835499e-21)
(0.0026289383 -0.0020303713 -5.2253698e-20)
(0.0030226711 -0.0021308569 1.3973213e-20)
(0.0034637836 -0.0022191387 1.0984007e-20)
(0.003908104 -0.0022626229 -7.5734162e-20)
(0.0043110156 -0.0022390884 9.8935212e-20)
(0.0046351748 -0.0021396374 2.9977233e-21)
(0.0048355911 -0.00196011 2.1635973e-20)
(0.0048255536 -0.0016908693 -2.5674202e-20)
(0.0044793392 -0.0013286106 8.1698601e-20)
(0.0036244762 -0.00088477625 -5.1741313e-21)
(0.0020683202 -0.0004031444 2.0890337e-20)
(-0.0004213867 3.6258167e-05 -2.8685294e-21)
(-0.004045237 0.00030259727 4.1092093e-21)
(-0.0089000895 0.00020266194 -2.5550372e-21)
(-0.015377934 -0.00050771593 4.7451654e-21)
(-0.023301378 -0.0021613632 -1.4518675e-22)
(-0.031906983 -0.0049044849 5.2750081e-20)
(-0.040733159 -0.0087944449 -2.0135654e-20)
(-0.049175003 -0.01376025 1.8009903e-20)
(-0.056759088 -0.019638734 -1.1483647e-19)
(-0.063068264 -0.026173754 -1.8422434e-20)
(-0.067862324 -0.033086537 1.6132173e-19)
(-0.070968681 -0.040063698 -1.3769138e-19)
(-0.072369257 -0.046819416 -2.6425888e-21)
(-0.072079126 -0.053057167 4.264355e-20)
(-0.070254053 -0.058560224 -3.9726309e-20)
(-0.066997259 -0.063067174 -8.1331423e-21)
(-0.062547041 -0.066433898 -5.6843114e-21)
(-0.057153791 -0.068556126 -1.1892437e-20)
(-0.051000677 -0.069274953 1.7738701e-21)
(-0.044376007 -0.068583018 3.8394343e-22)
(-0.037516679 -0.066448806 4.0134236e-20)
(-0.030672592 -0.062904627 -6.6750736e-20)
(-0.024077916 -0.058012779 -7.42901e-20)
(-0.017951217 -0.051871169 -3.0913744e-20)
(-0.012490121 -0.044609442 -7.2028211e-20)
(-0.0078672943 -0.036386697 1.6252712e-20)
(-0.0042234077 -0.027383364 2.3844597e-20)
(-0.0016743877 -0.0178248 -3.7290232e-20)
(-0.00027927776 -0.0078639509 -5.0055767e-21)
(-4.1267371e-05 -0.0033299654 -1.4649519e-21)
(-0.00011925889 -0.0030064208 -8.6993671e-23)
(-0.0001798478 -0.0026657597 -4.9760076e-21)
(-0.00022164704 -0.0023129391 1.6618115e-20)
(-0.00024382826 -0.0019538294 -1.1679935e-20)
(-0.00024600533 -0.0015933929 -3.5532352e-20)
(-0.00022868894 -0.001238781 6.703087e-21)
(-0.00019273981 -0.00089513507 2.6444066e-20)
(-0.00013974746 -0.00056810945 -2.4826191e-20)
(-7.1765324e-05 -0.00026265258 5.5462405e-20)
(8.6936927e-06 1.7122526e-05 1.0060695e-21)
(9.8788538e-05 0.00026816848 -3.4253817e-20)
(0.00019606105 0.00048842857 -5.5741499e-20)
(0.00029762857 0.0006772465 4.5202991e-20)
(0.00040117839 0.00083530163 -4.7544976e-20)
(0.00050514079 0.00096460311 -7.6479544e-20)
(0.00060877162 0.0010684507 5.0109197e-20)
(0.00071258411 0.0011515119 -8.0403442e-20)
(0.00081845842 0.0012193788 -1.0637528e-19)
(0.00093019818 0.0012788162 6.9063372e-20)
(0.0010532211 0.0013366896 8.8121392e-20)
(0.001195083 0.001400166 7.9007951e-20)
(0.0013645047 0.0014751215 6.4981817e-20)
(0.0015703149 0.0015649731 1.5365072e-20)
(0.0018197666 0.0016694814 2.6175595e-20)
(0.0021151536 0.0017827054 -5.6057977e-21)
(0.0024527878 0.0018940793 5.06768e-20)
(0.0028211566 0.001989014 -1.3553692e-20)
(0.0032008848 0.00205111 -1.0651383e-20)
(0.0035707206 0.002067631 7.3395853e-20)
(0.0039111888 0.0020316233 -9.5804e-20)
(0.0041875529 0.0019331929 -2.8835544e-21)
(0.0043413265 0.0017600984 4.7588677e-20)
(0.0042736075 0.0014981466 2.4803079e-20)
(0.0038506343 0.0011434125 -7.8862231e-20)
(0.0028962255 0.00070950374 4.9897774e-21)
(0.0012215958 0.00024460969 1.4674756e-20)
(-0.001398333 -0.00016710219 2.7589049e-21)
(-0.0051622566 -0.0003923999 -3.9441642e-21)
(-0.010118566 -0.00023644151 2.4460907e-21)
(-0.016663365 0.00054680876 -4.5273419e-21)
(-0.024573372 0.0022767549 3.6365756e-20)
(-0.033073574 0.0050813843 -4.9835004e-20)
(-0.041711935 0.0090034117 1.8904102e-20)
(-0.049862134 0.013950732 -1.6786725e-20)
(-0.057103091 0.019756077 1.0617066e-19)
(-0.063036645 0.026157975 1.686757e-20)
(-0.067441984 0.032878953 -1.4603343e-19)
(-0.070170249 0.039610285 1.2287428e-19)
(-0.07122672 0.046077498 2.3156077e-21)
(-0.070611961 0.051974312 -3.6426325e-20)
(-0.068545738 0.057133302 3.2718151e-20)
(-0.06505488 0.06123501 -5.0619784e-20)
(-0.060430394 0.064182143 3.8664407e-21)
(-0.054966861 0.065928664 -7.0956492e-21)
(-0.048758094 0.066223702 4.0428741e-21)
(-0.042149725 0.065136261 -6.8399869e-22)
(-0.03535741 0.062616859 -5.3231046e-20)
(-0.028632315 0.058710838 7.981001e-20)
(-0.02220482 0.053487245 8.412509e-20)
(-0.016288103 0.047048156 3.3826585e-20)
(-0.011075289 0.039530687 7.6927335e-20)
(-0.0067322361 0.031095609 -1.7037807e-20)
(-0.0033934585 0.021931077 4.8818255e-20)
(-0.0011671101 0.012244287 3.7982526e-20)
(-0.00011434296 0.0022680238 5.0390102e-21)
)
;
    }
    frontAndBack
    {
        type            empty;
    }
}


// ************************************************************************* //
