/*--------------------------------*- C++ -*----------------------------------*\
  =========                 |
  \\      /  F ield         | OpenFOAM: The Open Source CFD Toolbox
   \\    /   O peration     | Website:  https://openfoam.org
    \\  /    A nd           | Version:  13
     \\/     M anipulation  |
\*---------------------------------------------------------------------------*/
FoamFile
{
    format      ascii;
    class       volVectorField;
    location    "36.397";
    object      wallShearStress;
}
// * * * * * * * * * * * * * * * * * * * * * * * * * * * * * * * * * * * * * //

dimensions      [0 2 -2 0 0 0 0];

internalField   uniform (0 0 0);

boundaryField
{
    inlet
    {
        type            calculated;
        value           uniform (0 0 0);
    }
    outlet
    {
        type            calculated;
        value           uniform (0 0 0);
    }
    cylinder
    {
        type            calculated;
        value           nonuniform List<vector> 
132
(
(-1.3957864e-05 0.0013041665 -2.7374253e-22)
(-3.7326982e-05 0.001002603 7.7952469e-23)
(-4.3725137e-05 0.00068952379 4.3022161e-21)
(-3.2219079e-05 0.00036972614 -1.4425663e-20)
(-2.1865875e-06 4.8022142e-05 1.01732e-20)
(4.6180067e-05 -0.0002698523 3.1053063e-20)
(0.00011212221 -0.00057844923 -5.8777487e-21)
(0.00019481508 -0.0008717159 -2.3264136e-20)
(0.00029197417 -0.001143913 2.191043e-20)
(0.0004009635 -0.0013896626 -4.9098252e-20)
(0.00051850495 -0.0016042053 -8.93185e-22)
(0.00064104834 -0.0017836256 3.0494008e-20)
(0.00076468126 -0.0019250744 4.9747768e-20)
(0.00088550167 -0.0020271644 -4.0434408e-20)
(0.00099978709 -0.0020898781 4.2615699e-20)
(0.0011045251 -0.0021151696 6.8671936e-20)
(0.0011974191 -0.0021062957 -4.506185e-20)
(0.0012778244 -0.0020688646 7.2395362e-20)
(0.0013463278 -0.002009304 9.5877545e-20)
(0.0014059514 -0.0019360532 -6.2295986e-20)
(0.0014620458 -0.0018585089 -7.953161e-20)
(0.0015224077 -0.0017864062 2.8033248e-23)
(0.0015978483 -0.0017298507 1.1573077e-20)
(0.0017008098 -0.001697129 -1.3875961e-20)
(0.0018450791 -0.0016943503 -2.3637221e-20)
(0.0020419764 -0.0017221545 5.0613961e-21)
(0.0022987903 -0.001775755 -4.5746339e-20)
(0.0026133256 -0.0018426171 1.2232986e-20)
(0.0029712254 -0.0019037381 9.6125548e-21)
(0.0033481535 -0.0019383717 -6.6236725e-20)
(0.0037135431 -0.0019285038 8.6461995e-20)
(0.0040324439 -0.0018610177 2.6176207e-21)
(0.0042606175 -0.0017265463 1.8875497e-20)
(0.004322505 -0.0015139572 -2.2375016e-20)
(0.0041085655 -0.0012177344 7.1114788e-20)
(0.0034660676 -0.00084463702 -4.4977874e-21)
(0.0022185267 -0.00042894734 1.8134138e-20)
(0.00014628598 -3.6703684e-05 -2.4867132e-21)
(-0.0029362273 0.00021471528 3.5586091e-21)
(-0.0071799802 0.00015950003 -2.2111261e-21)
(-0.012958105 -0.00043021077 4.1061244e-21)
(-0.020161941 -0.0018723443 -1.2573406e-22)
(-0.028149588 -0.0043292376 4.5739627e-20)
(-0.036463102 -0.0078748543 -1.7484931e-20)
(-0.044526276 -0.0124617 1.5661252e-20)
(-0.05190413 -0.017961217 -9.9960233e-20)
(-0.058135839 -0.024129446 -1.6033404e-20)
(-0.062962683 -0.030700272 1.4020486e-19)
(-0.066200964 -0.037374546 -1.1923445e-19)
(-0.067799862 -0.043865355 -2.2736759e-21)
(-0.067764053 -0.049882711 3.6281787e-20)
(-0.066233004 -0.055210071 -3.317374e-20)
(-0.063295069 -0.059583394 -6.5612471e-21)
(-0.059179056 -0.06285759 -4.2676707e-21)
(-0.054132794 -0.064933053 -7.0893462e-21)
(-0.048325595 -0.065641571 -2.0053114e-21)
(-0.042044184 -0.064978962 5.6178512e-22)
(-0.035519055 -0.062909855 4.7187723e-20)
(-0.028996021 -0.059464704 -7.3108252e-20)
(-0.022705506 -0.054703534 -7.85769e-20)
(-0.016862528 -0.048721146 -3.203277e-20)
(-0.011662082 -0.04164518 -7.3639418e-20)
(-0.0072738595 -0.033630082 1.646076e-20)
(-0.0038368223 -0.024855474 2.3981994e-20)
(-0.0014644133 -0.015533169 -3.7306538e-20)
(-0.00021806747 -0.0058424628 -4.9867149e-21)
(2.5296965e-05 0.0015931574 -1.2586103e-21)
(7.988747e-05 0.001870218 -7.4900661e-23)
(0.00015025044 0.0021331602 -4.2937272e-21)
(0.00023492216 0.0023770383 1.437046e-20)
(0.00033229076 0.0025972001 -1.0121149e-20)
(0.00044021337 0.0027891633 -3.0849851e-20)
(0.00055606791 0.0029489635 5.8298922e-21)
(0.0006767763 0.003073211 2.3033751e-20)
(0.0007989511 0.0031594283 -2.1650701e-20)
(0.00091905869 0.0032059951 4.8411016e-20)
(0.0010335408 0.0032126321 8.7863802e-22)
(0.0011389265 0.0031800575 -2.991926e-20)
(0.0012322784 0.0031107595 -4.8677663e-20)
(0.0013110872 0.0030080504 3.9452308e-20)
(0.0013739851 0.0028772289 -4.1458804e-20)
(0.0014205242 0.0027243527 -6.6610232e-20)
(0.0014516192 0.0025565938 4.3580168e-20)
(0.0014700712 0.0023825498 -6.981462e-20)
(0.0014800997 0.002210759 -9.2206245e-20)
(0.0014883741 0.0020508345 5.9758265e-20)
(0.0015034048 0.0019118886 7.6114694e-20)
(0.0015365953 0.0018034313 6.8129411e-20)
(0.0016013029 0.0017335783 5.5948794e-20)
(0.0017130484 0.0017090007 1.3211626e-20)
(0.0018863973 0.0017317191 2.2482815e-20)
(0.0021318684 0.0017972913 -4.8112648e-21)
(0.0024513485 0.0018929612 4.3477273e-20)
(0.0028361613 0.0019992488 -1.1628559e-20)
(0.0032589989 0.0020879061 -9.1429864e-21)
(0.0036785128 0.0021296934 6.305781e-20)
(0.0040606192 0.0021090068 -8.2406634e-20)
(0.0043714069 0.0020178373 -2.4837753e-21)
(0.0045667208 0.0018510695 4.1057597e-20)
(0.0045659874 0.0015998505 2.1440403e-20)
(0.004247864 0.0012598821 -6.8333819e-20)
(0.0034466342 0.00084127978 4.3365891e-21)
(0.00197751 0.00038530222 1.2801392e-20)
(-0.00038317935 -3.2177936e-05 2.417703e-21)
(-0.0038276244 -0.00028616603 -3.4753258e-21)
(-0.0084579175 -0.00019244866 2.1689879e-21)
(-0.014647569 0.00048369352 -4.0439332e-21)
(-0.022235947 0.0020626296 3.275039e-20)
(-0.03049219 0.0046870864 -4.5246049e-20)
(-0.038964982 0.0084127508 1.7299521e-20)
(-0.047074966 0.013172734 -1.5477168e-20)
(-0.054357649 0.018807883 9.8535951e-20)
(-0.060406351 0.025068912 1.5750535e-20)
(-0.064988181 0.03168498 -1.3706596e-19)
(-0.067929815 0.038347774 1.1585653e-19)
(-0.06922359 0.044783729 2.1914817e-21)
(-0.068865883 0.050691107 -3.4580937e-20)
(-0.067045746 0.055884951 3.1116124e-20)
(-0.063815313 0.060070303 -4.8199233e-20)
(-0.059440809 0.063133024 3.6675119e-21)
(-0.054193359 0.065002948 -6.5620865e-21)
(-0.048200527 0.065468685 4.1020901e-21)
(-0.041780357 0.064567979 -6.7375433e-22)
(-0.035153783 0.062259216 -5.2222405e-20)
(-0.028568001 0.058582607 7.8256306e-20)
(-0.022251464 0.053604315 8.2537047e-20)
(-0.016415975 0.047423994 3.3226374e-20)
(-0.011253182 0.040175271 7.5675633e-20)
(-0.006928037 0.032015949 -1.6790639e-20)
(-0.0035745136 0.023130672 4.8210757e-20)
(-0.0013003937 0.013727278 3.7601241e-20)
(-0.00016408037 0.004011695 5.0025601e-21)
)
;
    }
    frontAndBack
    {
        type            empty;
    }
}


// ************************************************************************* //
