/*--------------------------------*- C++ -*----------------------------------*\
  =========                 |
  \\      /  F ield         | OpenFOAM: The Open Source CFD Toolbox
   \\    /   O peration     | Website:  https://openfoam.org
    \\  /    A nd           | Version:  13
     \\/     M anipulation  |
\*---------------------------------------------------------------------------*/
FoamFile
{
    format      ascii;
    class       volVectorField;
    location    "30.897317";
    object      wallShearStress;
}
// * * * * * * * * * * * * * * * * * * * * * * * * * * * * * * * * * * * * * //

dimensions      [0 2 -2 0 0 0 0];

internalField   uniform (0 0 0);

boundaryField
{
    inlet
    {
        type            calculated;
        value           uniform (0 0 0);
    }
    outlet
    {
        type            calculated;
        value           uniform (0 0 0);
    }
    cylinder
    {
        type            calculated;
        value           nonuniform List<vector> 
132
(
(-3.9125166e-06 0.00059882753 -2.5614041e-22)
(-7.0792823e-06 0.00027215625 7.2990447e-23)
(8.465849e-06 -6.1843058e-05 4.0315681e-21)
(4.2732022e-05 -0.00039865926 -1.3529265e-20)
(9.6738483e-05 -0.00073234983 9.5490309e-21)
(0.00016960266 -0.0010567858 2.9172738e-20)
(0.00026013207 -0.0013656285 -5.5265427e-21)
(0.00036640065 -0.0016525451 -2.1892771e-20)
(0.00048574684 -0.0019114119 2.0636033e-20)
(0.00061473881 -0.0021366431 -4.6279413e-20)
(0.00074953856 -0.0023234037 -8.4252397e-22)
(0.00088578509 -0.0024678886 2.8784058e-20)
(0.00101893 -0.0025677279 4.6986195e-20)
(0.0011444332 -0.0026220067 -3.8209361e-20)
(0.00125825 -0.0026318606 4.0287326e-20)
(0.0013568989 -0.0025999146 6.4940968e-20)
(0.0014383884 -0.0025314232 -4.2623054e-20)
(0.0015017335 -0.0024325056 6.8487215e-20)
(0.0015484893 -0.0023120226 9.0705751e-20)
(0.0015820598 -0.002179495 -5.8935476e-20)
(0.0016084003 -0.0020454092 -7.5235185e-20)
(0.001636876 -0.0019215143 2.6509712e-23)
(0.0016791215 -0.0018185386 1.0945084e-20)
(0.0017497734 -0.0017465735 -1.3121012e-20)
(0.0018643959 -0.0017125291 -2.2347593e-20)
(0.0020371736 -0.0017183777 4.784621e-21)
(0.0022776846 -0.0017595712 -4.3240894e-20)
(0.0025837002 -0.0018217261 1.1562939e-20)
(0.002942119 -0.0018849907 9.0865551e-21)
(0.0033274972 -0.0019262991 -6.262406e-20)
(0.0037002452 -0.0019215255 8.1772653e-20)
(0.0040240149 -0.0018570677 2.4765852e-21)
(0.0042596839 -0.001726079 1.7866451e-20)
(0.0043359967 -0.0015185279 -2.1190093e-20)
(0.0041476401 -0.0012290468 6.7392702e-20)
(0.003545581 -0.00086351749 -4.2658135e-21)
(0.0023569535 -0.00045454799 1.7215998e-20)
(0.00036494029 -6.560147e-05 -2.3636652e-21)
(-0.0026134197 0.00018936988 3.3874965e-21)
(-0.0067396356 0.00014829761 -2.1083075e-21)
(-0.012382277 -0.00041202464 3.9229144e-21)
(-0.019446523 -0.0018066853 -1.2039261e-22)
(-0.027313828 -0.0042015059 4.3892441e-20)
(-0.03554064 -0.0076764478 -1.6814693e-20)
(-0.043549767 -0.012189073 1.5089113e-20)
(-0.050894664 -0.017612527 -9.6461783e-20)
(-0.057127987 -0.023711976 -1.5492065e-20)
(-0.061981918 -0.03022285 1.3557637e-19)
(-0.06526539 -0.036847108 -1.1533259e-19)
(-0.066925608 -0.043300425 -2.1982792e-21)
(-0.066961723 -0.049292737 3.5029086e-20)
(-0.065506915 -0.054605399 -3.1926711e-20)
(-0.062652265 -0.058978843 -6.2744951e-21)
(-0.058620381 -0.062264658 -4.0181258e-21)
(-0.053653218 -0.064358231 -6.2787755e-21)
(-0.047925996 -0.065099201 -2.6171864e-21)
(-0.041719128 -0.064476973 5.8937962e-22)
(-0.035263509 -0.062457618 4.8237432e-20)
(-0.028803451 -0.059070168 -7.4020797e-20)
(-0.022568517 -0.054373922 -7.9178161e-20)
(-0.016772963 -0.048462902 -3.2190862e-20)
(-0.011611054 -0.041463724 -7.3884612e-20)
(-0.0072519532 -0.033530075 1.6500163e-20)
(-0.0038341262 -0.024840346 2.4027957e-20)
(-0.0014706793 -0.015606255 -3.73731e-20)
(-0.00022247453 -0.0060034165 -4.996462e-21)
(1.6462009e-05 0.00091584437 -1.1769082e-21)
(5.372636e-05 0.0012241816 -6.9995754e-23)
(0.0001083899 0.0015215748 -4.0102222e-21)
(0.00017919143 0.0018025591 1.3414655e-20)
(0.00026471137 0.0020619154 -9.4436665e-21)
(0.00036294496 0.0022945875 -2.8773683e-20)
(0.00047133602 0.0024959391 5.4358274e-21)
(0.00058683493 0.0026619446 2.1471588e-20)
(0.00070595503 0.0027893794 -2.0178921e-20)
(0.00082498557 0.0028760799 4.5115798e-20)
(0.00094014035 0.002920965 8.1880743e-22)
(0.0010477476 0.0029244468 -2.7882996e-20)
(0.0011443978 0.002888138 -4.5369006e-20)
(0.0012274079 0.0028154828 3.6775749e-20)
(0.0012947638 0.0027109129 -3.8653157e-20)
(0.0013458462 0.0025808286 -6.2114999e-20)
(0.0013812294 0.0024324224 4.0648413e-20)
(0.0014030512 0.0022738073 -6.5132941e-20)
(0.0014155762 0.0021143226 -8.6043084e-20)
(0.0014247177 0.0019631093 5.5776287e-20)
(0.0014391103 0.0018301457 7.1057285e-20)
(0.0014694047 0.0017246146 6.3614141e-20)
(0.0015291737 0.0016555367 5.2248462e-20)
(0.0016334082 0.0016295841 1.2339298e-20)
(0.0017973434 0.0016499648 2.0999827e-20)
(0.0020331448 0.0017140077 -4.494087e-21)
(0.0023439846 0.0018099723 4.0611547e-20)
(0.0027188089 0.0019164427 -1.0862262e-20)
(0.0031321978 0.0020065623 -8.5402862e-21)
(0.0035475284 0.002053732 5.8900761e-20)
(0.0039297887 0.002040922 -7.6975339e-20)
(0.004246194 0.0019598937 -2.3201608e-21)
(0.0044545073 0.001805402 3.8355513e-20)
(0.0044813157 0.0015699059 2.0030998e-20)
(0.0042139349 0.001249384 -6.3851648e-20)
(0.0034907503 0.00085129174 4.0531731e-21)
(0.0021319723 0.00041353358 1.1969654e-20)
(-8.4176142e-05 7.0622158e-06 2.2619815e-21)
(-0.0033417189 -0.00024787657 -3.2543985e-21)
(-0.007769511 -0.00017477183 2.0334302e-21)
(-0.013734765 0.00045479567 -3.7969355e-21)
(-0.021098011 0.0019581758 3.0807458e-20)
(-0.029172609 0.0044853821 -4.2646116e-20)
(-0.037505158 0.0080986847 1.6335978e-20)
(-0.045522666 0.012739384 -1.4639342e-20)
(-0.052771166 0.018259966 9.3324798e-20)
(-0.058828377 0.024415242 1.492789e-20)
(-0.063453325 0.030937799 -1.2991111e-19)
(-0.06646747 0.037523291 1.0969734e-19)
(-0.067851386 0.043896937 2.0700655e-21)
(-0.067599205 0.049759562 -3.2515164e-20)
(-0.065890058 0.054922379 2.9010649e-20)
(-0.062778316 0.059094799 -4.4177754e-20)
(-0.058521327 0.062156928 3.2203634e-21)
(-0.053387695 0.064036988 -4.4815476e-21)
(-0.047508209 0.064528635 5.2835622e-21)
(-0.041194955 0.063663459 -7.2952e-22)
(-0.034669148 0.061400934 -5.4454313e-20)
(-0.02817644 0.057779523 8.0307634e-20)
(-0.021944519 0.052864533 8.3970317e-20)
(-0.016184454 0.046754515 3.3624595e-20)
(-0.011087311 0.039581991 7.631609e-20)
(-0.0068176108 0.031503712 -1.6892307e-20)
(-0.003508993 0.022703172 4.8421508e-20)
(-0.0012690101 0.01338651 3.7721563e-20)
(-0.00015635515 0.0037612923 5.0146744e-21)
)
;
    }
    frontAndBack
    {
        type            empty;
    }
}


// ************************************************************************* //
