/*--------------------------------*- C++ -*----------------------------------*\
  =========                 |
  \\      /  F ield         | OpenFOAM: The Open Source CFD Toolbox
   \\    /   O peration     | Website:  https://openfoam.org
    \\  /    A nd           | Version:  13
     \\/     M anipulation  |
\*---------------------------------------------------------------------------*/
FoamFile
{
    format      ascii;
    class       volVectorField;
    location    "8.802295";
    object      wallShearStress;
}
// * * * * * * * * * * * * * * * * * * * * * * * * * * * * * * * * * * * * * //

dimensions      [0 2 -2 0 0 0 0];

internalField   uniform (0 0 0);

boundaryField
{
    inlet
    {
        type            calculated;
        value           uniform (0 0 0);
    }
    outlet
    {
        type            calculated;
        value           uniform (0 0 0);
    }
    cylinder
    {
        type            calculated;
        value           nonuniform List<vector> 
132
(
(0.00010393294 -0.0020589393 -1.1062611e-22)
(0.00042745311 -0.0085938571 3.2174296e-23)
(0.0011063112 -0.014982279 1.8768446e-21)
(0.0021187924 -0.02100649 -6.782354e-21)
(0.0034189128 -0.02644982 5.2353814e-21)
(0.004936151 -0.031103333 1.7631016e-20)
(0.006576504 -0.034781816 -3.6865648e-21)
(0.0082295583 -0.037334996 -1.6049875e-20)
(0.0097741625 -0.038658974 1.6491261e-20)
(0.01108527 -0.038708394 -3.9874429e-20)
(0.012045381 -0.037504085 -7.7248061e-22)
(0.012557185 -0.035140403 2.7738062e-20)
(0.012555629 -0.031784148 4.6924341e-20)
(0.012021749 -0.027674608 -3.9030378e-20)
(0.010986961 -0.023099333 4.1590432e-20)
(0.0095393937 -0.018380079 6.7046739e-20)
(0.007810776 -0.013829726 -4.3642059e-20)
(0.0059587587 -0.0097179437 6.9125334e-20)
(0.004146736 -0.006241293 8.9928304e-20)
(0.0025097261 -0.0034940129 -5.7316978e-20)
(0.0011440432 -0.0014808353 -7.1809382e-20)
(7.934651e-05 -0.00011274913 2.4853129e-23)
(-0.00069028333 0.00073588495 1.011591e-20)
(-0.0012077825 0.0012000381 -1.1967993e-20)
(-0.0014603687 0.0013420786 -2.0137069e-20)
(-0.0013281311 0.0011278331 4.2597348e-21)
(-0.00064745205 0.00051385745 -3.808147e-20)
(0.00062742444 -0.00042623616 1.0100464e-20)
(0.0021784855 -0.0013824641 7.9136394e-21)
(0.0035280681 -0.0020350993 -5.46197e-20)
(0.0043689197 -0.0022668708 7.1574063e-20)
(0.0047452395 -0.0021906395 2.1740335e-21)
(0.0048902735 -0.0019823236 1.5705228e-20)
(0.0049603562 -0.0017367063 -1.8635615e-20)
(0.0049001832 -0.0014502655 5.9312475e-20)
(0.0045085982 -0.0010946855 -3.7602797e-21)
(0.0035709275 -0.0006812815 1.5217242e-20)
(0.0018512067 -0.0002642024 -2.0979733e-21)
(-0.00086213645 4.6896264e-05 3.0245858e-21)
(-0.0048071395 9.7740616e-05 -1.8967916e-21)
(-0.01034664 -0.00035010819 3.5640909e-21)
(-0.017448427 -0.0016255553 -1.1067814e-22)
(-0.025537994 -0.0039325698 4.0839395e-20)
(-0.034138371 -0.007377504 -1.5832301e-20)
(-0.042624635 -0.011933292 1.4363321e-20)
(-0.050486746 -0.017474084 -9.270896e-20)
(-0.05723277 -0.023758773 -1.5012183e-20)
(-0.062552354 -0.030503868 1.3224175e-19)
(-0.066226497 -0.037392178 -1.1306287e-19)
(-0.068189846 -0.044120439 -2.1622525e-21)
(-0.068437056 -0.050380494 3.4504481e-20)
(-0.067105556 -0.055939408 -3.141274e-20)
(-0.064294804 -0.060526256 -6.1387902e-21)
(-0.060240085 -0.063986026 -3.8648245e-21)
(-0.055193753 -0.066206946 -5.576643e-21)
(-0.049343653 -0.067025539 -3.3877284e-21)
(-0.042983004 -0.066430913 6.4032464e-22)
(-0.036353591 -0.064388915 5.1084939e-20)
(-0.029710512 -0.060930957 -7.7640094e-20)
(-0.02329266 -0.056119237 -8.2651165e-20)
(-0.017322663 -0.050051979 -3.3510282e-20)
(-0.012001902 -0.042860576 -7.678132e-20)
(-0.0075055947 -0.034704561 1.7127874e-20)
(-0.0039768529 -0.025768043 2.4923369e-20)
(-0.0015325908 -0.016271048 -3.8746143e-20)
(-0.00023518591 -0.006389819 -5.1783151e-21)
(0.00013635107 0.0044757004 -5.1137575e-22)
(0.00052195705 0.010927978 -3.1526489e-23)
(0.0012538083 0.017149493 -1.9178548e-21)
(0.0023033061 0.022925869 6.9582132e-21)
(0.0036180368 0.028047166 -5.3815068e-21)
(0.0051221302 0.032315275 -1.8114222e-20)
(0.006717594 0.035561101 3.7786968e-21)
(0.0082938334 0.037652891 1.6389686e-20)
(0.0097306516 0.038508566 -1.6763154e-20)
(0.010907607 0.038106371 4.0326972e-20)
(0.011715492 0.036492754 7.7723454e-22)
(0.012068155 0.03378558 -2.7761797e-20)
(0.011915779 0.030176252 -4.6734097e-20)
(0.011253984 0.025917406 3.8700416e-20)
(0.010131387 0.02130914 -4.1080525e-20)
(0.0086465093 0.016666008 -6.6025103e-20)
(0.0069360997 0.012286311 4.288218e-20)
(0.0051568086 0.0084145283 -6.7835943e-20)
(0.0034592614 0.0052105158 -8.8205251e-20)
(0.0019617336 0.0027357861 5.622934e-20)
(0.0007392633 0.0009661765 7.0491292e-20)
(-0.00019597541 -0.00021329525 6.2194102e-20)
(-0.00085988318 -0.00092140879 5.0423746e-20)
(-0.001298054 -0.0012919926 1.1771044e-20)
(-0.0014172348 -0.0013043069 1.9811637e-20)
(-0.0011752677 -0.0010009487 -4.1933165e-21)
(-0.00028049601 -0.0002321025 3.7501105e-20)
(0.0011155879 0.00077079272 -9.9683853e-21)
(0.002608476 0.0016597175 -7.8240372e-21)
(0.0038059748 0.0021980298 5.4085691e-20)
(0.0044739254 0.0023227965 -7.0914196e-20)
(0.0047571617 0.0021966812 -2.1421911e-21)
(0.0048770906 0.0019771202 3.5432598e-20)
(0.0049303375 0.0017265192 1.8503171e-20)
(0.0047984548 0.0014209278 -5.8987374e-20)
(0.0042770192 0.001039823 3.7470473e-21)
(0.0031513013 0.00060376812 1.1082465e-20)
(0.0011835002 0.00017596577 2.0997618e-21)
(-0.0018267182 -0.00012467991 -3.0331912e-21)
(-0.0060905798 -0.00012983702 1.9050905e-21)
(-0.011977317 0.00040143191 -3.5820915e-21)
(-0.019387606 0.0018032439 2.9309642e-20)
(-0.027679208 0.0042593928 -4.0935216e-20)
(-0.036353144 0.0078532289 1.5816309e-20)
(-0.044776783 0.012533295 -1.4286616e-20)
(-0.052488441 0.018164586 9.1735923e-20)
(-0.058991022 0.024485523 1.4760896e-20)
(-0.06400968 0.0312115 -1.2910312e-19)
(-0.067356026 0.038026959 1.0941858e-19)
(-0.068986642 0.044633102 2.0703149e-21)
(-0.068902701 0.050720451 -3.2557043e-20)
(-0.067284695 0.056085984 2.9031301e-20)
(-0.064192404 0.060426783 -4.402243e-20)
(-0.059898786 0.063620664 3.1643673e-21)
(-0.054684628 0.06559313 -3.9304619e-21)
(-0.04868332 0.06612509 5.8310669e-21)
(-0.042225568 0.065256401 -7.7061399e-22)
(-0.03553979 0.062942964 -5.6930223e-20)
(-0.02888219 0.059226693 8.3603349e-20)
(-0.022488806 0.054175492 8.7228211e-20)
(-0.016578312 0.04789185 3.488709e-20)
(-0.011348352 0.040513085 7.9125989e-20)
(-0.0069688747 0.032201161 -1.7507242e-20)
(-0.0035778595 0.023145652 5.0173933e-20)
(-0.0012861049 0.013558324 3.9084519e-20)
(-0.0001546029 0.0036573623 5.1962351e-21)
)
;
    }
    frontAndBack
    {
        type            empty;
    }
}


// ************************************************************************* //
