/*--------------------------------*- C++ -*----------------------------------*\
  =========                 |
  \\      /  F ield         | OpenFOAM: The Open Source CFD Toolbox
   \\    /   O peration     | Website:  https://openfoam.org
    \\  /    A nd           | Version:  13
     \\/     M anipulation  |
\*---------------------------------------------------------------------------*/
FoamFile
{
    format      ascii;
    class       volVectorField;
    location    "10.297577";
    object      wallShearStress;
}
// * * * * * * * * * * * * * * * * * * * * * * * * * * * * * * * * * * * * * //

dimensions      [0 2 -2 0 0 0 0];

internalField   uniform (0 0 0);

boundaryField
{
    inlet
    {
        type            calculated;
        value           uniform (0 0 0);
    }
    outlet
    {
        type            calculated;
        value           uniform (0 0 0);
    }
    cylinder
    {
        type            calculated;
        value           nonuniform List<vector> 
132
(
(9.7963796e-05 -0.0019736213 -8.4310367e-23)
(0.00040171047 -0.0080807105 2.4681179e-23)
(0.0010378737 -0.014054621 1.4649733e-21)
(0.0019867631 -0.019694831 -5.4151924e-21)
(0.0032063076 -0.024801434 4.2861159e-21)
(0.0046314865 -0.029179456 1.4793276e-20)
(0.0061748446 -0.032655452 -3.1631746e-21)
(0.0077342728 -0.035086067 -1.4039283e-20)
(0.009195558 -0.036368755 1.4658749e-20)
(0.010439918 -0.036453647 -3.5904955e-20)
(0.011353948 -0.035350656 -7.0255088e-22)
(0.01184147 -0.033137749 2.5419047e-20)
(0.011835489 -0.02996231 4.3220737e-20)
(0.01131286 -0.026044857 -3.6054789e-20)
(0.010300239 -0.021658531 3.8456155e-20)
(0.0088822509 -0.017117119 6.1947027e-20)
(0.0071898374 -0.012733674 -4.023772e-20)
(0.00538226 -0.0087812143 6.3542192e-20)
(0.0036262715 -0.0054614184 8.2383235e-20)
(0.0020622965 -0.0028758521 -5.2333425e-20)
(0.00078001254 -0.0010190318 -6.5385566e-20)
(-0.00017840492 0.00019236335 2.2593386e-23)
(-0.00085560742 0.00091658337 9.1784875e-21)
(-0.0013066563 0.0012991825 -1.085117e-20)
(-0.0015972885 0.0014662852 -1.8263969e-20)
(-0.0016579504 0.0014020959 3.864405e-21)
(-0.0014110418 0.001100024 -3.4511598e-20)
(-0.00042832405 0.00031773787 9.1124382e-21)
(0.0010713182 -0.00067139534 7.1201493e-21)
(0.0025123671 -0.0014444246 -4.8994497e-20)
(0.0035319202 -0.0018302843 6.4163654e-20)
(0.0039705118 -0.00183222 1.9470683e-21)
(0.0041403652 -0.001677921 1.4046246e-20)
(0.0042679205 -0.0014932581 -1.6619803e-20)
(0.0044114943 -0.0013036608 5.2720557e-20)
(0.0043892046 -0.0010625386 -3.3301222e-21)
(0.00399683 -0.00075707115 1.3430624e-20)
(0.0030080105 -0.00041475955 -1.8463495e-21)
(0.0011969053 -0.00011217387 2.6579096e-21)
(-0.0016933217 2.315848e-05 -1.6675453e-21)
(-0.0060636255 -0.0002061352 3.1424577e-21)
(-0.011990256 -0.0011234962 -9.8200253e-23)
(-0.019058761 -0.0029410612 3.6542877e-20)
(-0.026821047 -0.0058021291 -1.4297984e-20)
(-0.034672448 -0.0097126372 1.3093606e-20)
(-0.042127796 -0.014585606 -8.5264873e-20)
(-0.048637084 -0.020195178 -1.3908567e-20)
(-0.053870859 -0.026274973 1.2328896e-19)
(-0.057607661 -0.032529879 -1.0587441e-19)
(-0.059754428 -0.038665913 -2.0306493e-21)
(-0.0603086 -0.044399505 3.2426688e-20)
(-0.059389793 -0.049509947 -2.9461625e-20)
(-0.057097276 -0.053752575 -5.7143826e-21)
(-0.053629239 -0.056965642 -3.5186729e-21)
(-0.049232693 -0.059057757 -4.5403982e-21)
(-0.044088254 -0.059887998 -4.0936799e-21)
(-0.038454861 -0.059433446 6.6779588e-22)
(-0.032559 -0.057668657 5.1914251e-20)
(-0.026632863 -0.054619721 -7.8103957e-20)
(-0.020895103 -0.05034308 -8.2717502e-20)
(-0.015549239 -0.044927985 -3.3438089e-20)
(-0.010778942 -0.038493142 -7.6476525e-20)
(-0.0067441075 -0.031183302 1.7040206e-20)
(-0.0035755097 -0.023165287 2.4777568e-20)
(-0.0013789599 -0.014638008 -3.8502107e-20)
(-0.0002121122 -0.0057624493 -5.1445156e-21)
(0.00012692581 0.0041327982 -3.9105418e-22)
(0.00048611263 0.010165447 -2.4440148e-23)
(0.0011695037 0.015988824 -1.5182402e-21)
(0.0021512606 0.021406113 5.6492465e-21)
(0.003383562 0.026223498 -4.4841449e-21)
(0.0047966632 0.030256017 -1.5465439e-20)
(0.0062996678 0.033345283 3.2962638e-21)
(0.0077904576 0.035364524 1.4558914e-20)
(0.0091555999 0.036230149 -1.5113852e-20)
(0.010280295 0.035912733 3.6791904e-20)
(0.011058263 0.034444231 7.1550954e-22)
(0.01140316 0.031923518 -2.5729052e-20)
(0.011261348 0.028519605 -4.3501351e-20)
(0.010623436 0.024466984 3.6106052e-20)
(0.0095316821 0.020050375 -3.8344689e-20)
(0.0080815442 0.015579817 -6.1558914e-20)
(0.0064081725 0.011354176 3.9890389e-20)
(0.0046713413 0.0076254643 -6.2909938e-20)
(0.0030259768 0.0045614386 -8.1532235e-20)
(0.0015932416 0.0022262419 5.1812561e-20)
(0.00044872563 0.00059457165 6.4785314e-20)
(-0.00039427306 -0.0004480635 5.7048336e-20)
(-0.00097661315 -0.001049186 4.6205008e-20)
(-0.0013685118 -0.0013619007 1.0783678e-20)
(-0.0016040516 -0.0014735937 1.8154106e-20)
(-0.0015736698 -0.0013331066 -3.8405998e-21)
(-0.0010976854 -0.00086003196 3.4301785e-20)
(3.2153085e-05 6.8126389e-06 -9.080854e-21)
(0.0015280758 0.00096527056 -7.1059251e-21)
(0.0028533612 0.001643975 4.9015938e-20)
(0.0036657435 0.0019014338 -6.421175e-20)
(0.0039968314 0.0018450511 -1.9376016e-21)
(0.0041314723 0.001674372 3.1983921e-20)
(0.004271413 0.0014945242 1.6649013e-20)
(0.0043852205 0.0012962979 -5.2880143e-20)
(0.0042771778 0.0010362755 3.3462131e-21)
(0.0037384031 0.00070960434 9.8611646e-21)
(0.0025461604 0.00035401325 1.8629441e-21)
(0.00047456379 5.5628046e-05 -2.6872326e-21)
(-0.0027350535 -4.797356e-05 1.6886957e-21)
(-0.0074574413 0.00025338913 -3.1851295e-21)
(-0.01371406 0.0012817714 2.6228257e-20)
(-0.021018215 0.0032404264 -3.6926392e-20)
(-0.0289019 0.0062494062 1.4395596e-20)
(-0.036761609 0.010295002 -1.3118685e-20)
(-0.044077991 0.015258442 8.4909948e-20)
(-0.050364244 0.020909809 1.3758056e-20)
(-0.055319619 0.026978524 -1.2098348e-19)
(-0.058737004 0.033164669 1.0295129e-19)
(-0.060566577 0.039188608 1.9523059e-21)
(-0.060803771 0.044761308 -3.0711844e-20)
(-0.059604124 0.049685938 2.7303466e-20)
(-0.057045951 0.053701425 -4.1051429e-20)
(-0.053355175 0.056671813 2.8647611e-21)
(-0.048789937 0.058523722 -2.7205155e-21)
(-0.043504077 0.059091235 6.4119164e-21)
(-0.037775628 0.058380063 -7.9215199e-22)
(-0.031824573 0.056363627 -5.7520334e-20)
(-0.025881966 0.053074662 8.3844807e-20)
(-0.020164266 0.048575805 8.7137173e-20)
(-0.014871115 0.042959967 3.4770774e-20)
(-0.010182671 0.036351319 7.8750324e-20)
(-0.0062539208 0.028896874 -1.7408642e-20)
(-0.0032108197 0.02076844 4.9864173e-20)
(-0.0011535947 0.012157823 3.8831275e-20)
(-0.00013841436 0.0032634536 5.1620028e-21)
)
;
    }
    frontAndBack
    {
        type            empty;
    }
}


// ************************************************************************* //
