/*--------------------------------*- C++ -*----------------------------------*\
  =========                 |
  \\      /  F ield         | OpenFOAM: The Open Source CFD Toolbox
   \\    /   O peration     | Website:  https://openfoam.org
    \\  /    A nd           | Version:  13
     \\/     M anipulation  |
\*---------------------------------------------------------------------------*/
FoamFile
{
    format      ascii;
    class       volVectorField;
    location    "22.401404";
    object      wallShearStress;
}
// * * * * * * * * * * * * * * * * * * * * * * * * * * * * * * * * * * * * * //

dimensions      [0 2 -2 0 0 0 0];

internalField   uniform (0 0 0);

boundaryField
{
    inlet
    {
        type            calculated;
        value           uniform (0 0 0);
    }
    outlet
    {
        type            calculated;
        value           uniform (0 0 0);
    }
    cylinder
    {
        type            calculated;
        value           nonuniform List<vector> 
132
(
(-3.5311617e-07 0.00069188506 -2.2392095e-22)
(1.0169365e-05 -3.895419e-05 6.3542119e-23)
(6.0310503e-05 -0.00075851493 3.497713e-21)
(0.00014913302 -0.0014499275 -1.1699452e-20)
(0.00027304973 -0.002095616 8.2338188e-21)
(0.00042683438 -0.0026783128 2.5090979e-20)
(0.00060331586 -0.0031817462 -4.7426016e-21)
(0.00079355543 -0.003591474 -1.8749215e-20)
(0.00098715373 -0.0038958638 1.7639693e-20)
(0.0011727521 -0.0040868632 -3.9487944e-20)
(0.0013390081 -0.0041609046 -7.1759256e-22)
(0.0014749322 -0.0041192272 2.4467836e-20)
(0.0015711086 -0.0039687957 3.9857937e-20)
(0.0016203975 -0.0037216547 -3.2339737e-20)
(0.0016194072 -0.0033959786 3.4015236e-20)
(0.0015680621 -0.00301264 5.4687883e-20)
(0.0014713965 -0.0025969512 -3.579525e-20)
(0.0013381106 -0.002174115 5.7354963e-20)
(0.0011808165 -0.0017687479 7.5749547e-20)
(0.0010151288 -0.0014030743 -4.9083984e-20)
(0.00085964104 -0.0010966515 -6.2497518e-20)
(0.00073496981 -0.00086494135 2.1976723e-23)
(0.00066816109 -0.00072443201 9.0504923e-21)
(0.00068664303 -0.00068477473 -1.0829061e-20)
(0.00082657006 -0.00075710517 -1.8413319e-20)
(0.0011048211 -0.00092859215 3.9377905e-21)
(0.0015269016 -0.0011758085 -3.5563349e-20)
(0.0020492807 -0.0014416809 9.5109719e-21)
(0.0025935893 -0.0016595427 7.4781013e-21)
(0.0030914281 -0.0017886809 -5.1583816e-20)
(0.003486832 -0.0018105453 6.7401807e-20)
(0.0037861673 -0.0017473548 2.0420145e-21)
(0.0040103788 -0.0016248378 1.4730845e-20)
(0.004140172 -0.0014492541 -1.746964e-20)
(0.0040850635 -0.0012092471 5.5563785e-20)
(0.0037023587 -0.00089954853 -3.518441e-21)
(0.0028229576 -0.00053981523 1.4211691e-20)
(0.0012439667 -0.00018107092 -1.9541021e-21)
(-0.0012235851 7.7959474e-05 2.8072727e-21)
(-0.0047907654 0.00010017072 -1.7530401e-21)
(-0.0097974721 -0.00033003774 3.2773549e-21)
(-0.016242807 -0.001512426 -1.0121586e-22)
(-0.023612921 -0.003635662 3.7150229e-20)
(-0.031497124 -0.0068066189 -1.4332709e-20)
(-0.039349116 -0.011016518 1.2946505e-20)
(-0.046678575 -0.016156555 -8.3223354e-20)
(-0.053031403 -0.022015451 -1.3422604e-20)
(-0.058103521 -0.028335324 1.177118e-19)
(-0.061667376 -0.034819124 -1.0009472e-19)
(-0.06364821 -0.041183035 -1.9001053e-21)
(-0.064020976 -0.047130724 2.9990063e-20)
(-0.062902995 -0.052437291 -2.6819412e-20)
(-0.060379324 -0.056841378 -5.0675383e-21)
(-0.056660838 -0.060185197 -2.9394971e-21)
(-0.051982579 -0.062355916 -2.6420618e-21)
(-0.046525464 -0.063198241 -5.4822135e-21)
(-0.040562894 -0.062691186 7.2535482e-22)
(-0.034327278 -0.060800327 5.3731503e-20)
(-0.028062469 -0.057551228 -7.9134319e-20)
(-0.021998493 -0.053000934 -8.2808285e-20)
(-0.016350311 -0.047241677 -3.321855e-20)
(-0.011312877 -0.04039829 -7.5571479e-20)
(-0.0070561314 -0.032623003 1.6773169e-20)
(-0.0037193045 -0.024093088 2.4316572e-20)
(-0.0014162206 -0.015017862 -3.7697059e-20)
(-0.00020903781 -0.0055749789 -5.0271987e-21)
(2.8640462e-05 0.0014238361 -1.0334064e-21)
(9.6740999e-05 0.0021540691 -6.1763658e-23)
(0.0002064837 0.0028728582 -3.5574606e-21)
(0.00035574354 0.0035627904 1.1969167e-20)
(0.00054131963 0.0042060691 -8.478212e-21)
(0.00075795431 0.0047848509 -2.5999882e-20)
(0.00099834009 0.0052820384 4.9447755e-21)
(0.0012530854 0.005682179 1.9664924e-20)
(0.0015114426 0.0059721624 -1.8606417e-20)
(0.0017614344 0.0061422765 4.1875036e-20)
(0.0019904158 0.0061868313 7.6473426e-22)
(0.0021861005 0.006105512 -2.6196904e-20)
(0.0023371561 0.0059028803 -4.2853635e-20)
(0.0024349211 0.005590556 3.4900831e-20)
(0.0024730081 0.0051836028 -3.6830822e-20)
(0.0024498424 0.0047039515 -5.9383045e-20)
(0.0023683026 0.0041769375 3.8962738e-20)
(0.0022360989 0.003630038 -6.2553463e-20)
(0.0020663888 0.0030923405 -8.2747205e-20)
(0.0018751291 0.0025892728 5.3683743e-20)
(0.0016827818 0.0021449599 6.8417832e-20)
(0.0015119088 0.0017785506 6.1252445e-20)
(0.0013891961 0.0015069921 5.0295131e-20)
(0.0013439143 0.0013425424 1.1872056e-20)
(0.0014067234 0.0012918361 2.0191474e-20)
(0.0016012745 0.0013493004 -4.3182019e-21)
(0.0019283054 0.0014877121 3.9000611e-20)
(0.002363263 0.0016644061 -1.042826e-20)
(0.0028485099 0.0018237351 -8.1993123e-21)
(0.0033104485 0.0019159339 5.6566057e-20)
(0.0036972418 0.0019200214 -7.3949628e-20)
(0.003995972 0.0018443643 -2.2292103e-21)
(0.0042019645 0.0017028803 3.6846903e-20)
(0.004259901 0.0014919906 1.923692e-20)
(0.0040636541 0.0012042522 -6.128867e-20)
(0.0034599944 0.00084281806 3.8877638e-21)
(0.0022742579 0.00043893378 1.1471422e-20)
(0.0002913083 5.5580805e-05 2.1657948e-21)
(-0.0026706139 -0.00019413336 -3.1134902e-21)
(-0.0067674376 -0.00014929358 1.9439488e-21)
(-0.012364072 0.00041113204 -3.6286815e-21)
(-0.01936394 0.0017987766 2.9450162e-20)
(-0.027148247 0.0041757908 -4.0801117e-20)
(-0.03527747 0.0076193457 1.5648524e-20)
(-0.043175849 0.012084188 -1.4044018e-20)
(-0.050400725 0.017441329 8.9679951e-20)
(-0.056511685 0.023455717 1.4366456e-20)
(-0.061245914 0.029863439 -1.251946e-19)
(-0.064414967 0.036366369 1.0581048e-19)
(-0.065975721 0.042685135 1.9974181e-21)
(-0.065919756 0.048524872 -3.1356547e-20)
(-0.06440351 0.05368468 2.7911343e-20)
(-0.061492281 0.057885594 -4.2271542e-20)
(-0.057425913 0.060994625 3.0275757e-21)
(-0.052463907 0.062930042 -3.6933208e-21)
(-0.046752251 0.063502917 5.6692332e-21)
(-0.04058919 0.062728318 -7.4466276e-22)
(-0.034199173 0.060569606 -5.4936593e-20)
(-0.027826073 0.057062115 8.0642829e-20)
(-0.021697187 0.052269891 8.414005e-20)
(-0.016023344 0.046290523 3.3661167e-20)
(-0.010995249 0.03925525 7.6381732e-20)
(-0.0067771917 0.031319904 -1.6911288e-20)
(-0.0035026384 0.022667114 4.8507779e-20)
(-0.0012787087 0.013502634 3.7827694e-20)
(-0.00016352013 0.004031067 5.0359335e-21)
)
;
    }
    frontAndBack
    {
        type            empty;
    }
}


// ************************************************************************* //
