/*--------------------------------*- C++ -*----------------------------------*\
  =========                 |
  \\      /  F ield         | OpenFOAM: The Open Source CFD Toolbox
   \\    /   O peration     | Website:  https://openfoam.org
    \\  /    A nd           | Version:  13
     \\/     M anipulation  |
\*---------------------------------------------------------------------------*/
FoamFile
{
    format      ascii;
    class       volVectorField;
    location    "18.800704";
    object      wallShearStress;
}
// * * * * * * * * * * * * * * * * * * * * * * * * * * * * * * * * * * * * * //

dimensions      [0 2 -2 0 0 0 0];

internalField   uniform (0 0 0);

boundaryField
{
    inlet
    {
        type            calculated;
        value           uniform (0 0 0);
    }
    outlet
    {
        type            calculated;
        value           uniform (0 0 0);
    }
    cylinder
    {
        type            calculated;
        value           nonuniform List<vector> 
132
(
(5.1606991e-05 -0.0024253218 -2.024371e-22)
(0.00017963498 -0.0039515029 5.7923469e-23)
(0.00039377447 -0.0054561295 3.2203188e-21)
(0.00069069573 -0.0069045833 -1.0894468e-20)
(0.0010633867 -0.0082550655 7.7643056e-21)
(0.0014990492 -0.0094595532 2.3981365e-20)
(0.0019784882 -0.010467452 -4.596718e-21)
(0.0024759304 -0.011230616 -1.8428831e-20)
(0.0029614797 -0.011707959 1.7573941e-20)
(0.0034015686 -0.011870381 -3.9833369e-20)
(0.0037619389 -0.011704293 -7.3176009e-22)
(0.0040105123 -0.011213705 2.5179049e-20)
(0.0041214447 -0.010423617 4.1295825e-20)
(0.0040781031 -0.0093784254 -3.3655039e-20)
(0.0038765138 -0.0081410029 3.5471468e-20)
(0.0035269616 -0.0067876034 5.702121e-20)
(0.0030548479 -0.0054022117 -3.7246634e-20)
(0.0024982997 -0.004068683 5.9471916e-20)
(0.001902125 -0.0028579786 7.8197303e-20)
(0.0013151991 -0.0018259718 -5.0420997e-20)
(0.00077647332 -0.00099821605 -6.3885254e-20)
(0.00031738738 -0.00038142429 2.2330863e-23)
(-4.3129517e-05 4.0989499e-05 9.1688753e-21)
(-0.00028750187 0.00028445994 -1.0925664e-20)
(-0.0003756541 0.0003455716 -1.8504525e-20)
(-0.00027527494 0.00023562805 3.9409027e-21)
(0.00013686567 -9.8840709e-05 -3.5444731e-20)
(0.00081859364 -0.00056942085 9.4470482e-21)
(0.0016621968 -0.001058119 7.4121105e-21)
(0.0024596991 -0.0014196801 -5.1089293e-20)
(0.0030397814 -0.0015768573 6.6741214e-20)
(0.0033877138 -0.0015630705 2.0207206e-21)
(0.0036038072 -0.0014598134 1.4552157e-20)
(0.0037878572 -0.0013249825 -1.7209036e-20)
(0.0039148551 -0.0011570623 5.455188e-20)
(0.0038469049 -0.00093175726 -3.4419041e-21)
(0.003412162 -0.00064719987 1.385373e-20)
(0.0024116849 -0.00033429872 -1.8990087e-21)
(0.00063410144 -6.6208821e-05 2.7227274e-21)
(-0.0021624036 3.609468e-05 -1.6994136e-21)
(-0.0063434393 -0.0002155728 3.1822664e-21)
(-0.011982626 -0.0011212028 -9.870249e-23)
(-0.018693808 -0.00288355 3.646323e-20)
(-0.026065335 -0.0056377464 -1.4171068e-20)
(-0.033532798 -0.0093927591 1.2901799e-20)
(-0.040645022 -0.014072008 -8.3613205e-20)
(-0.04688082 -0.019465883 -1.3586737e-20)
(-0.051920345 -0.025323649 1.2007653e-19)
(-0.055546073 -0.031365937 -1.0287776e-19)
(-0.057657 -0.03730905 -1.9695581e-21)
(-0.058246325 -0.0428817 3.1405048e-20)
(-0.057412246 -0.047861898 -2.8488252e-20)
(-0.055256418 -0.052020196 -5.516891e-21)
(-0.051954796 -0.055187647 -3.3832102e-21)
(-0.047743173 -0.05727172 -4.2924295e-21)
(-0.042804732 -0.058145305 -4.0759263e-21)
(-0.037376385 -0.057767476 6.5378255e-22)
(-0.03168411 -0.056120023 5.066719e-20)
(-0.02595122 -0.05322291 -7.6147481e-20)
(-0.020390975 -0.049129851 -8.0618636e-20)
(-0.015202019 -0.043926517 -3.2590892e-20)
(-0.010563709 -0.037727045 -7.4559461e-20)
(-0.0066327295 -0.030672317 1.6620634e-20)
(-0.0035371548 -0.022923758 2.4182688e-20)
(-0.0013810129 -0.014677607 -3.7607359e-20)
(-0.000220306 -0.0060838476 -5.029912e-21)
(6.5384394e-06 -0.00089231066 -9.2797474e-22)
(4.5150171e-05 0.00064857468 -5.5179701e-23)
(0.00016812029 0.002185144 -3.1663531e-21)
(0.00037680033 0.003687066 1.0632286e-20)
(0.00066547524 0.0051166768 -7.5289389e-21)
(0.0010241019 0.0064295738 -2.3117707e-20)
(0.0014363126 0.007576055 4.4079777e-21)
(0.0018791811 0.0085059066 1.7592484e-20)
(0.0023237074 0.0091738499 -1.6714404e-20)
(0.0027376577 0.0095446138 3.7775533e-20)
(0.0030868364 0.0095978025 6.9247683e-22)
(0.0033386238 0.009331149 -2.3793337e-20)
(0.0034655194 0.0087624782 -3.8991824e-20)
(0.0034495558 0.0079319866 3.176842e-20)
(0.0032850873 0.0068989148 -3.3488261e-20)
(0.0029813804 0.0057382495 -5.3859497e-20)
(0.0025623448 0.0045324013 3.520771e-20)
(0.0020644735 0.0033635257 -5.6268695e-20)
(0.0015320139 0.0023034117 -7.4061681e-20)
(0.0010081338 0.0014013745 4.7807022e-20)
(0.00053282214 0.00068703897 6.0635194e-20)
(0.00012852241 0.00015853887 5.4052362e-20)
(-0.00018138886 -0.00019175764 4.4206129e-20)
(-0.00037555627 -0.00037340246 1.0396284e-20)
(-0.00038418866 -0.00035451185 1.7618143e-20)
(-0.00022088689 -0.00019116385 -3.7549763e-21)
(0.00026808969 0.00019946285 3.3794572e-20)
(0.001016203 0.00070860182 -9.0179048e-21)
(0.0018466679 0.0011770471 -7.0829889e-21)
(0.0025697061 0.0014844372 4.8867481e-20)
(0.003045876 0.0015808771 -6.3862682e-20)
(0.0033234664 0.001533816 -1.9227189e-21)
(0.0035127996 0.0014230451 3.1696386e-20)
(0.0036853098 0.0012892648 1.649051e-20)
(0.0037719725 0.0011152601 -5.2341434e-20)
(0.0036236894 0.0008785153 3.3080157e-21)
(0.0030652043 0.0005828806 9.7293223e-21)
(0.0018957382 0.00026598279 1.8327367e-21)
(-9.1705468e-05 8.9921089e-06 -2.6333525e-21)
(-0.0031335786 -5.9907134e-05 1.6466977e-21)
(-0.0075763273 0.00025721288 -3.0873297e-21)
(-0.013448033 0.0012554821 2.5247437e-20)
(-0.020299753 0.0031285982 -3.5303873e-20)
(-0.027706254 0.0059901054 1.3675772e-20)
(-0.035109352 0.0098318166 -1.2390937e-20)
(-0.042034953 0.014551155 7.9779884e-20)
(-0.048011382 0.019932902 1.2863317e-20)
(-0.052749276 0.025725125 -1.1255629e-19)
(-0.056044272 0.031644519 9.5251546e-20)
(-0.057835302 0.037421716 1.7938969e-21)
(-0.058111219 0.042779543 -2.7947178e-20)
(-0.05701105 0.047524755 2.446294e-20)
(-0.054606105 0.051405019 -3.5680898e-20)
(-0.051106349 0.054283531 2.2874649e-21)
(-0.046756165 0.05608446 -1.9124318e-22)
(-0.041704875 0.056647562 7.7082083e-21)
(-0.036219611 0.055975368 -8.4397459e-22)
(-0.030512058 0.054038936 -5.906986e-20)
(-0.024806519 0.050868936 8.4612461e-20)
(-0.019312932 0.046524228 8.7048639e-20)
(-0.014225793 0.04109452 3.4508858e-20)
(-0.0097206122 0.034699697 7.7803833e-20)
(-0.0059486781 0.02748266 -1.7142865e-20)
(-0.0030328883 0.01961049 4.8981021e-20)
(-0.0010712253 0.011269193 3.8070272e-20)
(-0.0001192921 0.0026582325 5.0532156e-21)
)
;
    }
    frontAndBack
    {
        type            empty;
    }
}


// ************************************************************************* //
