/*--------------------------------*- C++ -*----------------------------------*\
  =========                 |
  \\      /  F ield         | OpenFOAM: The Open Source CFD Toolbox
   \\    /   O peration     | Website:  https://openfoam.org
    \\  /    A nd           | Version:  13
     \\/     M anipulation  |
\*---------------------------------------------------------------------------*/
FoamFile
{
    format      ascii;
    class       volScalarField;
    location    "0.0015";
    object      rho;
}
// * * * * * * * * * * * * * * * * * * * * * * * * * * * * * * * * * * * * * //

dimensions      [1 -3 0 0 0 0 0];

internalField   nonuniform List<scalar> 
1000
(
0.997575
0.997575
0.997575
0.997575
0.997575
0.997575
0.997575
0.997575
0.997575
0.997575
0.997575
0.997575
0.997575
0.997575
0.997575
0.997575
0.997575
0.997575
0.997575
0.997575
0.997575
0.997575
0.997575
0.997575
0.997575
0.997575
0.997575
0.997575
0.997575
0.997575
0.997575
0.997575
0.997575
0.997575
0.997575
0.997575
0.997575
0.997575
0.997575
0.997575
0.997575
0.997575
0.997575
0.997575
0.997575
0.997575
0.997575
0.997575
0.997575
0.997575
0.997575
0.997575
0.997575
0.997575
0.997575
0.997575
0.997575
0.997575
0.997575
0.997575
0.997575
0.997575
0.997575
0.997575
0.997575
0.997575
0.997575
0.997575
0.997575
0.997575
0.997575
0.997575
0.997575
0.997575
0.997575
0.997575
0.997575
0.997575
0.997575
0.997575
0.997575
0.997575
0.997575
0.997575
0.997575
0.997575
0.997575
0.997575
0.997575
0.997575
0.997575
0.997575
0.997575
0.997575
0.997575
0.997575
0.997575
0.997575
0.997575
0.997575
0.997575
0.997575
0.997575
0.997575
0.997575
0.997575
0.997575
0.997575
0.997575
0.997575
0.997575
0.997575
0.997575
0.997575
0.997575
0.997575
0.997575
0.997575
0.997575
0.997575
0.997575
0.997575
0.997575
0.997575
0.997575
0.997575
0.997575
0.997575
0.997575
0.997575
0.997575
0.997575
0.997575
0.997575
0.997575
0.997575
0.997575
0.997575
0.997575
0.997575
0.997575
0.997575
0.997575
0.997575
0.997575
0.997575
0.997575
0.997575
0.997575
0.997575
0.997575
0.997575
0.997575
0.997575
0.997575
0.997575
0.997575
0.997575
0.997575
0.997575
0.997575
0.997575
0.997575
0.997575
0.997575
0.997575
0.997575
0.997575
0.997575
0.997575
0.997575
0.997575
0.997575
0.997575
0.997575
0.997575
0.997575
0.997575
0.997575
0.997575
0.997575
0.997575
0.997575
0.997575
0.997575
0.997575
0.997575
0.997575
0.997575
0.997575
0.997575
0.997575
0.997575
0.997575
0.997575
0.997575
0.997575
0.997575
0.997575
0.997575
0.997575
0.997575
0.997575
0.997575
0.997575
0.997575
0.997575
0.997575
0.997575
0.997575
0.997575
0.997575
0.997575
0.997575
0.997575
0.997575
0.997575
0.997575
0.997575
0.997575
0.997575
0.997575
0.997575
0.997575
0.997575
0.997575
0.997575
0.997575
0.997575
0.997575
0.997575
0.997575
0.997575
0.997575
0.997575
0.997575
0.997575
0.997575
0.997575
0.997575
0.997575
0.997575
0.997575
0.997575
0.997575
0.997575
0.997575
0.997575
0.997575
0.997575
0.997575
0.997575
0.997575
0.997575
0.997575
0.997575
0.997575
0.997575
0.997575
0.997575
0.997575
0.997575
0.997575
0.997575
0.997575
0.997575
0.997575
0.997575
0.997575
0.997575
0.997575
0.997575
0.997575
0.997575
0.997575
0.997575
0.997575
0.997575
0.997575
0.997575
0.997575
0.997575
0.997575
0.997575
0.997575
0.997575
0.997575
0.997575
0.997575
0.997575
0.997575
0.997575
0.997575
0.997575
0.997575
0.997575
0.997575
0.997575
0.997575
0.997575
0.997575
0.997575
0.997575
0.997575
0.997575
0.997575
0.997575
0.997575
0.997575
0.997575
0.997575
0.997575
0.997575
0.997575
0.997575
0.997575
0.997575
0.997575
0.997575
0.997575
0.997575
0.997575
0.997575
0.997575
0.997575
0.997575
0.997575
0.997575
0.997575
0.997575
0.997575
0.997575
0.997575
0.997575
0.997575
0.997575
0.997575
0.997575
0.997575
0.997575
0.997575
0.997575
0.997575
0.997575
0.997575
0.997575
0.997575
0.997575
0.997575
0.997575
0.997575
0.997575
0.997575
0.997575
0.997575
0.997575
0.997575
0.997575
0.997575
0.997575
0.997575
0.997575
0.997575
0.997575
0.997575
0.997575
0.997575
0.997575
0.997575
0.997575
0.997575
0.997575
0.997575
0.997575
0.997575
0.997575
0.997575
0.997575
0.997575
0.997575
0.997575
0.997575
0.997575
0.997575
0.997575
0.997575
0.997575
0.997575
0.997575
0.997575
0.997575
0.997575
0.997575
0.997575
0.997575
0.997575
0.997575
0.997575
0.997575
0.997575
0.997575
0.997575
0.997575
0.997575
0.997575
0.997575
0.997575
0.997575
0.997575
0.997575
0.997575
0.997575
0.997575
0.997575
0.997575
0.997575
0.997575
0.997575
0.997575
0.997575
0.997575
0.997574
0.997574
0.997574
0.997574
0.997573
0.997571
0.997566
0.997557
0.997538
0.997501
0.997431
0.997302
0.997072
0.996677
0.996023
0.994981
0.99339
0.991064
0.987819
0.983497
0.978008
0.971352
0.96363
0.955016
0.945698
0.935843
0.925582
0.915019
0.904232
0.893279
0.882206
0.871049
0.859834
0.848584
0.837316
0.826046
0.814786
0.803548
0.792341
0.781174
0.770055
0.758992
0.747991
0.737058
0.7262
0.715421
0.704727
0.694122
0.68361
0.673194
0.662879
0.652668
0.642562
0.632565
0.622679
0.612906
0.603247
0.593705
0.584282
0.574978
0.565796
0.556736
0.547802
0.538994
0.530315
0.521768
0.513355
0.505079
0.496946
0.48896
0.481127
0.473455
0.465955
0.458638
0.45152
0.44462
0.437964
0.431582
0.425516
0.419816
0.414549
0.409797
0.405665
0.402283
0.399805
0.398413
0.398302
0.399658
0.402616
0.407192
0.413201
0.420194
0.427442
0.434008
0.43888
0.441267
0.440881
0.438032
0.433497
0.428266
0.4233
0.419425
0.417225
0.416945
0.418454
0.421261
0.424612
0.427652
0.429605
0.430035
0.428998
0.426996
0.424753
0.42296
0.422003
0.421704
0.421177
0.41891
0.413138
0.402583
0.387144
0.368002
0.347111
0.326473
0.307697
0.291904
0.279755
0.271454
0.266713
0.264811
0.264779
0.265661
0.266736
0.267608
0.268153
0.268409
0.26847
0.26843
0.268361
0.268302
0.268271
0.268266
0.268271
0.268276
0.268286
0.268296
0.268279
0.268266
0.268318
0.268314
0.268157
0.268247
0.268555
0.267947
0.267303
0.269224
0.269243
0.262838
0.266095
0.28134
0.251367
0.180712
0.13907
0.127319
0.125119
0.124766
0.124708
0.124699
0.124697
0.124697
0.124697
0.124697
0.124697
0.124697
0.124697
0.124697
0.124697
0.124697
0.124697
0.124697
0.124697
0.124697
0.124697
0.124697
0.124697
0.124697
0.124697
0.124697
0.124697
0.124697
0.124697
0.124697
0.124697
0.124697
0.124697
0.124697
0.124697
0.124697
0.124697
0.124697
0.124697
0.124697
0.124697
0.124697
0.124697
0.124697
0.124697
0.124697
0.124697
0.124697
0.124697
0.124697
0.124697
0.124697
0.124697
0.124697
0.124697
0.124697
0.124697
0.124697
0.124697
0.124697
0.124697
0.124697
0.124697
0.124697
0.124697
0.124697
0.124697
0.124697
0.124697
0.124697
0.124697
0.124697
0.124697
0.124697
0.124697
0.124697
0.124697
0.124697
0.124697
0.124697
0.124697
0.124697
0.124697
0.124697
0.124697
0.124697
0.124697
0.124697
0.124697
0.124697
0.124697
0.124697
0.124697
0.124697
0.124697
0.124697
0.124697
0.124697
0.124697
0.124697
0.124697
0.124697
0.124697
0.124697
0.124697
0.124697
0.124697
0.124697
0.124697
0.124697
0.124697
0.124697
0.124697
0.124697
0.124697
0.124697
0.124697
0.124697
0.124697
0.124697
0.124697
0.124697
0.124697
0.124697
0.124697
0.124697
0.124697
0.124697
0.124697
0.124697
0.124697
0.124697
0.124697
0.124697
0.124697
0.124697
0.124697
0.124697
0.124697
0.124697
0.124697
0.124697
0.124697
0.124697
0.124697
0.124697
0.124697
0.124697
0.124697
0.124697
0.124697
0.124697
0.124697
0.124697
0.124697
0.124697
0.124697
0.124697
0.124697
0.124697
0.124697
0.124697
0.124697
0.124697
0.124697
0.124697
0.124697
0.124697
0.124697
0.124697
0.124697
0.124697
0.124697
0.124697
0.124697
0.124697
0.124697
0.124697
0.124697
0.124697
0.124697
0.124697
0.124697
0.124697
0.124697
0.124697
0.124697
0.124697
0.124697
0.124697
0.124697
0.124697
0.124697
0.124697
0.124697
0.124697
0.124697
0.124697
0.124697
0.124697
0.124697
0.124697
0.124697
0.124697
0.124697
0.124697
0.124697
0.124697
0.124697
0.124697
0.124697
0.124697
0.124697
0.124697
0.124697
0.124697
0.124697
0.124697
0.124697
0.124697
0.124697
0.124697
0.124697
0.124697
0.124697
0.124697
0.124697
0.124697
0.124697
0.124697
0.124697
0.124697
0.124697
0.124697
0.124697
0.124697
0.124697
0.124697
0.124697
0.124697
0.124697
0.124697
0.124697
0.124697
0.124697
0.124697
0.124697
0.124697
0.124697
0.124697
0.124697
0.124697
0.124697
0.124697
0.124697
0.124697
0.124697
0.124697
0.124697
0.124697
0.124697
0.124697
0.124697
0.124697
0.124697
0.124697
0.124697
0.124697
0.124697
0.124697
0.124697
0.124697
0.124697
0.124697
0.124697
0.124697
0.124697
0.124697
0.124697
0.124697
0.124697
0.124697
0.124697
0.124697
0.124697
0.124697
0.124697
0.124697
0.124697
0.124697
0.124697
0.124697
0.124697
0.124697
0.124697
0.124697
0.124697
0.124697
0.124697
0.124697
0.124697
0.124697
0.124697
0.124697
0.124697
0.124697
0.124697
0.124697
0.124697
0.124697
0.124697
0.124697
0.124697
0.124697
0.124697
0.124697
0.124697
0.124697
0.124697
0.124697
0.124697
0.124697
0.124697
0.124697
0.124697
0.124697
0.124697
0.124697
0.124697
0.124697
0.124697
0.124697
0.124697
0.124697
0.124697
0.124697
0.124697
0.124697
0.124697
0.124697
0.124697
0.124697
0.124697
0.124697
0.124697
0.124697
0.124697
0.124697
0.124697
0.124697
0.124697
0.124697
0.124697
0.124697
0.124697
0.124697
0.124697
0.124697
0.124697
0.124697
0.124697
0.124697
0.124697
0.124697
0.124697
0.124697
0.124697
0.124697
0.124697
0.124697
0.124697
0.124697
0.124697
0.124697
0.124697
0.124697
0.124697
0.124697
0.124697
0.124697
0.124697
0.124697
0.124697
0.124697
0.124697
0.124697
0.124697
0.124697
0.124697
0.124697
0.124697
0.124697
0.124697
0.124697
0.124697
0.124697
0.124697
0.124697
0.124697
0.124697
0.124697
0.124697
0.124697
0.124697
0.124697
0.124697
0.124697
0.124697
0.124697
0.124697
0.124697
0.124697
0.124697
0.124697
0.124697
0.124697
0.124697
)
;

boundaryField
{
    sides
    {
        type            calculated;
        value           nonuniform List<scalar> 2(0.124697 0.997575);
    }
    empty
    {
        type            empty;
    }
}


// ************************************************************************* //
