/*--------------------------------*- C++ -*----------------------------------*\
  =========                 |
  \\      /  F ield         | OpenFOAM: The Open Source CFD Toolbox
   \\    /   O peration     | Website:  https://openfoam.org
    \\  /    A nd           | Version:  13
     \\/     M anipulation  |
\*---------------------------------------------------------------------------*/
FoamFile
{
    format      ascii;
    class       volVectorField;
    location    "49.997736";
    object      wallShearStress;
}
// * * * * * * * * * * * * * * * * * * * * * * * * * * * * * * * * * * * * * //

dimensions      [0 2 -2 0 0 0 0];

internalField   uniform (0 0 0);

boundaryField
{
    inlet
    {
        type            calculated;
        value           uniform (0 0 0);
    }
    outlet
    {
        type            calculated;
        value           uniform (0 0 0);
    }
    cylinder
    {
        type            calculated;
        value           nonuniform List<vector> 
132
(
(3.8804095e-05 -0.0025756258 -3.1772905e-22)
(0.00012045053 -0.0028584879 9.0182052e-23)
(0.0002178905 -0.0031146679 4.9605733e-21)
(0.00032856545 -0.0033385487 -1.6575665e-20)
(0.00044973108 -0.0035253605 1.1647437e-20)
(0.00057812437 -0.0036709369 3.5419616e-20)
(0.0007100769 -0.003772191 -6.6777683e-21)
(0.00084162141 -0.0038270855 -2.6321346e-20)
(0.00096867201 -0.0038350196 2.4682066e-20)
(0.0010873065 -0.0037966453 -5.5057801e-20)
(0.0011938918 -0.0037142411 -9.9693756e-22)
(0.0012853338 -0.0035915487 3.386634e-20)
(0.001359396 -0.0034339361 5.4971754e-20)
(0.0014147975 -0.0032479033 -4.4452683e-20)
(0.0014515252 -0.0030411744 4.6611495e-20)
(0.0014710206 -0.0028224469 7.4732508e-20)
(0.001476167 -0.0026007589 -4.8798206e-20)
(0.0014715369 -0.0023855612 7.8031144e-20)
(0.0014633613 -0.0021861328 1.0288653e-19)
(0.0014597638 -0.0020115623 -6.6580592e-20)
(0.0014709048 -0.0018705086 -8.4693197e-20)
(0.0015091159 -0.0017709274 2.9795394e-23)
(0.0015888769 -0.0017197095 1.225249e-20)
(0.0017259724 -0.0017213726 -1.4659096e-20)
(0.0019350218 -0.0017757937 -2.4930936e-20)
(0.0022260477 -0.0018761602 5.3326907e-21)
(0.0025979301 -0.0020057368 -4.8171881e-20)
(0.0030347259 -0.0021389712 1.2880654e-20)
(0.0035031379 -0.0022442077 1.0124282e-20)
(0.0039596314 -0.0022924211 -6.9799169e-20)
(0.0043721093 -0.0022707732 9.1171098e-20)
(0.0047101228 -0.0021741368 2.762337e-21)
(0.0049302044 -0.0019982699 1.9938465e-20)
(0.0049537575 -0.0017354341 -2.3665071e-20)
(0.0046572751 -0.0013807895 7.5343271e-20)
(0.0038664014 -0.00094274877 -4.7756682e-21)
(0.0023885467 -0.00046284016 1.9306036e-20)
(-1.2434829e-05 -1.8194231e-05 -2.6556709e-21)
(-0.0035280428 0.0002612892 3.8130713e-21)
(-0.0082883834 0.00018622701 -2.3775097e-21)
(-0.014679959 -0.00048603411 4.4300683e-21)
(-0.022534303 -0.0020912353 -1.3605332e-22)
(-0.031106803 -0.0047824145 4.9605396e-20)
(-0.03992863 -0.0086215881 -1.8996204e-20)
(-0.048397122 -0.013543223 1.7036957e-20)
(-0.056026484 -0.019385804 -1.0885382e-19)
(-0.062393305 -0.025894365 -1.7485134e-20)
(-0.067251274 -0.032789253 1.5316912e-19)
(-0.070421715 -0.039755472 -1.3064126e-19)
(-0.07188462 -0.046506351 -2.502094e-21)
(-0.071651557 -0.052742835 4.0212641e-20)
(-0.069879725 -0.05824855 -3.7197154e-20)
(-0.06666968 -0.062759066 -7.5157513e-21)
(-0.062258248 -0.066127364 -5.1143734e-21)
(-0.056902107 -0.06825441 -9.9012795e-21)
(-0.050782027 -0.068978065 1.436457e-22)
(-0.044185152 -0.068288089 4.6440748e-22)
(-0.037351003 -0.066155319 4.3519012e-20)
(-0.030529194 -0.062610382 -7.0027067e-20)
(-0.023954881 -0.057716017 -7.6702434e-20)
(-0.017847151 -0.051569872 -3.1617767e-20)
(-0.012404225 -0.044301605 -7.3205482e-20)
(-0.007799309 -0.036070297 1.6442483e-20)
(-0.004173533 -0.027056585 2.4035446e-20)
(-0.0016434105 -0.017484937 -3.7473963e-20)
(-0.00026876768 -0.0075092319 -5.016334e-21)
(-2.679853e-05 -0.0022691228 -1.4656071e-21)
(-7.5313046e-05 -0.00193838 -8.7505728e-23)
(-0.00010505115 -0.0015848876 -5.0334583e-21)
(-0.00011407758 -0.0012136829 1.6905958e-20)
(-0.00010090432 -0.00082993517 -1.1950974e-20)
(-6.498274e-05 -0.00044212874 -3.6568569e-20)
(-6.0845315e-06 -5.6889616e-05 6.9387004e-21)
(7.4220486e-05 0.00031787865 2.7531762e-20)
(0.00017430926 0.00067396635 -2.5994495e-20)
(0.00029125387 0.0010034589 5.8394597e-20)
(0.0004212286 0.0012990342 1.0648601e-21)
(0.00055976633 0.0015544417 -3.6442879e-20)
(0.00070193068 0.0017649028 -5.9588639e-20)
(0.00084266395 0.001927502 4.8537954e-20)
(0.00097718571 0.0020414846 -5.1259687e-20)
(0.0011014585 0.0021084742 -8.2753629e-20)
(0.0012126509 0.0021325014 5.4391967e-20)
(0.0013097163 0.0021200702 -8.7511426e-20)
(0.0013937104 0.0020796857 -1.1604e-19)
(0.0014683691 0.0020217145 7.5473528e-20)
(0.0015403151 0.0019577208 9.6434857e-20)
(0.0016188587 0.0018992921 8.6549748e-20)
(0.001715735 0.001857188 7.1234843e-20)
(0.0018437326 0.0018394911 1.6851089e-20)
(0.0020149498 0.0018501834 2.8714358e-20)
(0.0022373568 0.0018869153 -6.1503579e-21)
(0.0025138964 0.0019420701 5.5604249e-20)
(0.0028364906 0.0020002874 -1.4873632e-20)
(0.0031877423 0.0020428896 -1.1690763e-20)
(0.0035447504 0.002052667 8.057802e-20)
(0.0038754573 0.0020131509 -1.0521301e-19)
(0.0041346033 0.0019089343 -3.1677459e-21)
(0.0042552972 0.0017255668 5.2291491e-20)
(0.0041332068 0.0014494943 2.7255278e-20)
(0.0036332657 0.0010798091 -8.6641043e-20)
(0.0025764212 0.00063299001 5.4789283e-21)
(0.00077442842 0.00016134956 1.6097401e-20)
(-0.0019944169 -0.00024646259 3.0218645e-21)
(-0.0059232922 -0.0004532109 -4.3112548e-21)
(-0.011041161 -0.0002612732 2.6667583e-21)
(-0.017747209 0.00058042361 -4.9198935e-21)
(-0.025785432 0.0023874502 3.9375976e-20)
(-0.034366019 0.0052784303 -5.3764902e-20)
(-0.043041191 0.0092888718 2.0327298e-20)
(-0.051174294 0.01431665 -1.8000327e-20)
(-0.058367359 0.020192408 1.136145e-19)
(-0.064229307 0.026651592 1.8028877e-20)
(-0.068546247 0.033416143 -1.5608092e-19)
(-0.071180918 0.040179784 1.3150299e-19)
(-0.07214006 0.046667475 2.4861684e-21)
(-0.071431098 0.052576507 -3.9348172e-20)
(-0.069272898 0.057738774 3.5724889e-20)
(-0.065696412 0.061838413 -5.6458335e-20)
(-0.06099256 0.06477884 4.5254418e-21)
(-0.055454228 0.066512986 -1.02312e-20)
(-0.049177457 0.066793185 2.2195418e-21)
(-0.042506989 0.065688405 -5.9563985e-22)
(-0.035658169 0.063149713 -4.9594654e-20)
(-0.02888202 0.059223302 7.6375014e-20)
(-0.022408461 0.053978517 8.1665757e-20)
(-0.016450334 0.047517943 3.3132311e-20)
(-0.011200381 0.039979095 7.581317e-20)
(-0.0068240429 0.031522915 -1.6868012e-20)
(-0.0034555233 0.022338124 4.850777e-20)
(-0.0012024338 0.01263239 3.7857326e-20)
(-0.00012514933 0.0026376817 5.0363129e-21)
)
;
    }
    frontAndBack
    {
        type            empty;
    }
}


// ************************************************************************* //
