/*--------------------------------*- C++ -*----------------------------------*\
  =========                 |
  \\      /  F ield         | OpenFOAM: The Open Source CFD Toolbox
   \\    /   O peration     | Website:  https://openfoam.org
    \\  /    A nd           | Version:  13
     \\/     M anipulation  |
\*---------------------------------------------------------------------------*/
FoamFile
{
    format      ascii;
    class       volVectorField;
    location    "2.702327";
    object      wallShearStress;
}
// * * * * * * * * * * * * * * * * * * * * * * * * * * * * * * * * * * * * * //

dimensions      [0 2 -2 0 0 0 0];

internalField   uniform (0 0 0);

boundaryField
{
    inlet
    {
        type            calculated;
        value           uniform (0 0 0);
    }
    outlet
    {
        type            calculated;
        value           uniform (0 0 0);
    }
    cylinder
    {
        type            calculated;
        value           nonuniform List<vector> 
132
(
(0.00011062416 -0.0017328099 -2.6496013e-22)
(0.00046524335 -0.0092517843 7.6154048e-23)
(0.0012259447 -0.016572499 4.3215087e-21)
(0.002361726 -0.023409469 -1.5077369e-20)
(0.0038095801 -0.029479236 1.1177497e-20)
(0.005474953 -0.034513954 3.6091931e-20)
(0.0072334677 -0.038282218 -7.2430443e-21)
(0.0089436582 -0.040606192 -3.03443e-20)
(0.010453898 -0.041383272 3.01043e-20)
(0.011616539 -0.040602047 -7.0538899e-20)
(0.012306363 -0.038356271 -1.329497e-21)
(0.012438035 -0.034845883 4.6582531e-20)
(0.011983363 -0.030372033 7.7197592e-20)
(0.010978537 -0.025305853 -6.3143562e-20)
(0.0095263025 -0.020055327 6.6428586e-20)
(0.007779941 -0.015010218 1.0617793e-19)
(0.005913657 -0.010486792 -6.8814202e-20)
(0.0041016674 -0.0067020989 1.0895478e-19)
(0.002479199 -0.0037428537 1.4214573e-19)
(0.0011303598 -0.0015858429 -9.1057695e-20)
(8.5496063e-05 -0.00012984693 -1.1478211e-19)
(-0.00064012853 0.00074008037 4.0068826e-23)
(-0.0010155788 0.0010978835 1.6344873e-20)
(-0.00089294487 0.00090022851 -1.9403885e-20)
(-4.3533233e-05 5.8556705e-05 -3.2769814e-20)
(0.0015020259 -0.0012446216 6.9782124e-21)
(0.0033867161 -0.0025982417 -6.3009153e-20)
(0.0050479695 -0.003550795 1.6899187e-20)
(0.0060487689 -0.0038759793 1.3348057e-20)
(0.0064707046 -0.0037506334 -9.2394089e-20)
(0.0066114513 -0.0034387028 1.2110534e-19)
(0.0065893406 -0.0030459982 3.6817185e-21)
(0.0063761204 -0.0025890648 2.6693357e-20)
(0.0057353504 -0.0020154056 -3.1862973e-20)
(0.0044554653 -0.0013297943 1.0213711e-19)
(0.0022797651 -0.00057030822 -6.5230683e-21)
(-0.00099214959 0.00015970605 2.6570331e-20)
(-0.0055645644 0.00071829491 -3.6795803e-21)
(-0.011481456 0.00089265981 5.3082724e-21)
(-0.018734071 0.00046019215 -3.3156144e-21)
(-0.027657919 -0.00089250226 6.1653716e-21)
(-0.037666802 -0.0034764716 -1.880439e-22)
(-0.047735634 -0.0073206205 6.7892291e-20)
(-0.057410277 -0.012379099 -2.5684117e-20)
(-0.066048439 -0.018467563 2.2732888e-20)
(-0.073327533 -0.025356967 -1.4340601e-19)
(-0.078936974 -0.032743714 -2.2760631e-20)
(-0.082746686 -0.040329132 1.9740425e-19)
(-0.084693247 -0.047798578 -1.6706161e-19)
(-0.084835265 -0.054872632 -3.1846231e-21)
(-0.083237713 -0.061260495 5.1146706e-20)
(-0.08012596 -0.066779714 -4.757948e-20)
(-0.075602217 -0.071158925 -9.7673682e-21)
(-0.069924024 -0.074261796 -6.9185226e-21)
(-0.063389816 -0.076029512 -1.5145975e-20)
(-0.056164795 -0.076283288 3.4944546e-21)
(-0.048558375 -0.075041168 3.4957432e-22)
(-0.040809827 -0.07227616 4.1039708e-20)
(-0.033174642 -0.068030597 -7.0150149e-20)
(-0.025891236 -0.062376157 -7.8902715e-20)
(-0.019181401 -0.055419485 -3.2982808e-20)
(-0.01324578 -0.04730018 -7.6980472e-20)
(-0.0082588051 -0.038185297 1.7372465e-20)
(-0.004362769 -0.028266539 2.546367e-20)
(-0.0016742672 -0.017771972 -3.9754484e-20)
(-0.00025426417 -0.0068831285 -5.3232613e-21)
(0.00016499171 0.0057828565 -1.2243462e-21)
(0.00062397221 0.013169311 -7.4400451e-23)
(0.0014744917 0.0202216 -4.4138876e-21)
(0.0026744702 0.026659635 1.5476798e-20)
(0.0041508047 0.032212756 -1.1513956e-20)
(0.0058006075 0.036632717 -3.7228164e-20)
(0.007494506 0.03971605 7.4663742e-21)
(0.0090918293 0.04131965 3.1209136e-20)
(0.010445155 0.041381423 -3.0855034e-20)
(0.011417745 0.039934105 7.1991825e-20)
(0.011901246 0.037115866 1.3507335e-21)
(0.011831487 0.033165019 -4.7103805e-20)
(0.011204266 0.028412527 -7.7725161e-20)
(0.010076622 0.023239066 6.3338886e-20)
(0.0085681365 0.018046509 -6.6438236e-20)
(0.00683522 0.013194334 -1.0597961e-19)
(0.0050449406 0.0089518623 6.8608147e-20)
(0.0033588002 0.0054931542 -1.0858827e-19)
(0.0018826407 0.0028480913 -1.4169803e-19)
(0.00068304024 0.00096944639 9.0816938e-20)
(-0.00021975619 -0.00026182938 1.1453756e-19)
(-0.0008198985 -0.00095464056 1.0160036e-19)
(-0.00097703417 -0.0010598423 8.2741988e-20)
(-0.00069005331 -0.00069890257 1.938676e-20)
(0.00040201323 0.00034801024 3.2763148e-20)
(0.0021057021 0.0017543225 -6.9887575e-21)
(0.0039511852 0.0030367589 6.3200713e-20)
(0.0054064892 0.0038068194 -1.6973738e-20)
(0.0061775891 0.0039606404 -1.3410157e-20)
(0.0064815324 0.0037577777 9.2837523e-20)
(0.0065678355 0.0034164324 -1.2173643e-19)
(0.006501309 0.0030059132 -3.6826531e-21)
(0.0061889507 0.002514196 6.1174065e-20)
(0.0053902411 0.0018960344 3.2143153e-20)
(0.003890927 0.0011647221 -1.031904e-19)
(0.0014403963 0.00036950842 6.6004705e-21)
(-0.0021562631 -0.00037644844 1.9632212e-20)
(-0.0071059149 -0.00092382834 3.7308549e-21)
(-0.013343589 -0.0010419119 -5.3838701e-21)
(-0.020905112 -0.00051739989 3.3612881e-21)
(-0.03007771 0.00096685227 -6.2408381e-21)
(-0.040218181 0.0037088687 5.0083792e-20)
(-0.050292135 0.0077096628 -6.8337219e-20)
(-0.05984238 0.012900959 2.5752824e-20)
(-0.068269459 0.019086202 -2.2699595e-20)
(-0.07526978 0.026025509 1.4252392e-19)
(-0.080554989 0.033411941 2.2508283e-20)
(-0.084025187 0.040949427 -1.9412574e-19)
(-0.08562799 0.048323411 1.6324903e-19)
(-0.085440766 0.055261638 3.0883824e-21)
(-0.083534514 0.061476328 -4.9129032e-20)
(-0.080145658 0.066793482 4.5111326e-20)
(-0.075371096 0.070938653 -7.3160587e-20)
(-0.069490408 0.073798544 6.2034695e-21)
(-0.062799383 0.075318347 -1.7105554e-20)
(-0.055448106 0.075306509 -1.022197e-21)
(-0.047759851 0.073803345 -4.8064111e-22)
(-0.039969291 0.070783058 -4.6902539e-20)
(-0.032330433 0.066293952 7.6116662e-20)
(-0.025079589 0.060413844 8.3472754e-20)
(-0.018434885 0.053253325 3.4355268e-20)
(-0.012593477 0.044957399 7.9314602e-20)
(-0.0077249582 0.03569552 -1.7749755e-20)
(-0.0039668389 0.025664526 5.1240772e-20)
(-0.0014300433 0.01508438 4.0090604e-20)
(-0.00017446642 0.0041779378 5.3411614e-21)
)
;
    }
    frontAndBack
    {
        type            empty;
    }
}


// ************************************************************************* //
