/*--------------------------------*- C++ -*----------------------------------*\
  =========                 |
  \\      /  F ield         | OpenFOAM: The Open Source CFD Toolbox
   \\    /   O peration     | Website:  https://openfoam.org
    \\  /    A nd           | Version:  13
     \\/     M anipulation  |
\*---------------------------------------------------------------------------*/
FoamFile
{
    format      ascii;
    class       volVectorField;
    location    "35.403307";
    object      wallShearStress;
}
// * * * * * * * * * * * * * * * * * * * * * * * * * * * * * * * * * * * * * //

dimensions      [0 2 -2 0 0 0 0];

internalField   uniform (0 0 0);

boundaryField
{
    inlet
    {
        type            calculated;
        value           uniform (0 0 0);
    }
    outlet
    {
        type            calculated;
        value           uniform (0 0 0);
    }
    cylinder
    {
        type            calculated;
        value           nonuniform List<vector> 
132
(
(-1.4418992e-05 0.0013447447 -2.7077503e-22)
(-3.8814255e-05 0.0010394047 7.690142e-23)
(-4.6466923e-05 0.0007288049 4.2330369e-21)
(-3.7007652e-05 0.00041771534 -1.4155267e-20)
(-1.0430844e-05 0.00011113827 9.9552345e-21)
(3.2700088e-05 -0.00018578114 3.030414e-20)
(9.0969087e-05 -0.00046807216 -5.7201731e-21)
(0.00016338283 -0.00073079266 -2.2578069e-20)
(0.00024741261 -0.00096948019 2.120601e-20)
(0.00034045065 -0.0011802993 -4.7391199e-20)
(0.00043954724 -0.001360149 -8.5987042e-22)
(0.00054154443 -0.0015069093 2.9279576e-20)
(0.00064327015 -0.0016195735 4.7647514e-20)
(0.00074182338 -0.0016983725 -3.8635185e-20)
(0.00083466942 -0.0017448111 4.0628045e-20)
(0.00091999966 -0.0017618191 6.533235e-20)
(0.00099687921 -0.0017534769 -4.2788421e-20)
(0.0010657095 -0.001725286 6.8624565e-20)
(0.0011282246 -0.001683546 9.0745246e-20)
(0.0011881263 -0.0016357419 -5.8883923e-20)
(0.0012511548 -0.0015899686 -7.5092203e-20)
(0.001325205 -0.0015544489 2.645986e-23)
(0.0014207285 -0.0015374607 1.0909468e-20)
(0.0015495671 -0.0015455346 -1.3073421e-20)
(0.0017239305 -0.0015824218 -2.2261741e-20)
(0.0019540171 -0.00164735 4.7657464e-21)
(0.0022443823 -0.0017332203 -4.3069151e-20)
(0.0025884963 -0.0018247465 1.1516719e-20)
(0.0029708945 -0.0019032814 9.0495838e-21)
(0.0033671671 -0.0019492481 -6.2358237e-20)
(0.0037426272 -0.0019435633 8.1403445e-20)
(0.0040671237 -0.0018769734 2.4645399e-21)
(0.0043066545 -0.0017450824 1.777289e-20)
(0.0043902913 -0.0015374766 -2.1071628e-20)
(0.0042103505 -0.0012475304 6.6995236e-20)
(0.0036148475 -0.00088023346 -4.2396352e-21)
(0.0024283975 -0.00046800755 1.7107745e-20)
(0.00043176124 -7.4669844e-05 -2.3487188e-21)
(-0.0025590091 0.00018485777 3.3664038e-21)
(-0.0067123457 0.0001473498 -2.0956671e-21)
(-0.012396316 -0.00041272905 3.9008115e-21)
(-0.019514841 -0.0018132009 -1.1977219e-22)
(-0.027444857 -0.0042217909 4.3686569e-20)
(-0.035733805 -0.0077182581 -1.6742742e-20)
(-0.043800834 -0.01225941 1.5029798e-20)
(-0.05119776 -0.017717456 -9.6103921e-20)
(-0.057469713 -0.023853809 -1.5435134e-20)
(-0.062348531 -0.030401578 1.3506262e-19)
(-0.065643927 -0.037060755 -1.1485411e-19)
(-0.067303658 -0.043544932 -2.1878266e-21)
(-0.067327598 -0.04956196 3.4825534e-20)
(-0.065854049 -0.054894647 -3.1689265e-20)
(-0.062970682 -0.059278422 -6.2076624e-21)
(-0.058905045 -0.06256687 -3.9490921e-21)
(-0.053903846 -0.064658687 -6.0046915e-21)
(-0.048138066 -0.065387048 -2.8685087e-21)
(-0.041893076 -0.064745563 6.0316981e-22)
(-0.035400026 -0.06269911 4.8875264e-20)
(-0.02890469 -0.059277408 -7.4690193e-20)
(-0.022637722 -0.054540153 -7.9703576e-20)
(-0.016814362 -0.048581814 -3.2350472e-20)
(-0.011629811 -0.041529655 -7.4152277e-20)
(-0.0072540337 -0.033537945 1.6540466e-20)
(-0.0038261875 -0.024785897 2.4059242e-20)
(-0.0014600564 -0.015485365 -3.7377954e-20)
(-0.00021720409 -0.0058136841 -4.9906919e-21)
(2.6126418e-05 0.001642788 -1.2482131e-21)
(8.2744687e-05 0.0019343822 -7.4475597e-23)
(0.00015635622 0.0022172859 -4.2806862e-21)
(0.00024595588 0.0024862691 1.4364904e-20)
(0.00035034321 0.0027360275 -1.0144171e-20)
(0.00046770338 0.0029612064 -3.100212e-20)
(0.0005955897 0.0031566583 5.8741257e-21)
(0.00073093824 0.0033176857 2.3268979e-20)
(0.00087028281 0.0034401845 -2.1927745e-20)
(0.0010096986 0.0035210061 4.91526e-20)
(0.00114499 0.0035580376 8.942198e-22)
(0.0012719785 0.0035506937 -3.0521232e-20)
(0.0013866242 0.0034996797 -4.9766125e-20)
(0.0014855378 0.0034077405 4.0417656e-20)
(0.0015659783 0.0032788838 -4.2554754e-20)
(0.001626515 0.0031191723 -6.8490909e-20)
(0.0016670561 0.0029359425 4.4881819e-20)
(0.0016893265 0.0027379752 -7.2001091e-20)
(0.0016972493 0.002535338 -9.5211386e-20)
(0.0016969138 0.0023385625 6.1770948e-20)
(0.001697095 0.0021587224 7.8748056e-20)
(0.0017093335 0.0020067965 7.0537355e-20)
(0.0017476885 0.0018927629 5.7959445e-20)
(0.0018285155 0.0018249212 1.3692296e-20)
(0.0019678621 0.0018071838 2.3308005e-20)
(0.0021783156 0.0018370101 -4.9888316e-21)
(0.0024659401 0.0019046364 4.5086507e-20)
(0.0028232577 0.001990407 -1.2059544e-20)
(0.0032259742 0.0020668583 -9.4819785e-21)
(0.0036350506 0.002104563 6.5397482e-20)
(0.0040091251 0.0020822874 -8.5468499e-20)
(0.0043117686 0.0019903481 -2.5760716e-21)
(0.004497344 0.0018230349 4.258108e-20)
(0.0044807808 0.0015701652 2.223294e-20)
(0.0041406595 0.001228377 -7.0839392e-20)
(0.0033122955 0.00080902173 4.493458e-21)
(0.0018120807 0.00035439998 1.3255087e-20)
(-0.00058185779 -5.8699355e-05 2.5009523e-21)
(-0.0040634284 -0.00030505192 -3.5904986e-21)
(-0.0087216598 -0.00019962181 2.2374745e-21)
(-0.014931136 0.00049244599 -4.1641993e-21)
(-0.022527835 0.0020892729 3.36585e-20)
(-0.030774572 0.0047301166 -4.641167e-20)
(-0.039224593 0.0084684794 1.7714781e-20)
(-0.047302064 0.013236067 -1.5825376e-20)
(-0.054546029 0.018872884 1.0063775e-19)
(-0.060554225 0.025130017 1.6073877e-20)
(-0.065097168 0.031737886 -1.3982944e-19)
(-0.068003385 0.038389105 1.1820753e-19)
(-0.069266745 0.044811472 2.2376263e-21)
(-0.068884214 0.050704439 -3.5369135e-20)
(-0.067044233 0.05588354 3.192648e-20)
(-0.063799671 0.060055439 -4.9779588e-20)
(-0.059415392 0.063105878 3.8468573e-21)
(-0.05416162 0.064964726 -7.4245885e-21)
(-0.04816642 0.065422196 3.5938567e-21)
(-0.041746457 0.06451541 -6.487159e-22)
(-0.035122279 0.062203222 -5.117103e-20)
(-0.028540433 0.05852585 7.7240466e-20)
(-0.022228818 0.053549498 8.1791027e-20)
(-0.016398702 0.047373789 3.3009821e-20)
(-0.011241248 0.040132303 7.5317463e-20)
(-0.0069209271 0.03198266 -1.6734254e-20)
(-0.0035713477 0.023109484 4.8103957e-20)
(-0.0012997901 0.01372015 3.7556373e-20)
(-0.00016437683 0.0040220121 5.001495e-21)
)
;
    }
    frontAndBack
    {
        type            empty;
    }
}


// ************************************************************************* //
