/*--------------------------------*- C++ -*----------------------------------*\
  =========                 |
  \\      /  F ield         | OpenFOAM: The Open Source CFD Toolbox
   \\    /   O peration     | Website:  https://openfoam.org
    \\  /    A nd           | Version:  13
     \\/     M anipulation  |
\*---------------------------------------------------------------------------*/
FoamFile
{
    format      ascii;
    class       volVectorField;
    location    "44.197497";
    object      wallShearStress;
}
// * * * * * * * * * * * * * * * * * * * * * * * * * * * * * * * * * * * * * //

dimensions      [0 2 -2 0 0 0 0];

internalField   uniform (0 0 0);

boundaryField
{
    inlet
    {
        type            calculated;
        value           uniform (0 0 0);
    }
    outlet
    {
        type            calculated;
        value           uniform (0 0 0);
    }
    cylinder
    {
        type            calculated;
        value           nonuniform List<vector> 
132
(
(3.9888454e-05 -0.0026670014 -3.0105036e-22)
(0.00012383733 -0.0029411124 8.5768074e-23)
(0.00022374224 -0.0031976811 4.7349486e-21)
(0.00033787646 -0.0034314171 -1.5879839e-20)
(0.00046430391 -0.0036372948 1.1199112e-20)
(0.00060050519 -0.0038104786 3.4178675e-20)
(0.00074336805 -0.0039466613 -6.4666183e-21)
(0.00088939624 -0.0040422416 -2.5577361e-20)
(0.0010347216 -0.0040944633 2.4065391e-20)
(0.001175262 -0.0041018069 -5.3857642e-20)
(0.0013068664 -0.0040638796 -9.7823656e-22)
(0.0014256722 -0.003982027 3.3332572e-20)
(0.0015281491 -0.0038587559 5.4260032e-20)
(0.0016116374 -0.0036985392 -4.3994934e-20)
(0.001674351 -0.0035070379 4.6246942e-20)
(0.0017158341 -0.0032914478 7.4318283e-20)
(0.0017373004 -0.0030604228 -4.8629118e-20)
(0.0017415527 -0.0028232022 7.790584e-20)
(0.0017335045 -0.002589915 1.0289017e-19)
(0.0017201379 -0.0023708476 -6.6677231e-20)
(0.0017108219 -0.0021763415 -8.4917611e-20)
(0.001717596 -0.0020165506 2.9881956e-23)
(0.0017549053 -0.0019005419 1.2306456e-20)
(0.0018394621 -0.0018357349 -1.473204e-20)
(0.0019879445 -0.0018254556 -2.506459e-20)
(0.0022133823 -0.00186638 5.3624036e-21)
(0.0025214388 -0.0019472912 -4.8443301e-20)
(0.0029043595 -0.0020473916 1.295265e-20)
(0.0033355815 -0.0021369241 1.0179916e-20)
(0.0037726768 -0.0021840935 -7.0176824e-20)
(0.0041787323 -0.0021702017 9.1659289e-20)
(0.0045163998 -0.0020846014 2.7768862e-21)
(0.0047380988 -0.0019203289 2.0040094e-20)
(0.0047685004 -0.001670474 -2.3778361e-20)
(0.0044910712 -0.001331451 7.5665547e-20)
(0.0037383509 -0.00091144704 -4.7925987e-21)
(0.0023233845 -0.00045006465 1.9355917e-20)
(1.5189455e-05 -2.1174284e-05 -2.659358e-21)
(-0.0033766668 0.0002496041 3.8132207e-21)
(-0.0079853824 0.00017899661 -2.3740937e-21)
(-0.014193716 -0.00047027717 4.4170207e-21)
(-0.021852634 -0.0020283765 -1.3546206e-22)
(-0.030245798 -0.0046505282 4.9335776e-20)
(-0.038912532 -0.0084027315 -1.8877966e-20)
(-0.047260691 -0.01322578 1.6922504e-20)
(-0.054810504 -0.018965659 -1.0810152e-19)
(-0.061136706 -0.025373556 -1.7364826e-20)
(-0.065988576 -0.032174301 1.5215412e-19)
(-0.06918292 -0.039056792 -1.2983254e-19)
(-0.070693061 -0.045736082 -2.4882114e-21)
(-0.070526921 -0.051915555 4.002658e-20)
(-0.068834102 -0.057377465 -3.7072172e-20)
(-0.065714802 -0.061860666 -7.5067272e-21)
(-0.061403205 -0.065219583 -5.1279409e-21)
(-0.056145931 -0.067347672 -1.0034589e-20)
(-0.050125847 -0.068087018 3.3461182e-22)
(-0.043628976 -0.067428709 4.5057927e-22)
(-0.036890711 -0.065340181 4.2729627e-20)
(-0.030159803 -0.061852873 -6.9041828e-20)
(-0.023669337 -0.057028013 -7.5795616e-20)
(-0.017636956 -0.050962403 -3.1293179e-20)
(-0.012259555 -0.043784716 -7.2545448e-20)
(-0.0077090645 -0.035652612 1.631266e-20)
(-0.0041256889 -0.026745747 2.3871999e-20)
(-0.0016248233 -0.01728625 -3.7262013e-20)
(-0.00026593894 -0.0074307893 -4.9943327e-21)
(-2.8532119e-05 -0.0023778647 -1.3835345e-21)
(-8.1183254e-05 -0.0020730613 -8.2295205e-23)
(-0.00011716725 -0.0017543171 -4.7153416e-21)
(-0.00013532577 -0.0014264754 1.5774925e-20)
(-0.00013478535 -0.0010928484 -1.1106688e-20)
(-0.00011567474 -0.00076136684 -3.38474e-20)
(-7.8208212e-05 -0.00043614669 6.3962563e-21)
(-2.3394553e-05 -0.0001230573 2.5276251e-20)
(4.6969728e-05 0.00017248624 -2.3768766e-20)
(0.00013067838 0.00044569226 5.318404e-20)
(0.00022540216 0.00069213832 9.6616638e-22)
(0.00032792875 0.00090844685 -3.2941701e-20)
(0.00043508858 0.0010923306 -5.3676021e-20)
(0.0005438417 0.0012426683 4.3579662e-20)
(0.0006514251 0.0013597968 -4.5886195e-20)
(0.00075561545 0.0014454104 -7.3880347e-20)
(0.00085519122 0.0015028959 4.8445206e-20)
(0.00094999297 0.0015367808 -7.7786485e-20)
(0.0010417031 0.0015533999 -1.0297002e-19)
(0.0011334988 0.0015596032 6.6882455e-20)
(0.001231113 0.0015636515 8.5366827e-20)
(0.0013423216 0.0015737724 7.6557378e-20)
(0.0014765835 0.0015972705 6.2976295e-20)
(0.0016444153 0.0016396594 1.489242e-20)
(0.0018555098 0.0017029297 2.5371743e-20)
(0.0021152723 0.001783264 -5.433879e-21)
(0.0024238724 0.0018720114 4.9124793e-20)
(0.0027724062 0.0019547444 -1.31398e-20)
(0.003141816 0.0020132452 -1.0327566e-20)
(0.003510495 0.0020326852 7.1177886e-20)
(0.0038540428 0.0020018526 -9.2929907e-20)
(0.0041361106 0.0019093548 -2.797829e-21)
(0.0042992676 0.0017429309 4.618788e-20)
(0.0042503621 0.0014898011 2.4079671e-20)
(0.0038620997 0.0011464727 -7.6584706e-20)
(0.0029621935 0.00072498168 4.8471784e-21)
(0.0013656285 0.00027110498 1.426046e-20)
(-0.001150547 -0.00013446805 2.6821318e-21)
(-0.004784629 -0.00036259521 -3.83641e-21)
(-0.0095976806 -0.00022302661 2.3808002e-21)
(-0.015978815 0.00052513864 -4.4101117e-21)
(-0.023731488 0.0021994486 3.5461814e-20)
(-0.032097847 0.0049321645 -4.8650855e-20)
(-0.040629772 0.0087705561 1.8477927e-20)
(-0.048725224 0.013633294 -1.6429573e-20)
(-0.055944855 0.019355973 1.0403521e-19)
(-0.061889881 0.025682942 1.654846e-20)
(-0.066336697 0.032340903 -1.4342172e-19)
(-0.069125423 0.039021253 1.2079848e-19)
(-0.070258836 0.045452077 2.2784353e-21)
(-0.069732019 0.051327302 -3.5869141e-20)
(-0.067757569 0.056476979 3.2234406e-20)
(-0.064362801 0.060584193 -4.9892203e-20)
(-0.059837773 0.063553331 3.8095808e-21)
(-0.054468282 0.065331238 -6.9619045e-21)
(-0.048350577 0.065670804 4.0327592e-21)
(-0.041827432 0.064638829 -6.7881958e-22)
(-0.035113114 0.062184901 -5.2801814e-20)
(-0.028457735 0.058353651 7.9176948e-20)
(-0.02209054 0.053212935 8.3486505e-20)
(-0.016223809 0.046863727 3.3585166e-20)
(-0.011049913 0.039441976 7.6419605e-20)
(-0.0067340867 0.031107147 -1.693592e-20)
(-0.0034104109 0.022046191 4.8561212e-20)
(-0.0011866509 0.012465412 3.7814176e-20)
(-0.00012331784 0.0025929158 5.0216104e-21)
)
;
    }
    frontAndBack
    {
        type            empty;
    }
}


// ************************************************************************* //
