/*--------------------------------*- C++ -*----------------------------------*\
  =========                 |
  \\      /  F ield         | OpenFOAM: The Open Source CFD Toolbox
   \\    /   O peration     | Website:  https://openfoam.org
    \\  /    A nd           | Version:  13
     \\/     M anipulation  |
\*---------------------------------------------------------------------------*/
FoamFile
{
    format      ascii;
    class       volVectorField;
    location    "24.001101";
    object      wallShearStress;
}
// * * * * * * * * * * * * * * * * * * * * * * * * * * * * * * * * * * * * * //

dimensions      [0 2 -2 0 0 0 0];

internalField   uniform (0 0 0);

boundaryField
{
    inlet
    {
        type            calculated;
        value           uniform (0 0 0);
    }
    outlet
    {
        type            calculated;
        value           uniform (0 0 0);
    }
    cylinder
    {
        type            calculated;
        value           nonuniform List<vector> 
132
(
(-1.577141e-06 0.00051534003 -2.4082111e-22)
(1.9570577e-06 7.5347234e-05 6.8573263e-23)
(3.060782e-05 -0.00036710436 3.7857302e-21)
(8.3383867e-05 -0.00080389491 -1.2699297e-20)
(0.00016039538 -0.0012262628 8.9611854e-21)
(0.00025962139 -0.0016250271 2.7374588e-20)
(0.00037829369 -0.001991188 -5.1861413e-21)
(0.00051260527 -0.0023160993 -2.0547455e-20)
(0.00065772623 -0.0025918806 1.9372516e-20)
(0.00080804501 -0.0028118732 -4.3458131e-20)
(0.00095741714 -0.0029708955 -7.914002e-22)
(0.0010993713 -0.0030659184 2.7045243e-20)
(0.0012274365 -0.0030960133 4.4158632e-20)
(0.0013358676 -0.0030633568 -3.591617e-20)
(0.0014196301 -0.0029720865 3.7872903e-20)
(0.0014758109 -0.0028303367 6.1048051e-20)
(0.0015025488 -0.0026468215 -4.0064062e-20)
(0.0015012765 -0.0024341108 6.4361375e-20)
(0.0014755273 -0.0022052879 8.5218353e-20)
(0.0014312387 -0.0019737308 -5.5350026e-20)
(0.001377903 -0.0017540729 -7.0630713e-20)
(0.0013266278 -0.0015588284 2.4866273e-23)
(0.0012919543 -0.0014003949 1.0266004e-20)
(0.0012907829 -0.001289173 -1.230065e-20)
(0.0013422479 -0.0012331838 -2.0938683e-20)
(0.0014650021 -0.0012355314 4.4800951e-21)
(0.0016717877 -0.0012909066 -4.0460052e-20)
(0.0019595472 -0.0013808452 1.0810674e-20)
(0.0023110705 -0.0014798606 8.4877937e-21)
(0.0026934881 -0.0015585394 -5.8437053e-20)
(0.003068108 -0.0015926018 7.6209468e-20)
(0.0034100765 -0.0015730224 2.3045421e-21)
(0.0037053006 -0.0015004492 1.6593265e-20)
(0.0039196179 -0.0013712424 -1.9634771e-20)
(0.0039741433 -0.0011754714 6.2290616e-20)
(0.0037370686 -0.00090670552 -3.9329529e-21)
(0.003046234 -0.00058037502 1.583746e-20)
(0.0016941088 -0.00024014474 -2.1710631e-21)
(-0.00052282497 2.2850235e-05 3.1106601e-21)
(-0.003835253 7.6490635e-05 -1.9381124e-21)
(-0.008587764 -0.00029164855 3.6174254e-21)
(-0.014770606 -0.0013772101 -1.1158717e-22)
(-0.02188175 -0.0033707005 4.094299e-20)
(-0.029490998 -0.0063743255 -1.5792855e-20)
(-0.037041383 -0.010371256 1.4265698e-20)
(-0.044040049 -0.015243828 -9.172853e-20)
(-0.050048937 -0.020777394 -1.4806147e-20)
(-0.054790656 -0.026719464 1.3006287e-19)
(-0.058065403 -0.032784806 -1.1094342e-19)
(-0.059826298 -0.038709367 -2.1175588e-21)
(-0.060064044 -0.044216882 3.3738718e-20)
(-0.058914519 -0.049111573 -3.0684277e-20)
(-0.056460545 -0.053151292 -5.9920196e-21)
(-0.052899517 -0.056189005 -3.7730902e-21)
(-0.048468505 -0.058139764 -5.4752776e-21)
(-0.043332896 -0.058860831 -3.2390417e-21)
(-0.03774576 -0.058336546 6.1853141e-22)
(-0.031921791 -0.056539169 4.9413533e-20)
(-0.026084485 -0.053494281 -7.5122663e-20)
(-0.020444344 -0.049256241 -7.9973507e-20)
(-0.015197608 -0.043911072 -3.2422605e-20)
(-0.010521901 -0.03757405 -7.4281896e-20)
(-0.0065718977 -0.030385284 1.6568643e-20)
(-0.0034744158 -0.022507343 2.4107034e-20)
(-0.0013320693 -0.01413242 -3.7473083e-20)
(-0.00020124036 -0.00542181 -5.0076423e-21)
(1.8425405e-05 0.00094882938 -1.1074794e-21)
(6.131915e-05 0.0013758815 -6.5936269e-23)
(0.00012843708 0.0017923113 -3.7822367e-21)
(0.00021829412 0.0021894473 1.2669711e-20)
(0.00032902923 0.0025586373 -8.9331498e-21)
(0.00045778598 0.0028912565 -2.7264492e-20)
(0.00060072353 0.003179098 5.1600712e-21)
(0.00075305801 0.003414762 2.0421001e-20)
(0.00090916445 0.0035919747 -1.9228878e-20)
(0.0010630163 0.003706096 4.307504e-20)
(0.0012081319 0.0037542305 7.8323234e-22)
(0.0013381835 0.0037361178 -2.6720229e-20)
(0.0014471491 0.0036535434 -4.3549626e-20)
(0.0015302277 0.0035117323 3.5353811e-20)
(0.0015837315 0.0033178105 -3.7206933e-20)
(0.0016058764 0.0030815411 -5.9855497e-20)
(0.0015971084 0.0028148151 3.9203177e-20)
(0.001560492 0.0025312579 -6.285635e-20)
(0.0015022321 0.0022460686 -8.3068961e-20)
(0.0014303471 0.001973137 5.3859318e-20)
(0.001355509 0.0017259806 6.8616922e-20)
(0.0012906113 0.0015167082 6.1420769e-20)
(0.0012512197 0.0013562272 5.0432162e-20)
(0.0012555643 0.0012537812 1.1904835e-20)
(0.0013237092 0.0012157649 2.0247719e-20)
(0.001475165 0.0012436268 -4.3296297e-21)
(0.0017204234 0.0013279872 3.9087804e-20)
(0.0020549982 0.0014477233 -1.0443202e-20)
(0.0024523028 0.0015700908 -8.201211e-21)
(0.0028692618 0.0016602124 5.6489892e-20)
(0.0032644319 0.0016945984 -7.3718776e-20)
(0.0036128878 0.0016667453 -2.2180421e-21)
(0.0039005185 0.0015797693 3.6586454e-20)
(0.0040834828 0.0014289793 1.9057355e-20)
(0.0040750074 0.0012059003 -6.0571719e-20)
(0.0037341147 0.00090691177 3.8336168e-21)
(0.0028857468 0.0005514456 1.1290923e-20)
(0.0013125699 0.00019033396 2.1294519e-21)
(-0.001184185 -7.4384547e-05 -3.0616194e-21)
(-0.0048169437 -0.00010036956 1.9141504e-21)
(-0.0099361253 0.00033482504 -3.5833526e-21)
(-0.016462248 0.001532609 2.9204198e-20)
(-0.023832203 0.0036688292 -4.0651296e-20)
(-0.031596613 0.0068270323 1.5663727e-20)
(-0.039163894 0.010963271 -1.4114944e-20)
(-0.046075929 0.015946432 9.0440868e-20)
(-0.051910401 0.021547374 1.4528176e-20)
(-0.056413443 0.02750812 -1.2687001e-19)
(-0.059415326 0.033544351 1.0741012e-19)
(-0.060888255 0.039393917 2.030534e-21)
(-0.060837122 0.044783484 -3.1926565e-20)
(-0.059420126 0.049530584 2.8477225e-20)
(-0.056709861 0.053383405 -4.3291849e-20)
(-0.052925476 0.05621409 3.1288266e-21)
(-0.048317974 0.057956563 -4.1046215e-21)
(-0.043029969 0.05844646 5.481494e-21)
(-0.037330636 0.057691783 -7.3815646e-22)
(-0.031430986 0.055666202 -5.478597e-20)
(-0.025553694 0.052401367 8.0609692e-20)
(-0.019907752 0.04795799 8.4189715e-20)
(-0.014686182 0.04242619 3.3692218e-20)
(-0.010063441 0.03592663 7.6446033e-20)
(-0.0061897766 0.028602326 -1.6919047e-20)
(-0.0031873788 0.020620478 4.8498743e-20)
(-0.0011536673 0.012168687 3.7785899e-20)
(-0.00014268858 0.0034363491 5.0242992e-21)
)
;
    }
    frontAndBack
    {
        type            empty;
    }
}


// ************************************************************************* //
