/*--------------------------------*- C++ -*----------------------------------*\
  =========                 |
  \\      /  F ield         | OpenFOAM: The Open Source CFD Toolbox
   \\    /   O peration     | Website:  https://openfoam.org
    \\  /    A nd           | Version:  13
     \\/     M anipulation  |
\*---------------------------------------------------------------------------*/
FoamFile
{
    format      ascii;
    class       volVectorField;
    location    "26.096362";
    object      wallShearStress;
}
// * * * * * * * * * * * * * * * * * * * * * * * * * * * * * * * * * * * * * //

dimensions      [0 2 -2 0 0 0 0];

internalField   uniform (0 0 0);

boundaryField
{
    inlet
    {
        type            calculated;
        value           uniform (0 0 0);
    }
    outlet
    {
        type            calculated;
        value           uniform (0 0 0);
    }
    cylinder
    {
        type            calculated;
        value           nonuniform List<vector> 
132
(
(1.6382986e-05 -0.00086646384 -2.4545217e-22)
(5.4311204e-05 -0.0012236317 6.9938424e-23)
(0.00011280479 -0.0015757407 3.8625448e-21)
(0.00019101837 -0.0019161455 -1.2961327e-20)
(0.00028785801 -0.0022380956 9.148014e-21)
(0.00040144864 -0.0025346828 2.7947e-20)
(0.00052912079 -0.0027991559 -5.2940654e-21)
(0.00066738714 -0.0030251648 -2.0969651e-20)
(0.00081206076 -0.0032070636 1.9762326e-20)
(0.00095845708 -0.003340178 -4.4307229e-20)
(0.00110141 -0.0034211268 -8.0630242e-22)
(0.0012355935 -0.0034481607 2.7531053e-20)
(0.0013558189 -0.0034213947 4.4909871e-20)
(0.0014573614 -0.003342921 -3.6490296e-20)
(0.0015365275 -0.0032173344 3.843736e-20)
(0.0015904075 -0.0030503012 6.1891212e-20)
(0.0016183652 -0.0028507709 -4.0572722e-20)
(0.0016213191 -0.0026285181 6.5109673e-20)
(0.0016022332 -0.0023943257 8.6119831e-20)
(0.0015667671 -0.0021602577 -5.5881999e-20)
(0.0015224658 -0.0019377482 -7.1245608e-20)
(0.0014797212 -0.0017384431 2.5071594e-23)
(0.0014509463 -0.0015725969 1.0339761e-20)
(0.0014515137 -0.0014497577 -1.238158e-20)
(0.0014987013 -0.0013771801 -2.1065892e-20)
(0.0016105556 -0.0013586908 4.5055121e-21)
(0.0018016543 -0.0013916215 -4.0676535e-20)
(0.0020748131 -0.0014624055 1.0865829e-20)
(0.0024216127 -0.0015508038 8.5295927e-21)
(0.0028144098 -0.0016285078 -5.8721359e-20)
(0.0032123618 -0.001667402 7.6585217e-20)
(0.0035807131 -0.0016516793 2.3163681e-21)
(0.0038930774 -0.001576509 1.6683965e-20)
(0.0041111811 -0.0014383311 -1.9750753e-20)
(0.0041571373 -0.0012296808 6.2693847e-20)
(0.0038979149 -0.00094580562 -3.9613558e-21)
(0.0031678382 -0.00060360436 1.5966992e-20)
(0.0017544189 -0.0002487519 -2.1913914e-21)
(-0.00054756913 2.4118891e-05 3.1440735e-21)
(-0.0039690619 7.9284904e-05 -1.9618527e-21)
(-0.0088564673 -0.00030072385 3.6675563e-21)
(-0.015183749 -0.0014154817 -1.133067e-22)
(-0.022427415 -0.0034544297 4.1628095e-20)
(-0.030148347 -0.0065160228 -1.6074456e-20)
(-0.037782097 -0.010578217 1.4533048e-20)
(-0.044833058 -0.015517854 -9.3521731e-20)
(-0.050866008 -0.021116085 -1.5107855e-20)
(-0.055608265 -0.027117692 1.3283931e-19)
(-0.058865041 -0.033235843 -1.1345499e-19)
(-0.060594148 -0.039205785 -2.1693598e-21)
(-0.060791283 -0.044751902 3.4658639e-20)
(-0.059593299 -0.049677121 -3.1658478e-20)
(-0.057088535 -0.053742282 -6.2328324e-21)
(-0.05347479 -0.056799917 -3.9964566e-21)
(-0.048988329 -0.058763273 -6.2575542e-21)
(-0.043798817 -0.059493781 -2.6015085e-21)
(-0.038157989 -0.058973845 5.8732354e-22)
(-0.03228167 -0.057176937 4.8117732e-20)
(-0.02639363 -0.054128854 -7.3889855e-20)
(-0.02070462 -0.049884208 -7.9085283e-20)
(-0.015411163 -0.044529472 -3.2170109e-20)
(-0.010690945 -0.038179892 -7.3872908e-20)
(-0.0066989207 -0.030976331 1.6505161e-20)
(-0.0035618925 -0.023080832 2.404632e-20)
(-0.0013827832 -0.014688622 -3.741849e-20)
(-0.00021705831 -0.0059522962 -5.0049124e-21)
(-2.4793884e-06 -0.00050705892 -1.1280176e-21)
(-1.6940084e-06 -0.00014476447 -6.7109817e-23)
(1.9489014e-05 0.00021711415 -3.8463969e-21)
(5.9864835e-05 0.00057269879 1.2873959e-20)
(0.00011999633 0.00091537193 -9.0692662e-21)
(0.0001980133 0.0012383444 -2.7656128e-20)
(0.00029175651 0.0015350786 5.2299073e-21)
(0.00039832802 0.0017993743 2.0681974e-20)
(0.00051414817 0.002025634 -1.946212e-20)
(0.00063501672 0.0022092551 4.3575777e-20)
(0.0007564333 0.0023467284 7.9206847e-22)
(0.00087373539 0.0024361294 -2.7017948e-20)
(0.00098226258 0.0024770168 -4.4037254e-20)
(0.0010778944 0.0024711408 3.5759099e-20)
(0.0011570637 0.0024216824 -3.7650892e-20)
(0.0012176119 0.0023343891 -6.0609011e-20)
(0.0012584303 0.0022159618 3.9729e-20)
(0.0012802733 0.0020749055 -6.3759472e-20)
(0.0012859056 0.001920956 -8.435043e-20)
(0.0012800874 0.0017643271 5.4749577e-20)
(0.0012701795 0.0016159675 6.9827526e-20)
(0.0012653245 0.0014858421 6.2570929e-20)
(0.001277802 0.0013841737 5.1428089e-20)
(0.0013218117 0.0013194305 1.2151094e-20)
(0.0014136797 0.0012983067 2.0683272e-20)
(0.0015686441 0.0013227201 -4.4257554e-21)
(0.0017958717 0.0013867386 3.9975317e-20)
(0.0020960679 0.0014772089 -1.0683381e-20)
(0.0024516369 0.001570106 -8.3904083e-21)
(0.0028319261 0.0016388543 5.7786487e-20)
(0.0032067229 0.0016647004 -7.5393401e-20)
(0.0035496364 0.0016375437 -2.2679162e-21)
(0.0038351788 0.0015533044 3.7401368e-20)
(0.004011111 0.001403725 1.9477459e-20)
(0.0039870847 0.0011800537 -6.1889283e-20)
(0.0036224493 0.00088011087 3.9153808e-21)
(0.0027429431 0.00052480471 1.15252e-20)
(0.0011303617 0.00016605082 2.1719671e-21)
(-0.001411851 -9.3581716e-05 -3.1195974e-21)
(-0.0050869053 -0.00010731559 1.9479854e-21)
(-0.010249494 0.00034454544 -3.6410733e-21)
(-0.016807191 0.0015640996 2.9619932e-20)
(-0.024188858 0.003723164 -4.1151754e-20)
(-0.031946116 0.0069020052 1.5825962e-20)
(-0.039482595 0.011052068 -1.4234532e-20)
(-0.046352376 0.016041738 9.1049735e-20)
(-0.052135765 0.021640392 1.4601327e-20)
(-0.056582822 0.027590224 -1.2730944e-19)
(-0.059529959 0.033608612 1.0761166e-19)
(-0.060950511 0.039433767 2.0310049e-21)
(-0.060852132 0.044794124 -3.1873335e-20)
(-0.05939408 0.049508472 2.8359723e-20)
(-0.056647703 0.053324484 -4.2939309e-20)
(-0.052835237 0.056117847 3.0756899e-21)
(-0.048207431 0.057823532 -3.7862e-21)
(-0.04290337 0.058274008 5.7039383e-21)
(-0.037194478 0.057480789 -7.5071582e-22)
(-0.031290686 0.055417028 -5.5375944e-20)
(-0.025414389 0.052114824 8.1234833e-20)
(-0.019774263 0.04763525 8.4685543e-20)
(-0.014562935 0.042068511 3.3845769e-20)
(-0.009954576 0.035535502 7.671446e-20)
(-0.0060991337 0.028179319 -1.6963446e-20)
(-0.0031185084 0.020167349 4.8587019e-20)
(-0.0011099048 0.011686066 3.7825677e-20)
(-0.0001279916 0.0029320972 5.0257487e-21)
)
;
    }
    frontAndBack
    {
        type            empty;
    }
}


// ************************************************************************* //
