/*--------------------------------*- C++ -*----------------------------------*\
  =========                 |
  \\      /  F ield         | OpenFOAM: The Open Source CFD Toolbox
   \\    /   O peration     | Website:  https://openfoam.org
    \\  /    A nd           | Version:  13
     \\/     M anipulation  |
\*---------------------------------------------------------------------------*/
FoamFile
{
    format      ascii;
    class       volVectorField;
    location    "39.603521";
    object      wallShearStress;
}
// * * * * * * * * * * * * * * * * * * * * * * * * * * * * * * * * * * * * * //

dimensions      [0 2 -2 0 0 0 0];

internalField   uniform (0 0 0);

boundaryField
{
    inlet
    {
        type            calculated;
        value           uniform (0 0 0);
    }
    outlet
    {
        type            calculated;
        value           uniform (0 0 0);
    }
    cylinder
    {
        type            calculated;
        value           nonuniform List<vector> 
132
(
(1.7668085e-05 -0.0010292936 -2.8421497e-22)
(5.6988221e-05 -0.0013115734 8.0719178e-23)
(0.00011220283 -0.0015816778 4.4427953e-21)
(0.00018198819 -0.0018346822 -1.485511e-20)
(0.00026487869 -0.0020659393 1.0445557e-20)
(0.00035890326 -0.00227103 3.1787941e-20)
(0.00046162418 -0.0024460378 -5.9978143e-21)
(0.00057019182 -0.0025876522 -2.3661452e-20)
(0.00068145349 -0.0026933957 2.2208418e-20)
(0.00079203252 -0.0027617488 -4.9589543e-20)
(0.00089860685 -0.0027923115 -8.9887097e-22)
(0.00099800397 -0.0027858588 3.0570615e-20)
(0.0010874041 -0.0027444458 4.9681843e-20)
(0.0011645701 -0.00267139 -4.0224889e-20)
(0.0012280774 -0.0025712538 4.2231959e-20)
(0.0012775674 -0.0024497923 6.7796406e-20)
(0.0013138764 -0.0023136467 -4.4324475e-20)
(0.0013393786 -0.0021704049 7.0962307e-20)
(0.0013580727 -0.0020281834 9.3672072e-20)
(0.0013758062 -0.0018954378 -6.0680578e-20)
(0.0014004863 -0.001780742 -7.7259951e-20)
(0.0014423594 -0.0016925969 2.7193285e-23)
(0.0015138772 -0.0016387337 1.1193479e-20)
(0.0016294498 -0.0016254389 -1.3398823e-20)
(0.0018035211 -0.0016555013 -2.2795379e-20)
(0.0020475365 -0.0017260528 4.8767204e-21)
(0.0023666445 -0.001827405 -4.4052839e-20)
(0.0027504381 -0.001938671 1.1777554e-20)
(0.0031764733 -0.0020348192 9.2548843e-21)
(0.0036117434 -0.0020907803 -6.3787595e-20)
(0.0040145932 -0.0020848427 8.3297885e-20)
(0.0043537641 -0.0020093614 2.5229403e-21)
(0.0045962409 -0.0018625477 1.8202965e-20)
(0.0046698713 -0.0016355037 -2.1594758e-20)
(0.0044634194 -0.0013226155 6.8711662e-20)
(0.0038188949 -0.00092999932 -4.3525047e-21)
(0.0025543042 -0.00049234245 1.7583993e-20)
(0.00044307156 -7.7036106e-05 -2.4174714e-21)
(-0.0026990728 0.00019518505 3.4702496e-21)
(-0.0070382903 0.00015482015 -2.1638126e-21)
(-0.012946966 -0.00043069434 4.034266e-21)
(-0.020307049 -0.0018863491 -1.2406041e-22)
(-0.028462753 -0.0043777947 4.5310877e-20)
(-0.03694466 -0.0079791276 -1.7384432e-20)
(-0.045163779 -0.012640163 1.5621957e-20)
(-0.052673882 -0.018227553 -9.9995633e-20)
(-0.059011807 -0.02449309 -1.6079537e-20)
(-0.063916121 -0.031165197 1.4092816e-19)
(-0.067203885 -0.037940772 -1.2010813e-19)
(-0.068825758 -0.04452911 -2.2953407e-21)
(-0.068791242 -0.050638884 3.6718646e-20)
(-0.067238674 -0.056048435 -3.3677823e-20)
(-0.064265869 -0.060497423 -6.6940796e-21)
(-0.060101361 -0.06383742 -4.3954825e-21)
(-0.054991507 -0.06596339 -7.5468031e-21)
(-0.049115412 -0.06671484 -1.6311986e-21)
(-0.042757594 -0.066082145 5.4370818e-22)
(-0.036152058 -0.064031858 4.6459869e-20)
(-0.02954622 -0.060594237 -7.2450488e-20)
(-0.023172149 -0.05582949 -7.8138276e-20)
(-0.017246568 -0.049833234 -3.192143e-20)
(-0.011965677 -0.042733141 -7.3487598e-20)
(-0.0075006977 -0.034685302 1.6443001e-20)
(-0.0039914255 -0.025868751 2.3973161e-20)
(-0.0015527799 -0.016501432 -3.7310567e-20)
(-0.00024512536 -0.006746335 -4.9887403e-21)
(-6.2378129e-06 -0.00073712654 -1.3102133e-21)
(-1.3737102e-05 -0.00043416224 -7.8179383e-23)
(-4.4613722e-06 -0.00012200522 -4.493913e-21)
(2.2962378e-05 0.00019503505 1.5082901e-20)
(6.8511578e-05 0.00051138681 -1.0654044e-20)
(0.00013252217 0.00082151709 -3.2572387e-20)
(0.00021373696 0.0011192629 6.1747684e-21)
(0.0003105301 0.0013985341 2.447593e-20)
(0.00042052882 0.0016533816 -2.3084114e-20)
(0.00054071436 0.0018783027 5.1796289e-20)
(0.00066757063 0.002068492 9.4339094e-22)
(0.00079710346 0.0022201392 -3.2243458e-20)
(0.00092512147 0.002330763 -5.2652182e-20)
(0.0010474688 0.0023993606 4.2830416e-20)
(0.0011604261 0.0024267978 -4.5171908e-20)
(0.0012609362 0.0024156212 -7.2831524e-20)
(0.0013472449 0.0023705993 4.7811256e-20)
(0.0014189526 0.0022979818 -7.6836428e-20)
(0.0014777655 0.0022059602 -1.0177793e-19)
(0.001527725 0.0021041301 6.6137755e-20)
(0.0015753405 0.0020028049 8.4438749e-20)
(0.0016301442 0.001913008 7.573462e-20)
(0.0017040042 0.0018448712 6.2300357e-20)
(0.0018103767 0.0018064882 1.4731738e-20)
(0.0019634479 0.0018030421 2.5095729e-20)
(0.0021733081 0.0018329141 -5.3742923e-21)
(0.0024451315 0.0018888469 4.8584284e-20)
(0.0027713562 0.0019541798 -1.2996263e-20)
(0.0031330797 0.0020076522 -1.0216614e-20)
(0.0035056286 0.0020298058 7.0436272e-20)
(0.0038555314 0.0020025791 -9.2003119e-20)
(0.0041415187 0.0019118322 -2.7712922e-21)
(0.0043061233 0.0017456974 4.5773605e-20)
(0.0042597219 0.0014930365 2.3875979e-20)
(0.0038792418 0.001151445 -7.5977015e-20)
(0.0029956412 0.00073289995 4.8112906e-21)
(0.00142635 0.00028228492 1.4162584e-20)
(-0.0010494661 -0.00012118476 2.6652022e-21)
(-0.0046284044 -0.0003503409 -3.8143365e-21)
(-0.0093756393 -0.00021745376 2.3684786e-21)
(-0.01567513 0.00051539321 -4.3900045e-21)
(-0.023343482 0.0021636649 3.5325451e-20)
(-0.031630345 0.0048604912 -4.849887e-20)
(-0.040093042 0.0086548817 1.8435275e-20)
(-0.048144851 0.01347105 -1.6406964e-20)
(-0.055338806 0.019146433 1.0399408e-19)
(-0.061278318 0.025429464 1.6561624e-20)
(-0.065738536 0.032049604 -1.4372736e-19)
(-0.068555838 0.038700064 1.2125928e-19)
(-0.06972897 0.045109652 2.291928e-21)
(-0.069254086 0.050975896 -3.6188075e-20)
(-0.067332284 0.056122889 3.2657636e-20)
(-0.06400197 0.060245053 -5.0944135e-20)
(-0.059541032 0.063238615 3.9529317e-21)
(-0.054227376 0.065042836 -7.7877968e-21)
(-0.048171663 0.065428465 3.4642126e-21)
(-0.041703636 0.064448293 -6.4654969e-22)
(-0.035040031 0.062056434 -5.1259027e-20)
(-0.028428783 0.058295502 7.7495742e-20)
(-0.022097971 0.053232446 8.2102424e-20)
(-0.016258993 0.046967601 3.3135745e-20)
(-0.011103233 0.039635645 7.5584648e-20)
(-0.0067952043 0.031395013 -1.6785952e-20)
(-0.003468467 0.022431488 4.8222828e-20)
(-0.0012302047 0.012951216 3.7620325e-20)
(-0.00013981137 0.0031749318 5.0053932e-21)
)
;
    }
    frontAndBack
    {
        type            empty;
    }
}


// ************************************************************************* //
