/*--------------------------------*- C++ -*----------------------------------*\
  =========                 |
  \\      /  F ield         | OpenFOAM: The Open Source CFD Toolbox
   \\    /   O peration     | Website:  https://openfoam.org
    \\  /    A nd           | Version:  13
     \\/     M anipulation  |
\*---------------------------------------------------------------------------*/
FoamFile
{
    format      ascii;
    class       volVectorField;
    location    "36.996649";
    object      wallShearStress;
}
// * * * * * * * * * * * * * * * * * * * * * * * * * * * * * * * * * * * * * //

dimensions      [0 2 -2 0 0 0 0];

internalField   uniform (0 0 0);

boundaryField
{
    inlet
    {
        type            calculated;
        value           uniform (0 0 0);
    }
    outlet
    {
        type            calculated;
        value           uniform (0 0 0);
    }
    cylinder
    {
        type            calculated;
        value           nonuniform List<vector> 
132
(
(-2.4293618e-06 0.00044785916 -2.7572834e-22)
(-2.1694218e-06 0.00014535645 7.8643628e-23)
(1.5361269e-05 -0.00016559856 4.3476537e-21)
(5.0577937e-05 -0.00048100449 -1.4602235e-20)
(0.00010456538 -0.00079530551 1.0314581e-20)
(0.00017668324 -0.0011027394 3.153524e-20)
(0.00026596569 -0.0013972234 -5.9782924e-21)
(0.00037073235 -0.0016725836 -2.3697662e-20)
(0.00048853107 -0.0019227742 2.2350588e-20)
(0.00061625931 -0.0021421516 -5.0151353e-20)
(0.00075025919 -0.0023257325 -9.1344538e-22)
(0.00088635721 -0.0024694918 3.1220332e-20)
(0.0010201373 -0.0025707218 5.0981814e-20)
(0.0011471564 -0.0026281598 -4.1471699e-20)
(0.0012633739 -0.0026424669 4.3738731e-20)
(0.0013653233 -0.0026159308 7.0520041e-20)
(0.0014508626 -0.0025532414 -4.6293113e-20)
(0.0015190619 -0.0024604338 7.4394817e-20)
(0.0015711715 -0.0023457499 9.8541037e-20)
(0.0016106374 -0.0022187256 -6.4031643e-20)
(0.0016433551 -0.0020897281 -8.1745938e-20)
(0.00167863 -0.0019704065 2.8806077e-23)
(0.0017279699 -0.0018713405 1.1893197e-20)
(0.0018059325 -0.0018025586 -1.4257972e-20)
(0.0019274365 -0.0017704126 -2.4284759e-20)
(0.0021056044 -0.001776133 5.1994583e-21)
(0.0023491846 -0.0018148715 -4.6990591e-20)
(0.0026587229 -0.0018746998 1.256532e-20)
(0.003018503 -0.0019340527 9.8741292e-21)
(0.0033983463 -0.0019674362 -6.8046422e-20)
(0.0037683377 -0.0019569597 8.8836735e-20)
(0.0040899792 -0.0018876056 2.6900212e-21)
(0.004313377 -0.0017480054 1.9401202e-20)
(0.0043632864 -0.0015283582 -2.3001985e-20)
(0.0041292894 -0.0012240494 7.3118356e-20)
(0.0034567148 -0.00084264035 -4.6250304e-21)
(0.0021677673 -0.0004197345 1.8648268e-20)
(4.1863371e-05 -2.327394e-05 -2.5571632e-21)
(-0.0031086209 0.00022904609 3.6588651e-21)
(-0.0074253401 0.00016586472 -2.2728803e-21)
(-0.013283369 -0.0004406219 4.2190958e-21)
(-0.020566523 -0.0019096156 -1.2912113e-22)
(-0.028616203 -0.0044007196 4.6943269e-20)
(-0.036977033 -0.0079855918 -1.793496e-20)
(-0.045073082 -0.012614519 1.6056564e-20)
(-0.052460586 -0.01815355 -1.0244913e-19)
(-0.058688528 -0.024358566 -1.6432295e-20)
(-0.063501497 -0.030962731 1.437319e-19)
(-0.066715965 -0.037665061 -1.2233051e-19)
(-0.068286601 -0.044180057 -2.3359983e-21)
(-0.06821856 -0.050217095 3.7368369e-20)
(-0.066652601 -0.055559667 -3.4308368e-20)
(-0.063679678 -0.059945316 -6.8386757e-21)
(-0.059528769 -0.063228917 -4.5230731e-21)
(-0.054446426 -0.065309159 -7.9790519e-21)
(-0.048604961 -0.066020971 -1.2823595e-21)
(-0.042289986 -0.065358814 5.2643012e-22)
(-0.035732591 -0.063288079 4.5718336e-20)
(-0.02917868 -0.05983939 -7.1706486e-20)
(-0.022858753 -0.055072954 -7.7562356e-20)
(-0.016987928 -0.049083872 -3.1742557e-20)
(-0.011761191 -0.041999869 -7.3165387e-20)
(-0.0073483033 -0.033975792 1.6386449e-20)
(-0.0038881827 -0.025191141 2.3909944e-20)
(-0.0014943036 -0.015859281 -3.7240831e-20)
(-0.00022750403 -0.0061558655 -4.9833798e-21)
(1.3741564e-05 0.00073995518 -1.2657186e-21)
(4.5139393e-05 0.0010226576 -7.5203287e-23)
(9.234559e-05 0.0012939239 -4.3041115e-21)
(0.00015408907 0.0015488878 1.4382215e-20)
(0.00022897496 0.0017830027 -1.0113522e-20)
(0.00031511248 0.0019919678 -3.0779437e-20)
(0.00041016161 0.0021719602 5.8079924e-21)
(0.00051139077 0.0023197886 2.2914844e-20)
(0.00061577237 0.0024330405 -2.1510178e-20)
(0.00072009374 0.0025103074 4.803698e-20)
(0.00082115655 0.0025511878 8.7086281e-22)
(0.00091599132 0.0025565688 -2.9623384e-20)
(0.0010019184 0.0025284024 -4.8151859e-20)
(0.0010769277 0.002470101 3.8994465e-20)
(0.0011397293 0.0023860541 -4.0949489e-20)
(0.001190133 0.0022819192 -6.5753644e-20)
(0.0012291389 0.0021642114 4.2999752e-20)
(0.0012592386 0.0020403079 -6.8859424e-20)
(0.001284657 0.0019182828 -9.0920122e-20)
(0.0013113793 0.0018063853 5.8913513e-20)
(0.0013476021 0.0017131712 7.5029928e-20)
(0.0014037203 0.0016468971 6.7154535e-20)
(0.0014923223 0.0016150316 5.5147582e-20)
(0.0016274092 0.0016230563 1.3022749e-20)
(0.0018220914 0.0016722644 2.2162314e-20)
(0.0020856715 0.0017580338 -4.7428917e-21)
(0.0024178481 0.0018669033 4.2860705e-20)
(0.0028084268 0.0019796165 -1.1463598e-20)
(0.0032303517 0.0020695379 -9.0127558e-21)
(0.0036452871 0.0021104566 6.2152131e-20)
(0.0040241689 0.0020900564 -8.120923e-20)
(0.0043350932 0.0020010377 -2.4472222e-21)
(0.0045336657 0.0018376196 4.0445558e-20)
(0.0045402285 0.0015907577 2.1116802e-20)
(0.004234277 0.0012557651 -6.729082e-20)
(0.0034499847 0.00084196792 4.2697565e-21)
(0.0020030511 0.00038996784 1.2602673e-20)
(-0.00033038014 -2.5218917e-05 2.3800224e-21)
(-0.0037416281 -0.00027932706 -3.4211852e-21)
(-0.008338095 -0.00018925644 2.1353662e-21)
(-0.014493045 0.00047891264 -3.9818787e-21)
(-0.022049235 0.0020456229 3.2255075e-20)
(-0.030282088 0.0046551247 -4.4572528e-20)
(-0.038739249 0.0083643459 1.7045381e-20)
(-0.04684139 0.013107702 -1.5251477e-20)
(-0.054123079 0.018727025 9.7095957e-20)
(-0.060175709 0.024973498 1.5516811e-20)
(-0.064764835 0.031576352 -1.349657e-19)
(-0.067715648 0.038227095 1.1398305e-19)
(-0.069020125 0.044652277 2.1530707e-21)
(-0.068672611 0.050548962 -3.3897973e-20)
(-0.066864528 0.055733977 3.0388656e-20)
(-0.063643787 0.059908826 -4.6731536e-20)
(-0.059279114 0.062961238 3.4963665e-21)
(-0.054043697 0.064823303 -5.717813e-21)
(-0.048060739 0.065278588 4.6102564e-21)
(-0.041651227 0.064368091 -6.9924514e-22)
(-0.035035334 0.062048969 -5.3308471e-20)
(-0.028460576 0.058361672 7.9318227e-20)
(-0.022155561 0.053372387 8.3324316e-20)
(-0.016332209 0.04718073 3.3456654e-20)
(-0.011182324 0.039920407 7.6059111e-20)
(-0.0068709979 0.031749299 -1.6851485e-20)
(-0.0035322859 0.022852108 4.8327594e-20)
(-0.0012741167 0.013436048 3.7652306e-20)
(-0.00015539371 0.0037105628 5.0043375e-21)
)
;
    }
    frontAndBack
    {
        type            empty;
    }
}


// ************************************************************************* //
