/*--------------------------------*- C++ -*----------------------------------*\
  =========                 |
  \\      /  F ield         | OpenFOAM: The Open Source CFD Toolbox
   \\    /   O peration     | Website:  https://openfoam.org
    \\  /    A nd           | Version:  13
     \\/     M anipulation  |
\*---------------------------------------------------------------------------*/
FoamFile
{
    format      ascii;
    class       volVectorField;
    location    "44.599728";
    object      wallShearStress;
}
// * * * * * * * * * * * * * * * * * * * * * * * * * * * * * * * * * * * * * //

dimensions      [0 2 -2 0 0 0 0];

internalField   uniform (0 0 0);

boundaryField
{
    inlet
    {
        type            calculated;
        value           uniform (0 0 0);
    }
    outlet
    {
        type            calculated;
        value           uniform (0 0 0);
    }
    cylinder
    {
        type            calculated;
        value           nonuniform List<vector> 
132
(
(2.5752039e-05 -0.0016570178 -2.9130249e-22)
(8.0815125e-05 -0.0019015287 8.2865705e-23)
(0.00014987792 -0.0021327299 4.5679938e-21)
(0.00023157813 -0.0023461318 -1.5297432e-20)
(0.00032441614 -0.0025375843 1.0772884e-20)
(0.0004264108 -0.0027030581 3.2832144e-20)
(0.00053515154 -0.0028390132 -6.2035544e-21)
(0.00064780011 -0.0029424186 -2.4505824e-20)
(0.00076128083 -0.0030110566 2.302988e-20)
(0.00087233579 -0.0030434674 -5.1483835e-20)
(0.00097769334 -0.0030393986 -9.3419561e-22)
(0.0010741372 -0.0029994511 3.1803184e-20)
(0.0011589227 -0.0029258317 5.1729422e-20)
(0.001229631 -0.0028213927 -4.1914569e-20)
(0.0012848406 -0.0026907748 4.4034275e-20)
(0.0013239236 -0.0025393161 7.0728611e-20)
(0.0013474248 -0.0023733367 -4.6261669e-20)
(0.0013573836 -0.0022002052 7.408959e-20)
(0.0013570111 -0.002027249 9.7824659e-20)
(0.0013513765 -0.001862476 -6.3381489e-20)
(0.0013470771 -0.0017135752 -8.0705697e-20)
(0.0013527125 -0.0015881834 2.8398459e-23)
(0.0013790487 -0.0014935832 1.1691801e-20)
(0.0014388413 -0.0014360538 -1.3992764e-20)
(0.0015466841 -0.0014203685 -2.3798234e-20)
(0.0017168436 -0.0014477082 5.088866e-21)
(0.0019586413 -0.0015125161 -4.5939153e-20)
(0.0022755772 -0.0016038087 1.2271094e-20)
(0.0026534693 -0.0016994055 9.632638e-21)
(0.0030633868 -0.0017727802 -6.630772e-20)
(0.0034734536 -0.0018031158 8.6461734e-20)
(0.0038511284 -0.001776575 2.6143599e-21)
(0.0041681542 -0.00168808 1.8824209e-20)
(0.0043734478 -0.0015303633 -2.2277586e-20)
(0.0043760639 -0.0012948628 7.0690029e-20)
(0.0040323845 -0.00097910104 -4.4647319e-21)
(0.0031622527 -0.00060373669 1.7986214e-20)
(0.0015392829 -0.00022134913 -2.4666931e-21)
(-0.0010442694 6.1883354e-05 3.5352277e-21)
(-0.0048122382 9.91819e-05 -2.2028808e-21)
(-0.010127377 -0.00034193501 4.1099835e-21)
(-0.01690244 -0.0015740333 -1.2662995e-22)
(-0.024560737 -0.0037813748 4.639148e-20)
(-0.032633164 -0.00705131 -1.785901e-20)
(-0.040498681 -0.011337063 1.6100372e-20)
(-0.047698654 -0.016508215 -1.0338811e-19)
(-0.053788863 -0.022327488 -1.667635e-20)
(-0.058506223 -0.028529058 1.4660591e-19)
(-0.061682031 -0.034824619 -1.2536922e-19)
(-0.063277261 -0.040940245 -2.4054982e-21)
(-0.063310024 -0.046604668 3.8691872e-20)
(-0.061918263 -0.051613928 -3.5774345e-20)
(-0.059205835 -0.05573439 -7.2110753e-21)
(-0.055377927 -0.058820454 -4.8707175e-21)
(-0.050671326 -0.060781293 -9.1967058e-21)
(-0.045263103 -0.061482148 -3.0451837e-22)
(-0.039408608 -0.06090623 4.7970926e-22)
(-0.033327338 -0.059028731 4.3850617e-20)
(-0.027246127 -0.055877123 -7.0016168e-20)
(-0.021378403 -0.051507802 -7.6420262e-20)
(-0.015923063 -0.046009209 -3.1443297e-20)
(-0.01105982 -0.039498515 -7.2728065e-20)
(-0.0069455398 -0.032119199 1.632694e-20)
(-0.0037084257 -0.024035022 2.3862191e-20)
(-0.0014528739 -0.015446175 -3.7206637e-20)
(-0.00023430707 -0.0064998242 -4.9820963e-21)
(-1.5697165e-05 -0.0014011494 -1.3407419e-21)
(-4.3092037e-05 -0.0011333809 -7.9870324e-23)
(-5.5573552e-05 -0.0008550381 -4.5835106e-21)
(-5.212783e-05 -0.00056912543 1.5357751e-20)
(-3.2377572e-05 -0.00028203449 -1.0829729e-20)
(3.8384024e-06 2.6434018e-06 -3.3053865e-20)
(5.5650631e-05 0.00027965484 6.255715e-21)
(0.00012239301 0.00054360582 2.4756729e-20)
(0.00020214469 0.00078939087 -2.3312545e-20)
(0.00029254795 0.0010121893 5.2231261e-20)
(0.00039076143 0.0012077931 9.5000718e-22)
(0.00049366564 0.0013727224 -3.24274e-20)
(0.00059786332 0.0015045234 -5.2890951e-20)
(0.00069993676 0.0016019351 4.2980014e-20)
(0.00079670999 0.0016650847 -4.5288821e-20)
(0.00088551745 0.001695559 -7.2963744e-20)
(0.00096451388 0.0016964591 4.7867784e-20)
(0.001033017 0.0016724005 -7.6887314e-20)
(0.0010917412 0.0016292651 -1.0180551e-19)
(0.0011432735 0.001574261 6.6134647e-20)
(0.0011921771 0.0015153869 8.4415851e-20)
(0.0012452641 0.001461121 7.5699273e-20)
(0.0013119612 0.0014202415 6.226044e-20)
(0.0014035628 0.0014003902 1.4719162e-20)
(0.0015324623 0.0014070943 2.5067189e-20)
(0.001710294 0.0014422042 -5.3659106e-21)
(0.0019431279 0.0015007644 4.8479844e-20)
(0.0022318296 0.0015733328 -1.2957226e-20)
(0.0025663661 0.0016440049 -1.0175008e-20)
(0.0029250803 0.0016930677 7.0054682e-20)
(0.0032856968 0.0017058822 -9.1354089e-20)
(0.0036186023 0.0016695273 -2.7464098e-21)
(0.0038843954 0.0015735187 4.5259084e-20)
(0.0040131348 0.0014049583 2.3547593e-20)
(0.0038975107 0.0011544583 -7.4727253e-20)
(0.0033827735 0.00082346819 4.7192466e-21)
(0.002285285 0.00044041509 1.3857885e-20)
(0.00037281897 6.6168035e-05 2.6031085e-21)
(-0.0025489378 -0.00018440238 -3.7227937e-21)
(-0.0066439702 -0.00014587878 2.3124751e-21)
(-0.01228513 0.00040903393 -4.2937605e-21)
(-0.019313987 0.0017943229 3.4660204e-20)
(-0.027068122 0.0041633244 -4.7763951e-20)
(-0.035070666 0.0075741757 1.8226652e-20)
(-0.042741826 0.011962098 -1.6281097e-20)
(-0.049636831 0.017176237 1.0352377e-19)
(-0.055342584 0.022968603 1.6529501e-20)
(-0.059643709 0.029080048 -1.4374229e-19)
(-0.062389849 0.035220737 1.214578e-19)
(-0.063578816 0.041131963 2.2981783e-21)
(-0.063225298 0.046538981 -3.6318088e-20)
(-0.061510527 0.051270785 3.2787245e-20)
(-0.058497216 0.055063701 -5.1181759e-20)
(-0.054424787 0.057804591 3.968592e-21)
(-0.049557335 0.059441233 -7.8234804e-21)
(-0.044018945 0.059787816 3.4830243e-21)
(-0.038095091 0.058871224 -6.4946921e-22)
(-0.031995081 0.05666314 -5.147922e-20)
(-0.025943662 0.053198686 7.7805423e-20)
(-0.020151289 0.04854185 8.2401726e-20)
(-0.014811579 0.042784812 3.3243029e-20)
(-0.010099825 0.0360514 7.5793278e-20)
(-0.0061665939 0.028487043 -1.6822958e-20)
(-0.0031342175 0.020261947 4.8297662e-20)
(-0.0011000708 0.011564251 3.7649105e-20)
(-0.0001193029 0.0025992524 5.0045363e-21)
)
;
    }
    frontAndBack
    {
        type            empty;
    }
}


// ************************************************************************* //
