/*--------------------------------*- C++ -*----------------------------------*\
  =========                 |
  \\      /  F ield         | OpenFOAM: The Open Source CFD Toolbox
   \\    /   O peration     | Website:  https://openfoam.org
    \\  /    A nd           | Version:  13
     \\/     M anipulation  |
\*---------------------------------------------------------------------------*/
FoamFile
{
    format      ascii;
    class       volVectorField;
    location    "40.196134";
    object      wallShearStress;
}
// * * * * * * * * * * * * * * * * * * * * * * * * * * * * * * * * * * * * * //

dimensions      [0 2 -2 0 0 0 0];

internalField   uniform (0 0 0);

boundaryField
{
    inlet
    {
        type            calculated;
        value           uniform (0 0 0);
    }
    outlet
    {
        type            calculated;
        value           uniform (0 0 0);
    }
    cylinder
    {
        type            calculated;
        value           nonuniform List<vector> 
132
(
(-3.4723874e-07 0.00029411938 -2.8650397e-22)
(3.4758916e-06 1.1847343e-07 8.1262341e-23)
(2.3084647e-05 -0.00028823658 4.4671595e-21)
(5.8308081e-05 -0.00056624075 -1.4917527e-20)
(0.00010809451 -0.00082914301 1.0476285e-20)
(0.00017098873 -0.0010724264 3.184266e-20)
(0.00024509316 -0.0012919219 -6.0011534e-21)
(0.00032809175 -0.0014839932 -2.3648788e-20)
(0.00041733263 -0.0016457197 2.2174173e-20)
(0.00050991857 -0.0017750484 -4.946804e-20)
(0.00060289524 -0.001870935 -8.959539e-22)
(0.00069339314 -0.0019334327 3.0450398e-20)
(0.00077878579 -0.0019637949 4.9458641e-20)
(0.00085700455 -0.0019644163 -4.0026646e-20)
(0.00092661577 -0.0019388371 4.2010422e-20)
(0.00098707257 -0.0018916728 6.7427147e-20)
(0.0010389115 -0.0018284809 -4.4078793e-20)
(0.0010840512 -0.0017557639 7.0568786e-20)
(0.0011258566 -0.0016805453 9.315999e-20)
(0.0011694534 -0.0016103455 -6.035742e-20)
(0.0012218839 -0.00155288 -7.6863185e-20)
(0.001292357 -0.0015158486 2.7064417e-23)
(0.0013921028 -0.0015062604 1.1141096e-20)
(0.0015339372 -0.0015296039 -1.3339277e-20)
(0.0017304361 -0.0015879883 -2.2698957e-20)
(0.0019905184 -0.0016777104 4.8569632e-21)
(0.0023176918 -0.0017894656 -4.387934e-20)
(0.002701395 -0.0019040665 1.173156e-20)
(0.0031202577 -0.0019988283 9.2180946e-21)
(0.0035450081 -0.0020521757 -6.3522859e-20)
(0.0039385103 -0.0020453373 8.2930956e-20)
(0.0042722957 -0.0019717412 2.5110634e-21)
(0.004514121 -0.0018292339 1.8111156e-20)
(0.0045914372 -0.0016079985 -2.1477808e-20)
(0.0043926646 -0.0013016265 6.8310921e-20)
(0.0037602657 -0.0009157216 -4.325071e-21)
(0.0025132642 -0.00048447662 1.7463952e-20)
(0.00042616271 -7.4579133e-05 -2.3995866e-21)
(-0.0026856865 0.00019430289 3.4424911e-21)
(-0.0069894957 0.00015375777 -2.1451948e-21)
(-0.012857494 -0.00042774039 3.9970862e-21)
(-0.020175258 -0.0018741594 -1.2284456e-22)
(-0.028293704 -0.0043518646 4.4842337e-20)
(-0.036743069 -0.0079356722 -1.7195901e-20)
(-0.04493603 -0.012576541 1.5444666e-20)
(-0.052428583 -0.01814279 -9.8805147e-20)
(-0.058754357 -0.024386326 -1.5877377e-20)
(-0.063651955 -0.03103647 1.3903823e-19)
(-0.066937204 -0.037790273 -1.1836189e-19)
(-0.068560454 -0.044357499 -2.2584199e-21)
(-0.068528937 -0.050445803 3.6043696e-20)
(-0.066984033 -0.055836158 -3.2941679e-20)
(-0.0640179 -0.060263909 -6.5054988e-21)
(-0.05986177 -0.063582842 -4.2148278e-21)
(-0.054765101 -0.065691656 -6.8899364e-21)
(-0.048900822 -0.066423122 -2.1872296e-21)
(-0.042557134 -0.065772013 5.7203128e-22)
(-0.035966809 -0.063703303 4.7686127e-20)
(-0.029377503 -0.060247611 -7.3669207e-20)
(-0.023021337 -0.055465257 -7.9057868e-20)
(-0.017114969 -0.049451706 -3.2196044e-20)
(-0.011854736 -0.042334957 -7.3956983e-20)
(-0.0074117748 -0.034270763 1.652038e-20)
(-0.0039260015 -0.025438811 2.4052869e-20)
(-0.0015122259 -0.01605485 -3.7390094e-20)
(-0.00023162127 -0.0062884292 -4.9938345e-21)
(1.1846235e-05 0.00059142361 -1.3224211e-21)
(4.0142734e-05 0.0008927912 -7.9005159e-23)
(8.6119268e-05 0.0011963717 -4.5470881e-21)
(0.00014970633 0.0014970861 1.5279638e-20)
(0.00023061305 0.0017893512 -1.0805217e-20)
(0.00032790132 0.0020672294 -3.3069919e-20)
(0.00043993248 0.0023246176 6.275222e-21)
(0.00056427299 0.0025555404 2.489581e-20)
(0.00069794011 0.0027543325 -2.3497674e-20)
(0.00083727649 0.0029159701 5.2756334e-20)
(0.00097811483 0.003036357 9.6132387e-22)
(0.0011159875 0.0031126555 -3.2866695e-20)
(0.00124637 0.0031435344 -5.3678865e-20)
(0.0013649938 0.0031294231 4.3666675e-20)
(0.001468223 0.0030727094 -4.6048859e-20)
(0.0015534059 0.0029777428 -7.4229e-20)
(0.0016193008 0.0028508306 4.8712942e-20)
(0.0016664767 0.0027001323 -7.8254587e-20)
(0.001697572 0.0025351821 -1.0361057e-19)
(0.0017179101 0.0023670157 6.729671e-20)
(0.0017354419 0.0022071598 8.5878269e-20)
(0.0017611661 0.0020674459 7.699089e-20)
(0.0018086611 0.0019587286 6.330813e-20)
(0.001893376 0.0018897164 1.4964768e-20)
(0.0020310753 0.0018654093 2.5485736e-20)
(0.0022334889 0.0018837952 -5.4567718e-21)
(0.0025069433 0.0019366161 4.9325538e-20)
(0.002842178 0.0020040818 -1.3194799e-20)
(0.0032174053 0.0020616441 -1.0373884e-20)
(0.0036028451 0.0020860838 7.153507e-20)
(0.0039613394 0.0020575657 -9.3462687e-20)
(0.0042497009 0.0019618341 -2.8160655e-21)
(0.0044094935 0.0017876863 4.6527983e-20)
(0.0043506078 0.0015249864 2.4278108e-20)
(0.0039490436 0.0011722736 -7.7287368e-20)
(0.003033498 0.00074231975 4.8964405e-21)
(0.0014196099 0.00028136343 1.4420108e-20)
(-0.0011149186 -0.00012957455 2.7150027e-21)
(-0.0047662235 -0.00036107377 -3.8874523e-21)
(-0.0095936616 -0.00022288186 2.4149135e-21)
(-0.015984133 0.00052527467 -4.4777495e-21)
(-0.023741204 0.002200253 3.6041585e-20)
(-0.032105042 0.0049331453 -4.9492916e-20)
(-0.040631292 0.0087707563 1.8816521e-20)
(-0.048723105 0.013632516 -1.6749625e-20)
(-0.055941673 0.019354706 1.0620164e-19)
(-0.06189047 0.025683161 1.6921483e-20)
(-0.066346296 0.032345604 -1.4696785e-19)
(-0.069150227 0.039035331 1.2414303e-19)
(-0.070301138 0.04547958 2.3507693e-21)
(-0.069799692 0.051377323 -3.7225313e-20)
(-0.067844939 0.056550064 3.3751134e-20)
(-0.064481047 0.060695961 -5.3117441e-20)
(-0.059984471 0.063709578 4.2027176e-21)
(-0.054631569 0.065527708 -8.9965169e-21)
(-0.048537701 0.065925791 2.7516052e-21)
(-0.042030785 0.064954132 -6.1162565e-22)
(-0.035328571 0.062567855 -4.9808657e-20)
(-0.028679217 0.058809647 7.6116982e-20)
(-0.022311061 0.053746669 8.1111586e-20)
(-0.016435721 0.047479483 3.2855839e-20)
(-0.011244757 0.040143012 7.5136843e-20)
(-0.0069027958 0.031895842 -1.6718298e-20)
(-0.0035435577 0.02292402 4.8101574e-20)
(-0.0012742579 0.013434798 3.7574043e-20)
(-0.00015363316 0.0036437996 5.0049571e-21)
)
;
    }
    frontAndBack
    {
        type            empty;
    }
}


// ************************************************************************* //
