/*--------------------------------*- C++ -*----------------------------------*\
  =========                 |
  \\      /  F ield         | OpenFOAM: The Open Source CFD Toolbox
   \\    /   O peration     | Website:  https://openfoam.org
    \\  /    A nd           | Version:  13
     \\/     M anipulation  |
\*---------------------------------------------------------------------------*/
FoamFile
{
    format      ascii;
    class       volScalarField;
    location    "0.001";
    object      rho_0;
}
// * * * * * * * * * * * * * * * * * * * * * * * * * * * * * * * * * * * * * //

dimensions      [1 -3 0 0 0 0 0];

internalField   nonuniform List<scalar> 
1000
(
0.997575
0.997575
0.997575
0.997575
0.997575
0.997575
0.997575
0.997575
0.997575
0.997575
0.997575
0.997575
0.997575
0.997575
0.997575
0.997575
0.997575
0.997575
0.997575
0.997575
0.997575
0.997575
0.997575
0.997575
0.997575
0.997575
0.997575
0.997575
0.997575
0.997575
0.997575
0.997575
0.997575
0.997575
0.997575
0.997575
0.997575
0.997575
0.997575
0.997575
0.997575
0.997575
0.997575
0.997575
0.997575
0.997575
0.997575
0.997575
0.997575
0.997575
0.997575
0.997575
0.997575
0.997575
0.997575
0.997575
0.997575
0.997575
0.997575
0.997575
0.997575
0.997575
0.997575
0.997575
0.997575
0.997575
0.997575
0.997575
0.997575
0.997575
0.997575
0.997575
0.997575
0.997575
0.997575
0.997575
0.997575
0.997575
0.997575
0.997575
0.997575
0.997575
0.997575
0.997575
0.997575
0.997575
0.997575
0.997575
0.997575
0.997575
0.997575
0.997575
0.997575
0.997575
0.997575
0.997575
0.997575
0.997575
0.997575
0.997575
0.997575
0.997575
0.997575
0.997575
0.997575
0.997575
0.997575
0.997575
0.997575
0.997575
0.997575
0.997575
0.997575
0.997575
0.997575
0.997575
0.997575
0.997575
0.997575
0.997575
0.997575
0.997575
0.997575
0.997575
0.997575
0.997575
0.997575
0.997575
0.997575
0.997575
0.997575
0.997575
0.997575
0.997575
0.997575
0.997575
0.997575
0.997575
0.997575
0.997575
0.997575
0.997575
0.997575
0.997575
0.997575
0.997575
0.997575
0.997575
0.997575
0.997575
0.997575
0.997575
0.997575
0.997575
0.997575
0.997575
0.997575
0.997575
0.997575
0.997575
0.997575
0.997575
0.997575
0.997575
0.997575
0.997575
0.997575
0.997575
0.997575
0.997575
0.997575
0.997575
0.997575
0.997575
0.997575
0.997575
0.997575
0.997575
0.997575
0.997575
0.997575
0.997575
0.997575
0.997575
0.997575
0.997575
0.997575
0.997575
0.997575
0.997575
0.997575
0.997575
0.997575
0.997575
0.997575
0.997575
0.997575
0.997575
0.997575
0.997575
0.997575
0.997575
0.997575
0.997575
0.997575
0.997575
0.997575
0.997575
0.997575
0.997575
0.997575
0.997575
0.997575
0.997575
0.997575
0.997575
0.997575
0.997575
0.997575
0.997575
0.997575
0.997575
0.997575
0.997575
0.997575
0.997575
0.997575
0.997575
0.997575
0.997575
0.997575
0.997575
0.997575
0.997575
0.997575
0.997575
0.997575
0.997575
0.997575
0.997575
0.997575
0.997575
0.997575
0.997575
0.997575
0.997575
0.997575
0.997575
0.997575
0.997575
0.997575
0.997575
0.997575
0.997575
0.997575
0.997575
0.997575
0.997575
0.997575
0.997575
0.997575
0.997575
0.997575
0.997575
0.997575
0.997575
0.997575
0.997575
0.997575
0.997575
0.997575
0.997575
0.997575
0.997575
0.997575
0.997575
0.997575
0.997575
0.997575
0.997575
0.997575
0.997575
0.997575
0.997575
0.997575
0.997575
0.997575
0.997575
0.997575
0.997575
0.997575
0.997575
0.997575
0.997575
0.997575
0.997575
0.997575
0.997575
0.997575
0.997575
0.997575
0.997575
0.997575
0.997575
0.997575
0.997575
0.997575
0.997575
0.997575
0.997575
0.997575
0.997575
0.997575
0.997575
0.997575
0.997575
0.997575
0.997575
0.997575
0.997575
0.997575
0.997575
0.997575
0.997575
0.997575
0.997575
0.997575
0.997575
0.997575
0.997575
0.997575
0.997575
0.997575
0.997575
0.997575
0.997575
0.997575
0.997575
0.997575
0.997575
0.997575
0.997575
0.997575
0.997575
0.997575
0.997575
0.997575
0.997575
0.997575
0.997575
0.997575
0.997575
0.997575
0.997575
0.997575
0.997575
0.997575
0.997575
0.997575
0.997575
0.997575
0.997575
0.997575
0.997575
0.997575
0.997575
0.997575
0.997575
0.997575
0.997575
0.997575
0.997575
0.997575
0.997575
0.997575
0.997575
0.997575
0.997575
0.997575
0.997575
0.997575
0.997575
0.997575
0.997575
0.997575
0.997575
0.997575
0.997575
0.997575
0.997575
0.997575
0.997575
0.997575
0.997575
0.997575
0.997575
0.997575
0.997575
0.997575
0.997575
0.997575
0.997575
0.997575
0.997575
0.997575
0.997575
0.997575
0.997575
0.997575
0.997575
0.997575
0.997575
0.997575
0.997575
0.997575
0.997575
0.997575
0.997575
0.997575
0.997575
0.997575
0.997575
0.997575
0.997575
0.997575
0.997575
0.997575
0.997575
0.997575
0.997575
0.997575
0.997575
0.997575
0.997575
0.997575
0.997575
0.997575
0.997575
0.997575
0.997575
0.997575
0.997575
0.997575
0.997574
0.997574
0.997574
0.997573
0.997572
0.997568
0.997558
0.997537
0.997491
0.997394
0.997198
0.99682
0.99612
0.994889
0.992833
0.989589
0.984771
0.978048
0.969254
0.958467
0.946015
0.932318
0.917732
0.902525
0.886886
0.870953
0.854828
0.838586
0.822286
0.805972
0.789682
0.773446
0.757291
0.741238
0.72531
0.709523
0.693895
0.678441
0.663176
0.648111
0.633259
0.618632
0.604239
0.590091
0.576195
0.562563
0.549202
0.536124
0.523338
0.510858
0.498698
0.486876
0.475417
0.464349
0.453711
0.443554
0.433943
0.424967
0.416737
0.409405
0.403163
0.398253
0.39497
0.393647
0.394615
0.398111
0.404139
0.412286
0.421604
0.430675
0.437744
0.441263
0.440627
0.436462
0.43028
0.423845
0.418802
0.416362
0.416865
0.419441
0.421846
0.420629
0.412327
0.39574
0.372826
0.347458
0.323362
0.302809
0.286718
0.275234
0.26815
0.264888
0.264429
0.265471
0.266845
0.267851
0.2683
0.268386
0.268419
0.268426
0.268289
0.268333
0.268636
0.268125
0.267394
0.269178
0.269799
0.263579
0.265006
0.280855
0.256971
0.186607
0.141256
0.127788
0.125195
0.124778
0.12471
0.124699
0.124697
0.124697
0.124697
0.124697
0.124697
0.124697
0.124697
0.124697
0.124697
0.124697
0.124697
0.124697
0.124697
0.124697
0.124697
0.124697
0.124697
0.124697
0.124697
0.124697
0.124697
0.124697
0.124697
0.124697
0.124697
0.124697
0.124697
0.124697
0.124697
0.124697
0.124697
0.124697
0.124697
0.124697
0.124697
0.124697
0.124697
0.124697
0.124697
0.124697
0.124697
0.124697
0.124697
0.124697
0.124697
0.124697
0.124697
0.124697
0.124697
0.124697
0.124697
0.124697
0.124697
0.124697
0.124697
0.124697
0.124697
0.124697
0.124697
0.124697
0.124697
0.124697
0.124697
0.124697
0.124697
0.124697
0.124697
0.124697
0.124697
0.124697
0.124697
0.124697
0.124697
0.124697
0.124697
0.124697
0.124697
0.124697
0.124697
0.124697
0.124697
0.124697
0.124697
0.124697
0.124697
0.124697
0.124697
0.124697
0.124697
0.124697
0.124697
0.124697
0.124697
0.124697
0.124697
0.124697
0.124697
0.124697
0.124697
0.124697
0.124697
0.124697
0.124697
0.124697
0.124697
0.124697
0.124697
0.124697
0.124697
0.124697
0.124697
0.124697
0.124697
0.124697
0.124697
0.124697
0.124697
0.124697
0.124697
0.124697
0.124697
0.124697
0.124697
0.124697
0.124697
0.124697
0.124697
0.124697
0.124697
0.124697
0.124697
0.124697
0.124697
0.124697
0.124697
0.124697
0.124697
0.124697
0.124697
0.124697
0.124697
0.124697
0.124697
0.124697
0.124697
0.124697
0.124697
0.124697
0.124697
0.124697
0.124697
0.124697
0.124697
0.124697
0.124697
0.124697
0.124697
0.124697
0.124697
0.124697
0.124697
0.124697
0.124697
0.124697
0.124697
0.124697
0.124697
0.124697
0.124697
0.124697
0.124697
0.124697
0.124697
0.124697
0.124697
0.124697
0.124697
0.124697
0.124697
0.124697
0.124697
0.124697
0.124697
0.124697
0.124697
0.124697
0.124697
0.124697
0.124697
0.124697
0.124697
0.124697
0.124697
0.124697
0.124697
0.124697
0.124697
0.124697
0.124697
0.124697
0.124697
0.124697
0.124697
0.124697
0.124697
0.124697
0.124697
0.124697
0.124697
0.124697
0.124697
0.124697
0.124697
0.124697
0.124697
0.124697
0.124697
0.124697
0.124697
0.124697
0.124697
0.124697
0.124697
0.124697
0.124697
0.124697
0.124697
0.124697
0.124697
0.124697
0.124697
0.124697
0.124697
0.124697
0.124697
0.124697
0.124697
0.124697
0.124697
0.124697
0.124697
0.124697
0.124697
0.124697
0.124697
0.124697
0.124697
0.124697
0.124697
0.124697
0.124697
0.124697
0.124697
0.124697
0.124697
0.124697
0.124697
0.124697
0.124697
0.124697
0.124697
0.124697
0.124697
0.124697
0.124697
0.124697
0.124697
0.124697
0.124697
0.124697
0.124697
0.124697
0.124697
0.124697
0.124697
0.124697
0.124697
0.124697
0.124697
0.124697
0.124697
0.124697
0.124697
0.124697
0.124697
0.124697
0.124697
0.124697
0.124697
0.124697
0.124697
0.124697
0.124697
0.124697
0.124697
0.124697
0.124697
0.124697
0.124697
0.124697
0.124697
0.124697
0.124697
0.124697
0.124697
0.124697
0.124697
0.124697
0.124697
0.124697
0.124697
0.124697
0.124697
0.124697
0.124697
0.124697
0.124697
0.124697
0.124697
0.124697
0.124697
0.124697
0.124697
0.124697
0.124697
0.124697
0.124697
0.124697
0.124697
0.124697
0.124697
0.124697
0.124697
0.124697
0.124697
0.124697
0.124697
0.124697
0.124697
0.124697
0.124697
0.124697
0.124697
0.124697
0.124697
0.124697
0.124697
0.124697
0.124697
0.124697
0.124697
0.124697
0.124697
0.124697
0.124697
0.124697
0.124697
0.124697
0.124697
0.124697
0.124697
0.124697
0.124697
0.124697
0.124697
0.124697
0.124697
0.124697
0.124697
0.124697
0.124697
0.124697
0.124697
0.124697
0.124697
0.124697
0.124697
0.124697
0.124697
0.124697
0.124697
0.124697
0.124697
0.124697
0.124697
0.124697
0.124697
0.124697
0.124697
0.124697
0.124697
0.124697
0.124697
0.124697
0.124697
0.124697
0.124697
0.124697
0.124697
0.124697
0.124697
0.124697
0.124697
0.124697
0.124697
0.124697
0.124697
0.124697
0.124697
0.124697
0.124697
0.124697
0.124697
0.124697
0.124697
0.124697
0.124697
0.124697
0.124697
0.124697
0.124697
0.124697
0.124697
0.124697
0.124697
0.124697
0.124697
0.124697
0.124697
0.124697
0.124697
0.124697
0.124697
0.124697
0.124697
0.124697
0.124697
0.124697
0.124697
)
;

boundaryField
{
    sides
    {
        type            calculated;
        value           nonuniform List<scalar> 2(0.124697 0.997575);
    }
    empty
    {
        type            empty;
    }
}


// ************************************************************************* //
