/*--------------------------------*- C++ -*----------------------------------*\
  =========                 |
  \\      /  F ield         | OpenFOAM: The Open Source CFD Toolbox
   \\    /   O peration     | Website:  https://openfoam.org
    \\  /    A nd           | Version:  13
     \\/     M anipulation  |
\*---------------------------------------------------------------------------*/
FoamFile
{
    format      ascii;
    class       volVectorField;
    location    "1.200769";
    object      wallShearStress;
}
// * * * * * * * * * * * * * * * * * * * * * * * * * * * * * * * * * * * * * //

dimensions      [0 2 -2 0 0 0 0];

internalField   uniform (0 0 0);

boundaryField
{
    inlet
    {
        type            calculated;
        value           uniform (0 0 0);
    }
    outlet
    {
        type            calculated;
        value           uniform (0 0 0);
    }
    cylinder
    {
        type            calculated;
        value           nonuniform List<vector> 
132
(
(5.565589e-05 -0.00089280311 -2.5582373e-22)
(0.00023122945 -0.0045768015 7.3478398e-23)
(0.00061248507 -0.0082481962 4.1532936e-21)
(0.0011986919 -0.011840731 -1.4433999e-20)
(0.0019820039 -0.015286343 1.0669484e-20)
(0.002946892 -0.018515629 3.4449113e-20)
(0.0040683071 -0.021459485 -6.9437502e-21)
(0.0053147981 -0.024047955 -2.9385298e-20)
(0.0066450037 -0.026212214 2.9638015e-20)
(0.008007812 -0.027885828 -7.1063248e-20)
(0.0093435442 -0.029009533 -1.3781012e-21)
(0.010586111 -0.029537075 4.9999916e-20)
(0.011666206 -0.029440404 8.6059154e-20)
(0.01252043 -0.028725909 -7.3237758e-20)
(0.013095628 -0.027431542 8.012385e-20)
(0.013362468 -0.025641987 1.3279822e-19)
(0.013313073 -0.02346671 -8.8794309e-20)
(0.012968065 -0.021040241 1.4404148e-19)
(0.012387331 -0.018526665 1.909823e-19)
(0.011646872 -0.016071674 -1.2331804e-19)
(0.010836866 -0.01380221 -1.5552939e-19)
(0.010048472 -0.011813328 5.4166494e-23)
(0.0093613774 -0.010153778 2.1856349e-20)
(0.0088321028 -0.0088293997 -2.5716679e-20)
(0.0084839178 -0.0078053605 -4.3062708e-20)
(0.008300545 -0.0070137559 9.0949798e-21)
(0.0082237632 -0.0063657744 -8.1461718e-20)
(0.0081634405 -0.0057687435 2.1701825e-20)
(0.0080165262 -0.0051491201 1.7078815e-20)
(0.0076871594 -0.0044631295 -1.1843138e-19)
(0.0070878935 -0.0036938476 1.5624575e-19)
(0.0061316221 -0.0028434813 4.7987214e-21)
(0.0047147749 -0.001925636 3.5215395e-20)
(0.0027254103 -0.00097214149 -4.2572118e-20)
(3.6088812e-05 -3.4069677e-05 1.3814059e-19)
(-0.0034697766 0.00081381262 -8.9109666e-21)
(-0.0078614537 0.0014507693 3.6540648e-20)
(-0.013220878 0.0017478771 -5.0715553e-21)
(-0.019424504 0.0015377178 7.2943685e-21)
(-0.026458725 0.00067286222 -4.5208458e-21)
(-0.034526426 -0.0010941933 8.3006294e-21)
(-0.043095064 -0.0039622705 -2.4898824e-22)
(-0.051367062 -0.0078643485 8.8350304e-20)
(-0.059070299 -0.012726714 -3.2843506e-20)
(-0.065768736 -0.018381047 2.860127e-20)
(-0.071282386 -0.02464058 -1.7783072e-19)
(-0.075385467 -0.031262985 -2.7886728e-20)
(-0.078004177 -0.038011623 2.3958625e-19)
(-0.079081101 -0.044626368 -2.0144238e-19)
(-0.07866982 -0.050880889 -3.8277305e-21)
(-0.076796989 -0.056517311 6.1539775e-20)
(-0.073673705 -0.061399882 -5.7652327e-20)
(-0.069320998 -0.065244857 -1.2032481e-20)
(-0.063997503 -0.067966415 -8.8456594e-21)
(-0.057972462 -0.069531003 -2.12777e-20)
(-0.051324376 -0.069708191 8.0210974e-21)
(-0.044361152 -0.068554286 1.5042342e-22)
(-0.037280625 -0.066025297 3.3716829e-20)
(-0.030310314 -0.062156369 -6.4089883e-20)
(-0.023663261 -0.057008198 -7.5218783e-20)
(-0.017538022 -0.050670898 -3.2143069e-20)
(-0.012116771 -0.043267854 -7.5993032e-20)
(-0.007558503 -0.03494634 1.7287144e-20)
(-0.003994966 -0.025879368 2.5466138e-20)
(-0.0015334933 -0.01627262 -3.9877546e-20)
(-0.00023306838 -0.0062977747 -5.3475676e-21)
(8.1110648e-05 0.0027745645 -1.181029e-21)
(0.00030689753 0.0064295324 -7.1535795e-23)
(0.00073575317 0.010042457 -4.2268867e-21)
(0.0013645514 0.013547765 1.4761268e-20)
(0.0021831232 0.016879085 -1.0959096e-20)
(0.0031734064 0.019968013 -3.5493174e-20)
(0.0043081443 0.022746943 7.1668807e-21)
(0.0055538891 0.025146975 3.034573e-20)
(0.0068669171 0.027101431 -3.058904e-20)
(0.0081942187 0.028546514 7.3231943e-20)
(0.0094753486 0.029428646 1.4169247e-21)
(0.010644411 0.029708346 -5.1253421e-20)
(0.011634262 0.029367195 -8.7913067e-20)
(0.012389656 0.028432262 7.4529127e-20)
(0.012855177 0.026933288 -8.1224384e-20)
(0.013026356 0.025001043 -1.3407237e-19)
(0.012893895 0.022731115 8.932048e-20)
(0.012484981 0.020258564 -1.4437138e-19)
(0.011877556 0.017765355 -1.9085224e-19)
(0.011136768 0.015367248 1.2292944e-19)
(0.010361457 0.013195928 1.5477553e-19)
(0.0096308731 0.011321551 1.3643641e-19)
(0.0090198262 0.0097822376 1.1014713e-19)
(0.0085711778 0.0085674572 2.5572277e-20)
(0.0082968575 0.0076323571 4.2868942e-20)
(0.0081672228 0.0069008449 -9.0689068e-21)
(0.008114897 0.0062813685 8.1385621e-20)
(0.0080455071 0.0056857046 -2.1725403e-20)
(0.0078593259 0.0050487611 -1.7130287e-20)
(0.007466026 0.0043356234 1.190001e-19)
(0.0067801443 0.0035346818 -1.5725815e-19)
(0.0057135928 0.0026513932 -4.8089669e-21)
(0.0041583095 0.0017012426 8.0881605e-20)
(0.0020007643 0.00071987586 4.3035479e-20)
(-0.00088725444 -0.00023731208 -1.3978026e-19)
(-0.0046115605 -0.0010884722 9.0221103e-21)
(-0.0092341648 -0.0017077163 2.6984335e-20)
(-0.014821263 -0.0019622288 5.1328157e-21)
(-0.02122391 -0.0016826944 -7.3745461e-21)
(-0.02841661 -0.00072521301 4.5631905e-21)
(-0.03658001 0.0011566834 -8.3595078e-21)
(-0.045178073 0.0041516774 6.5980787e-20)
(-0.053404656 0.0081743287 -8.8450959e-20)
(-0.060978231 0.013136017 3.2765039e-20)
(-0.067491322 0.01886034 -2.8429304e-20)
(-0.072779371 0.025155769 1.7604889e-19)
(-0.076625809 0.031775156 2.7488955e-20)
(-0.078976634 0.038483332 -2.350334e-19)
(-0.079779876 0.045018562 1.9652812e-19)
(-0.079107781 0.051162016 3.7099851e-21)
(-0.076978383 0.056648653 -5.9151273e-20)
(-0.073639333 0.061369108 5.4821156e-20)
(-0.069076366 0.065012147 -9.06772e-20)
(-0.063572972 0.067513191 8.0505703e-21)
(-0.057423679 0.068870184 -2.51964e-20)
(-0.050665496 0.068810307 -5.3254481e-21)
(-0.043633992 0.067427169 -2.9212338e-22)
(-0.036518404 0.06467136 -4.0016884e-20)
(-0.029546545 0.060585228 7.0470384e-20)
(-0.022929781 0.055234879 8.008728e-20)
(-0.01686357 0.048713835 3.360074e-20)
(-0.011527244 0.041150505 7.8466421e-20)
(-0.007075651 0.032694324 -1.7686246e-20)
(-0.0036363938 0.023522974 5.1287597e-20)
(-0.001312086 0.01383613 4.0232408e-20)
(-0.00016059643 0.0038409393 5.3662825e-21)
)
;
    }
    frontAndBack
    {
        type            empty;
    }
}


// ************************************************************************* //
