/*--------------------------------*- C++ -*----------------------------------*\
  =========                 |
  \\      /  F ield         | OpenFOAM: The Open Source CFD Toolbox
   \\    /   O peration     | Website:  https://openfoam.org
    \\  /    A nd           | Version:  13
     \\/     M anipulation  |
\*---------------------------------------------------------------------------*/
FoamFile
{
    format      ascii;
    class       volVectorField;
    location    "38.696566";
    object      wallShearStress;
}
// * * * * * * * * * * * * * * * * * * * * * * * * * * * * * * * * * * * * * //

dimensions      [0 2 -2 0 0 0 0];

internalField   uniform (0 0 0);

boundaryField
{
    inlet
    {
        type            calculated;
        value           uniform (0 0 0);
    }
    outlet
    {
        type            calculated;
        value           uniform (0 0 0);
    }
    cylinder
    {
        type            calculated;
        value           nonuniform List<vector> 
132
(
(3.0163052e-05 -0.001947798 -2.8202955e-22)
(9.4701347e-05 -0.002228995 8.0353943e-23)
(0.00017559914 -0.0024984099 4.4364794e-21)
(0.00027160009 -0.0027508781 -1.4880743e-20)
(0.00038126962 -0.0029814067 1.0496279e-20)
(0.00050258557 -0.0031849846 3.2040584e-20)
(0.00063296536 -0.0033569785 -6.0636881e-21)
(0.000769228 -0.0034932213 -2.3991278e-20)
(0.00090791339 -0.0035903159 2.2581448e-20)
(0.0010451398 -0.0036456968 -5.0557993e-20)
(0.0011769073 -0.0036580998 -9.1872676e-22)
(0.0012991994 -0.003627381 3.1321253e-20)
(0.0014083799 -0.0035551425 5.1013736e-20)
(0.0015012629 -0.003444249 -4.1386638e-20)
(0.0015755509 -0.0032992632 4.3530485e-20)
(0.0016300414 -0.0031261939 6.9994411e-20)
(0.0016649495 -0.0029324244 -4.5826119e-20)
(0.0016823012 -0.0027267315 7.3456066e-20)
(0.0016858786 -0.0025184592 9.7063271e-20)
(0.0016817777 -0.0023177874 -6.2930813e-20)
(0.0016783882 -0.0021350003 -8.0179451e-20)
(0.0016867764 -0.0019803844 2.8220151e-23)
(0.0017206902 -0.0018635906 1.1627209e-20)
(0.0017960847 -0.0017926115 -1.3921922e-20)
(0.001929711 -0.0017721718 -2.3689573e-20)
(0.0021356004 -0.0018009624 5.0685623e-21)
(0.0024215157 -0.0018702495 -4.5788862e-20)
(0.0027803694 -0.0019600498 1.2242353e-20)
(0.0031913388 -0.0020444712 9.6208097e-21)
(0.0036199737 -0.0020955813 -6.631701e-20)
(0.0040215801 -0.0020884772 8.6614443e-20)
(0.0043593613 -0.0020119788 2.6238783e-21)
(0.0045939257 -0.0018617043 1.8934558e-20)
(0.0046508353 -0.0016290001 -2.2465267e-20)
(0.0044192451 -0.0013097763 7.1482508e-20)
(0.0037410203 -0.00091144985 -4.5274868e-21)
(0.0024340388 -0.00047003504 1.8285631e-20)
(0.00027176506 -5.4330063e-05 -2.5126528e-21)
(-0.0029307031 0.00021347514 3.6041562e-21)
(-0.0073268319 0.00016207375 -2.2450567e-21)
(-0.013291951 -0.00044152015 4.1804108e-21)
(-0.020700238 -0.0019223876 -1.2835924e-22)
(-0.028882564 -0.0044419228 4.6811561e-20)
(-0.037375017 -0.0080716868 -1.7935991e-20)
(-0.045591478 -0.012759552 1.6099054e-20)
(-0.053080405 -0.018367936 -1.0296251e-19)
(-0.059390131 -0.024649765 -1.655022e-20)
(-0.06426306 -0.031334046 1.4506293e-19)
(-0.067516569 -0.038117032 -1.2372393e-19)
(-0.0691062 -0.044710322 -2.368083e-21)
(-0.069041596 -0.050822984 3.799037e-20)
(-0.067460545 -0.056233217 -3.5012613e-20)
(-0.064464086 -0.060683912 -7.0234618e-21)
(-0.060279034 -0.064026039 -4.7018548e-21)
(-0.055149013 -0.066152261 -8.6292798e-21)
(-0.049256861 -0.066906957 -7.3711555e-22)
(-0.042884355 -0.066278083 4.9914975e-22)
(-0.036265726 -0.064233277 4.4567774e-20)
(-0.029647807 -0.060802755 -7.0601957e-20)
(-0.023262203 -0.056046778 -7.6764641e-20)
(-0.01732522 -0.050061038 -3.1516939e-20)
(-0.012032598 -0.042973077 -7.2805336e-20)
(-0.0075551892 -0.034939033 1.6332121e-20)
(-0.0040324182 -0.026137577 2.3860857e-20)
(-0.001578835 -0.016787574 -3.7201884e-20)
(-0.00025408656 -0.0070495038 -4.9824009e-21)
(-1.8738843e-05 -0.0016569516 -1.2960675e-21)
(-5.1811964e-05 -0.0013558832 -7.7090936e-23)
(-6.8395035e-05 -0.0010464562 -4.4170829e-21)
(-6.7637226e-05 -0.00073173509 1.4777023e-20)
(-4.9437106e-05 -0.00041885479 -1.0404024e-20)
(-1.3892258e-05 -0.00011169383 -3.1705498e-20)
(3.8125637e-05 0.00018436356 5.9913106e-21)
(0.00010503137 0.00046422437 2.3675046e-20)
(0.00018542313 0.00072301261 -2.2261273e-20)
(0.00027659388 0.00095640262 4.9805088e-20)
(0.00037573881 0.0011608093 9.0465587e-22)
(0.00047973282 0.0013335505 -3.0838867e-20)
(0.00058546307 0.0014729711 -5.0238817e-20)
(0.00068992748 0.0015787099 4.077886e-20)
(0.00079044094 0.0016516583 -4.2925326e-20)
(0.00088504641 0.0016942994 -6.9092497e-20)
(0.00097258645 0.0017102457 4.529165e-20)
(0.0010533899 0.0017049026 -7.2699793e-20)
(0.0011290226 0.0016843408 -9.6206777e-20)
(0.0012033448 0.0016563308 6.2470576e-20)
(0.0012822098 0.0016290974 7.9713821e-20)
(0.0013735941 0.0016109061 7.1469813e-20)
(0.0014879656 0.0016099677 5.8778648e-20)
(0.001636483 0.001632042 1.3897372e-20)
(0.0018302188 0.0016799096 2.3673446e-20)
(0.0020757675 0.0017500464 -5.0697392e-21)
(0.0023755259 0.0018346566 4.5831094e-20)
(0.0027217728 0.0019189534 -1.2259411e-20)
(0.0030958587 0.0019836639 -9.6365576e-21)
(0.0034730047 0.0020108649 6.6427557e-20)
(0.003822156 0.0019852125 -8.6752317e-20)
(0.0041115089 0.0018978792 -2.6125609e-21)
(0.0042930381 0.0017401964 4.3144259e-20)
(0.0042774963 0.001498968 2.2502774e-20)
(0.0039422945 0.0011696896 -7.1610045e-20)
(0.0031222911 0.00076301466 4.5356935e-21)
(0.0016353493 0.00032102416 1.3357059e-20)
(-0.00073908427 -8.0046229e-05 2.5153579e-21)
(-0.0041968995 -0.00031602119 -3.6035408e-21)
(-0.0088230398 -0.00020281148 2.2405642e-21)
(-0.014994887 0.00049414418 -4.1599097e-21)
(-0.02255002 0.0020910806 3.3540376e-20)
(-0.030754734 0.0047268711 -4.613902e-20)
(-0.03916257 0.0084549402 1.7571022e-20)
(-0.047200016 0.013207502 -1.5662803e-20)
(-0.054405518 0.018824267 9.9385192e-20)
(-0.060377132 0.025056368 1.583717e-20)
(-0.064886425 0.031634966 -1.3741575e-19)
(-0.067760556 0.038251829 1.1580991e-19)
(-0.068997213 0.04463687 2.1837238e-21)
(-0.068586825 0.050485261 -3.4328516e-20)
(-0.066730651 0.055621848 3.0739369e-20)
(-0.063463683 0.05973868 -4.7214496e-20)
(-0.059063233 0.062731386 3.5316171e-21)
(-0.05380815 0.064540138 -5.7839637e-21)
(-0.047807146 0.064933395 4.6282661e-21)
(-0.041390321 0.06396401 -7.0286104e-22)
(-0.034774278 0.061585545 -5.3570761e-20)
(-0.028206865 0.057840017 7.9672784e-20)
(-0.021916277 0.052794083 8.3655439e-20)
(-0.016113962 0.046547597 3.3572367e-20)
(-0.010991434 0.039234877 7.6282233e-20)
(-0.0067133736 0.031014083 -1.6891786e-20)
(-0.0034134425 0.022070535 4.8415602e-20)
(-0.0011991147 0.01260963 3.7698038e-20)
(-0.00013038338 0.0028539724 5.0071822e-21)
)
;
    }
    frontAndBack
    {
        type            empty;
    }
}


// ************************************************************************* //
