/*--------------------------------*- C++ -*----------------------------------*\
  =========                 |
  \\      /  F ield         | OpenFOAM: The Open Source CFD Toolbox
   \\    /   O peration     | Website:  https://openfoam.org
    \\  /    A nd           | Version:  13
     \\/     M anipulation  |
\*---------------------------------------------------------------------------*/
FoamFile
{
    format      ascii;
    class       volVectorField;
    location    "8.09818";
    object      wallShearStress;
}
// * * * * * * * * * * * * * * * * * * * * * * * * * * * * * * * * * * * * * //

dimensions      [0 2 -2 0 0 0 0];

internalField   uniform (0 0 0);

boundaryField
{
    inlet
    {
        type            calculated;
        value           uniform (0 0 0);
    }
    outlet
    {
        type            calculated;
        value           uniform (0 0 0);
    }
    cylinder
    {
        type            calculated;
        value           nonuniform List<vector> 
132
(
(0.00010578782 -0.001888015 -1.1490673e-22)
(0.0004394264 -0.0087846485 3.3409835e-23)
(0.0011479849 -0.015528257 1.9502805e-21)
(0.0022082883 -0.021885262 -7.05679e-21)
(0.0035710789 -0.027622872 5.4560784e-21)
(0.0051609549 -0.032518096 1.840502e-20)
(0.0068773753 -0.036373288 -3.8542503e-21)
(0.0086025775 -0.03902869 -1.6800241e-20)
(0.010207619 -0.040375674 1.7276953e-20)
(0.011559866 -0.040368551 -4.179399e-20)
(0.012535512 -0.039033527 -8.0976651e-22)
(0.013033099 -0.036475909 2.9070563e-20)
(0.012986649 -0.03287911 4.9154681e-20)
(0.012380111 -0.028503443 -4.0857291e-20)
(0.011251955 -0.023660187 4.3501562e-20)
(0.0097007917 -0.0186942 7.0068063e-20)
(0.0078706803 -0.013938633 -4.5573121e-20)
(0.0059308224 -0.0096749079 7.213975e-20)
(0.0040537394 -0.0061036047 9.3812238e-20)
(0.0023773646 -0.0033125761 -5.978397e-20)
(0.00099653277 -0.0012968363 -7.4910203e-20)
(-6.4565976e-05 5.6703137e-05 2.5936256e-23)
(-0.00081900747 0.00087571675 1.0557091e-20)
(-0.0013169698 0.0013095425 -1.2494428e-20)
(-0.0015388902 0.0014148669 -2.1028751e-20)
(-0.0013617548 0.0011574494 4.449276e-21)
(-0.00054897986 0.00043924409 -3.9778361e-20)
(0.00083235381 -0.00057017264 1.0560487e-20)
(0.0024209052 -0.001538017 8.2792963e-21)
(0.003747847 -0.0021630602 -5.7176397e-20)
(0.0045229304 -0.0023475341 7.4924073e-20)
(0.004853449 -0.0022409368 2.2754436e-21)
(0.0049810261 -0.0020192197 1.6434963e-20)
(0.0050444705 -0.0017662814 -1.9501282e-20)
(0.0049561485 -0.0014671239 6.2072762e-20)
(0.0045063233 -0.0010946591 -3.9355838e-21)
(0.0034780709 -0.00066453445 1.5926966e-20)
(0.0016325244 -0.00023564169 -2.1956071e-21)
(-0.0012386267 7.5229701e-05 3.164412e-21)
(-0.0053657134 0.000111345 -1.9834171e-21)
(-0.011117055 -0.00037467476 3.7234758e-21)
(-0.018427901 -0.0017156126 -1.1546593e-22)
(-0.026691993 -0.004109107 4.253855e-20)
(-0.035421062 -0.0076535073 -1.6460658e-20)
(-0.043973344 -0.012309742 1.4905855e-20)
(-0.051858975 -0.017948051 -9.6056072e-20)
(-0.058581744 -0.024317504 -1.553115e-20)
(-0.063842259 -0.031131718 1.366767e-19)
(-0.067435581 -0.038073739 -1.16784e-19)
(-0.069300888 -0.044838305 -2.2336223e-21)
(-0.069441913 -0.051119315 3.567829e-20)
(-0.068002182 -0.056686023 -3.2565268e-20)
(-0.06508112 -0.061265724 -6.3994926e-21)
(-0.060919117 -0.064706638 -4.0867227e-21)
(-0.055774304 -0.066902763 -6.2769433e-21)
(-0.049829288 -0.067684676 -2.8794709e-21)
(-0.043381526 -0.06704637 6.1864809e-22)
(-0.03667274 -0.06495377 5.0326882e-20)
(-0.029958502 -0.061439162 -7.7064283e-20)
(-0.023478147 -0.056565783 -8.235244e-20)
(-0.017454474 -0.050432495 -3.346312e-20)
(-0.012089076 -0.043171532 -7.6778216e-20)
(-0.0075572711 -0.034943077 1.7142046e-20)
(-0.0040022563 -0.025932002 2.4957514e-20)
(-0.0015410001 -0.016358919 -3.8811194e-20)
(-0.00023587478 -0.0064010626 -5.1876491e-21)
(0.00014760714 0.0050032348 -5.3174588e-22)
(0.00056156294 0.011798781 -3.2842875e-23)
(0.0013394243 0.0183385 -2.0025312e-21)
(0.0024496205 0.02439276 7.2830096e-21)
(0.0038352302 0.029738379 -5.6451023e-21)
(0.0054144692 0.034165766 -1.9035635e-20)
(0.0070819919 0.037496534 3.9760587e-21)
(0.008720061 0.039593954 1.7258868e-20)
(0.01020095 0.040375599 -1.7656801e-20)
(0.011397727 0.039824358 4.2469295e-20)
(0.012196591 0.037996954 8.1808567e-22)
(0.01250936 0.035026233 -2.9195328e-20)
(0.012288285 0.031124875 -4.9094103e-20)
(0.01153416 0.026567626 4.060604e-20)
(0.010305773 0.021680485 -4.3049881e-20)
(0.0087135377 0.016798868 -6.9111609e-20)
(0.0069063531 0.012236853 4.4843477e-20)
(0.0050517887 0.0082460193 -7.0890917e-20)
(0.0033055383 0.0049815947 -9.214199e-20)
(0.0017873427 0.0024956719 5.8734651e-20)
(0.00056668294 0.00074644791 7.3642545e-20)
(-0.00035380432 -0.00039900811 6.4995066e-20)
(-0.00099740121 -0.0010709641 5.2711458e-20)
(-0.0013981795 -0.0013928222 1.2308666e-20)
(-0.0014584737 -0.0013431243 2.071907e-20)
(-0.0011617552 -0.00099075921 -4.3867834e-21)
(-0.00014356378 -0.00012770472 3.9232331e-20)
(0.0013653223 0.00094644604 -1.0437807e-20)
(0.002879095 0.0018335916 -8.1968801e-21)
(0.0040314899 0.0023295009 5.6689382e-20)
(0.0046218765 0.0024003255 -7.4314421e-20)
(0.0048669741 0.0022476536 -2.2443963e-21)
(0.0049754348 0.0020170801 3.7116453e-20)
(0.0050181395 0.0017574288 1.9382958e-20)
(0.0048510151 0.0014368393 -6.1797689e-20)
(0.0042622342 0.0010368387 3.9259145e-21)
(0.0030365243 0.00058296173 1.161157e-20)
(0.00093221702 0.00014308799 2.1997761e-21)
(-0.0022467402 -0.00015884604 -3.1766343e-21)
(-0.0067009992 -0.00014483195 1.9940473e-21)
(-0.012803092 0.0004276905 -3.7457102e-21)
(-0.020425735 0.0018986347 3.0605917e-20)
(-0.028886654 0.0044440236 -4.2674459e-20)
(-0.03767964 0.0081386322 1.6458972e-20)
(-0.046175268 0.012923709 -1.4842274e-20)
(-0.053897936 0.018651353 9.5158602e-20)
(-0.060371601 0.025057339 1.5293085e-20)
(-0.065330848 0.031854551 -1.3364944e-19)
(-0.068591405 0.038723351 1.1324633e-19)
(-0.070125725 0.045369104 2.1438569e-21)
(-0.069933933 0.051478693 -3.3771542e-20)
(-0.068209144 0.056855802 3.0228421e-20)
(-0.065005419 0.061191399 -4.6215711e-20)
(-0.060605439 0.064370651 3.3977505e-21)
(-0.055292925 0.066322257 -4.9556713e-21)
(-0.049195312 0.066820063 5.2875598e-21)
(-0.042649434 0.06591108 -7.4711256e-22)
(-0.03588265 0.063549878 -5.6093064e-20)
(-0.029151987 0.059779704 8.2949026e-20)
(-0.022693861 0.054669295 8.6870668e-20)
(-0.016727157 0.048321745 3.482257e-20)
(-0.01144979 0.040875227 7.9093792e-20)
(-0.0070318483 0.032492323 -1.7516762e-20)
(-0.0036114446 0.023363355 5.0232622e-20)
(-0.0012994843 0.013700866 3.914548e-20)
(-0.00015690231 0.0037232316 5.2053926e-21)
)
;
    }
    frontAndBack
    {
        type            empty;
    }
}


// ************************************************************************* //
