/*--------------------------------*- C++ -*----------------------------------*\
  =========                 |
  \\      /  F ield         | OpenFOAM: The Open Source CFD Toolbox
   \\    /   O peration     | Website:  https://openfoam.org
    \\  /    A nd           | Version:  13
     \\/     M anipulation  |
\*---------------------------------------------------------------------------*/
FoamFile
{
    format      ascii;
    class       volVectorField;
    location    "42.102406";
    object      wallShearStress;
}
// * * * * * * * * * * * * * * * * * * * * * * * * * * * * * * * * * * * * * //

dimensions      [0 2 -2 0 0 0 0];

internalField   uniform (0 0 0);

boundaryField
{
    inlet
    {
        type            calculated;
        value           uniform (0 0 0);
    }
    outlet
    {
        type            calculated;
        value           uniform (0 0 0);
    }
    cylinder
    {
        type            calculated;
        value           nonuniform List<vector> 
132
(
(-1.7530733e-05 0.0015602097 -2.9284296e-22)
(-4.8039445e-05 0.0012631518 8.3473235e-23)
(-6.1762459e-05 0.00095084899 4.6113399e-21)
(-5.7212798e-05 0.00062630379 -1.5477199e-20)
(-3.3657588e-05 0.00029682705 1.0925332e-20)
(9.2398957e-06 -3.3578821e-05 3.3381035e-20)
(7.1036919e-05 -0.00035863552 -6.3244454e-21)
(0.00015116901 -0.00067187498 -2.5055976e-20)
(0.00024757549 -0.00096692376 2.3620213e-20)
(0.00035770301 -0.0012376433 -5.2978683e-20)
(0.00047834466 -0.0014784213 -9.6463766e-22)
(0.0006058196 -0.0016844465 3.2962841e-20)
(0.00073602497 -0.0018520376 5.3820931e-20)
(0.0008647316 -0.0019789177 -4.3780365e-20)
(0.00098788749 -0.0020644581 4.6177252e-20)
(0.0011019814 -0.0021098708 7.4463722e-20)
(0.0012044168 -0.002118273 -4.889398e-20)
(0.0012939747 -0.0020947566 7.8597697e-20)
(0.0013711948 -0.00204622 1.0414505e-19)
(0.0014387057 -0.0019810104 -6.7697772e-20)
(0.001501951 -0.0019091262 -8.6459932e-20)
(0.0015688274 -0.0018408021 3.0481643e-23)
(0.0016500602 -0.0017863352 1.2588119e-20)
(0.001758243 -0.0017544376 -1.5095857e-20)
(0.0019063516 -0.0017506566 -2.5718618e-20)
(0.0021058154 -0.001776074 5.5075648e-21)
(0.0023626098 -0.0018251596 -4.9781439e-20)
(0.0026759954 -0.0018869143 1.3312091e-20)
(0.0030317854 -0.0019426565 1.0459995e-20)
(0.0034028994 -0.0019701822 -7.2069979e-20)
(0.0037615239 -0.0019535242 9.4064651e-20)
(0.0040724711 -0.001879612 2.8472375e-21)
(0.0042842644 -0.001736322 2.0525889e-20)
(0.0043153834 -0.0015117779 -2.4322445e-20)
(0.0040503262 -0.0012009988 7.7265174e-20)
(0.003329172 -0.00081221716 -4.8832943e-21)
(0.0019717823 -0.00038337433 1.9669188e-20)
(-0.00024403817 1.444413e-05 -2.6936974e-21)
(-0.0035136438 0.00026173532 3.8481121e-21)
(-0.0079581618 0.00017991562 -2.3861016e-21)
(-0.013958862 -0.00046189635 4.4196978e-21)
(-0.021387765 -0.0019849485 -1.3492352e-22)
(-0.029554034 -0.0045440367 4.8932439e-20)
(-0.038007011 -0.0082071947 -1.8651472e-20)
(-0.046168994 -0.012920522 1.6661552e-20)
(-0.053572714 -0.018537674 -1.060966e-19)
(-0.059789282 -0.024814526 -1.6991315e-20)
(-0.06456827 -0.031481994 1.484314e-19)
(-0.067724107 -0.038233402 -1.2623797e-19)
(-0.069226322 -0.044787274 -2.4099913e-21)
(-0.069075175 -0.050846967 3.8571854e-20)
(-0.067425246 -0.056203079 -3.5473675e-20)
(-0.06435913 -0.060584284 -7.097337e-21)
(-0.06011556 -0.063851632 -4.738553e-21)
(-0.054946759 -0.06590878 -8.6377586e-21)
(-0.049017414 -0.066580677 -8.2489304e-22)
(-0.042620945 -0.065869773 5.081537e-22)
(-0.035987769 -0.063739467 4.5144091e-20)
(-0.029365481 -0.060221838 -7.1349801e-20)
(-0.022985685 -0.055377993 -7.7456335e-20)
(-0.017064387 -0.049303773 -3.176082e-20)
(-0.01179754 -0.042128198 -7.3286371e-20)
(-0.0073555489 -0.034006874 1.6422721e-20)
(-0.0038780254 -0.02512094 2.3967609e-20)
(-0.0014788316 -0.015683414 -3.7327913e-20)
(-0.00021968302 -0.0058760869 -4.9934202e-21)
(2.8530364e-05 0.0018406867 -1.3451206e-21)
(8.937659e-05 0.0021052753 -7.9969558e-23)
(0.00016513968 0.0023517343 -4.5796221e-21)
(0.00025403496 0.0025752435 1.5311285e-20)
(0.00035413377 0.0027714807 -1.077226e-20)
(0.00046302393 0.0029364745 -3.2798767e-20)
(0.00057787608 0.0030668852 6.1913516e-21)
(0.00069553073 0.0031601917 2.4434614e-20)
(0.00081255996 0.003214743 -2.2941771e-20)
(0.00092561763 0.0032301195 5.124067e-20)
(0.0010313467 0.0032068447 9.2898588e-22)
(0.0011267915 0.0031470243 -3.1598954e-20)
(0.0012093992 0.0030536923 -5.1356694e-20)
(0.001277482 0.0029314884 4.1581612e-20)
(0.0013302431 0.0027860356 -4.3654881e-20)
(0.0013680737 0.0026240313 -7.0075799e-20)
(0.001392852 0.0024532392 4.5810051e-20)
(0.0014078517 0.0022817353 -7.3332203e-20)
(0.0014182147 0.002118233 -9.6788466e-20)
(0.0014309509 0.0019715095 6.2692109e-20)
(0.0014552068 0.0018502927 7.9813303e-20)
(0.0015026183 0.001763169 7.1412063e-20)
(0.0015866989 0.0017173322 5.8627065e-20)
(0.0017226004 0.0017180877 1.3841125e-20)
(0.0019239092 0.0017657634 2.355109e-20)
(0.0021987951 0.0018534181 -5.0395971e-21)
(0.0025468448 0.0019665367 4.5540579e-20)
(0.0029546659 0.002082744 -1.2180758e-20)
(0.0033934204 0.0021740714 -9.5773708e-21)
(0.0038216058 0.0022126494 6.6055227e-20)
(0.0042030544 0.0021831262 -8.6324295e-20)
(0.0045083681 0.002081196 -2.6017665e-21)
(0.0046925262 0.0019022316 4.3007551e-20)
(0.0046661227 0.0016351871 2.2459235e-20)
(0.0043018259 0.0012762787 -7.1583576e-20)
(0.0034271579 0.00083721341 4.5429821e-21)
(0.0018526214 0.00036264605 1.3410537e-20)
(-0.00064919438 -6.6947262e-05 2.5325135e-21)
(-0.0042739308 -0.00032118538 -3.639438e-21)
(-0.0091044456 -0.00020879648 2.2703954e-21)
(-0.015522252 0.00051158181 -4.2300125e-21)
(-0.023338286 0.0021640401 3.4221706e-20)
(-0.03178885 0.0048855567 -4.7222452e-20)
(-0.040417723 0.0087255407 1.8032335e-20)
(-0.048626254 0.013606042 -1.6112582e-20)
(-0.055959224 0.01936128 1.0247302e-19)
(-0.062012885 0.025734648 1.6366005e-20)
(-0.066560771 0.032450759 -1.4236081e-19)
(-0.069439131 0.039198931 1.2033765e-19)
(-0.070646999 0.045703772 2.2780327e-21)
(-0.070185537 0.051661722 -3.60142e-20)
(-0.068254055 0.056891422 3.253083e-20)
(-0.064899936 0.061090594 -5.0783933e-20)
(-0.060401538 0.064152872 3.9413492e-21)
(-0.055034966 0.066011886 -7.7522689e-21)
(-0.048919464 0.066444671 3.4813118e-21)
(-0.042383656 0.065499858 -6.4758448e-22)
(-0.035647313 0.063132841 -5.1326316e-20)
(-0.028960037 0.059386116 7.7599981e-20)
(-0.022551569 0.054326882 8.2220191e-20)
(-0.016634866 0.048055973 3.3186057e-20)
(-0.011402638 0.040708496 7.5703551e-20)
(-0.0070206469 0.032443608 -1.6812546e-20)
(-0.0036235089 0.023447459 4.8297371e-20)
(-0.0013195441 0.013929691 3.7674281e-20)
(-0.00016720618 0.0040964155 5.0115067e-21)
)
;
    }
    frontAndBack
    {
        type            empty;
    }
}


// ************************************************************************* //
