/*--------------------------------*- C++ -*----------------------------------*\
  =========                 |
  \\      /  F ield         | OpenFOAM: The Open Source CFD Toolbox
   \\    /   O peration     | Website:  https://openfoam.org
    \\  /    A nd           | Version:  13
     \\/     M anipulation  |
\*---------------------------------------------------------------------------*/
FoamFile
{
    format      ascii;
    class       volVectorField;
    location    "12.002018";
    object      wallShearStress;
}
// * * * * * * * * * * * * * * * * * * * * * * * * * * * * * * * * * * * * * //

dimensions      [0 2 -2 0 0 0 0];

internalField   uniform (0 0 0);

boundaryField
{
    inlet
    {
        type            calculated;
        value           uniform (0 0 0);
    }
    outlet
    {
        type            calculated;
        value           uniform (0 0 0);
    }
    cylinder
    {
        type            calculated;
        value           nonuniform List<vector> 
132
(
(7.1486428e-05 -0.00075171488 -1.0126358e-22)
(0.00030823862 -0.0060368226 2.9093152e-23)
(0.00083367452 -0.011228357 1.6692741e-21)
(0.0016331711 -0.016159216 -5.9244375e-21)
(0.0026732082 -0.020659689 4.4927672e-21)
(0.0039013596 -0.024567171 1.4891447e-20)
(0.0052467291 -0.027732883 -3.0728327e-21)
(0.0066231707 -0.030032775 -1.3242406e-20)
(0.0079365294 -0.031377001 1.3508397e-20)
(0.0090869895 -0.031717346 -3.2512874e-20)
(0.0099786863 -0.031056256 -6.2842368e-22)
(0.010528444 -0.029450299 2.2558525e-20)
(0.010675907 -0.027013167 3.8208905e-20)
(0.010393124 -0.023913333 -3.1858407e-20)
(0.0096912563 -0.020363729 3.4055993e-20)
(0.0086235833 -0.016605785 5.5099267e-20)
(0.0072820809 -0.012884949 -3.5990682e-20)
(0.005784221 -0.0094254823 5.7183531e-20)
(0.0042583169 -0.0064020138 7.4568076e-20)
(0.0028235749 -0.0039228624 -4.7597876e-20)
(0.00156854 -0.0020192899 -5.9673196e-20)
(0.00054649072 -0.00066100656 2.0617445e-23)
(-0.00023842541 0.00024570434 8.4019727e-21)
(-0.00079171947 0.00078346779 -9.9317685e-21)
(-0.0011167234 0.0010244717 -1.6702236e-20)
(-0.0011172379 0.00094623528 3.5322361e-21)
(-0.00079425846 0.00062287887 -3.1562545e-20)
(0.00014473102 -8.8482217e-05 8.3505527e-21)
(0.0014807746 -0.00093605406 6.531765e-21)
(0.0027873483 -0.0016048348 -4.499127e-20)
(0.0037817986 -0.0019599444 5.8951992e-20)
(0.0043113172 -0.0019889634 1.791757e-21)
(0.0045495117 -0.0018436387 1.2960002e-20)
(0.0046489915 -0.0016273315 -1.5388528e-20)
(0.0046586013 -0.0013780323 4.9001327e-20)
(0.0044246489 -0.0010729073 -3.1081144e-21)
(0.0037513331 -0.00071306584 1.2589246e-20)
(0.0024110696 -0.00033683316 -1.7380527e-21)
(0.00019119497 -3.3255182e-05 2.5111101e-21)
(-0.0031585409 5.7996322e-05 -1.5795825e-21)
(-0.0079909723 -0.00027149772 2.9808555e-21)
(-0.01436183 -0.001341333 -9.312715e-23)
(-0.021811159 -0.003362026 3.459122e-20)
(-0.029901784 -0.0064653743 -1.3503606e-20)
(-0.038055182 -0.010657522 1.233441e-20)
(-0.045770132 -0.015844678 -8.0102195e-20)
(-0.052525179 -0.021807858 -1.3032766e-20)
(-0.057980292 -0.028278025 1.15177e-19)
(-0.061889508 -0.03494697 -9.8559513e-20)
(-0.064150519 -0.041510141 -1.8809868e-21)
(-0.064741575 -0.047662986 2.981469e-20)
(-0.063769983 -0.053161522 -2.6749288e-20)
(-0.061335212 -0.057742562 -5.0660401e-21)
(-0.057650927 -0.061237947 -2.9378856e-21)
(-0.052956887 -0.063525586 -2.590665e-21)
(-0.047449605 -0.064454401 -5.6053335e-21)
(-0.04140807 -0.063998213 7.3771827e-22)
(-0.035074127 -0.062123923 5.4628011e-20)
(-0.028699412 -0.058858325 -8.0492072e-20)
(-0.022520892 -0.054260538 -8.4286453e-20)
(-0.016759743 -0.048425962 -3.3836867e-20)
(-0.011616043 -0.041482785 -7.7037871e-20)
(-0.0072641057 -0.033587665 1.7112229e-20)
(-0.0038463848 -0.024921792 2.4828902e-20)
(-0.0014792615 -0.015701473 -3.8525538e-20)
(-0.00022537373 -0.0061023201 -5.1427705e-21)
(0.00012221595 0.0045173671 -4.7153956e-22)
(0.00045764782 0.0097105832 -2.9118384e-23)
(0.0010721839 0.014715731 -1.7656639e-21)
(0.0019434289 0.019368157 6.3592998e-21)
(0.003030696 0.023506397 -4.8711161e-21)
(0.0042753158 0.026978415 -1.6226987e-20)
(0.005601266 0.02965185 3.35144e-21)
(0.0069220982 0.031422375 1.4409776e-20)
(0.0081436393 0.032222605 -1.4632997e-20)
(0.0091703426 0.032029892 3.5013093e-20)
(0.0099137583 0.030871928 6.7237411e-22)
(0.010301706 0.028830788 -2.3968414e-20)
(0.010287427 0.026042465 -4.0327445e-20)
(0.0098584561 0.022693326 3.3417657e-20)
(0.0090406713 0.01900506 -3.5530001e-20)
(0.007900384 0.015219214 -5.7226087e-20)
(0.0065359776 0.011569582 3.7253977e-20)
(0.0050655816 0.0082583916 -5.9056583e-20)
(0.0036108215 0.0054319504 -7.6918503e-20)
(0.002276517 0.0031663898 4.9083306e-20)
(0.001137535 0.0014685947 6.1555701e-20)
(0.0002263082 0.00028273161 5.4305137e-20)
(-0.00045416458 -0.00048133194 4.4012192e-20)
(-0.00091863516 -0.00091182244 1.0269385e-20)
(-0.0011473253 -0.0010541975 1.7279591e-20)
(-0.0010374849 -0.00088128926 -3.6556001e-21)
(-0.00047748215 -0.0003801381 3.2694319e-20)
(0.00058557624 0.00039928076 -8.6743625e-21)
(0.0019173848 0.0012168683 -6.7979501e-21)
(0.0031253904 0.0018023868 4.6922928e-20)
(0.0039434261 0.0020454791 -6.1513614e-20)
(0.0043511155 0.002008203 -1.8589674e-21)
(0.0045272803 0.0018349462 3.0764767e-20)
(0.0046052941 0.001612324 1.606514e-20)
(0.0045551501 0.0013480933 -5.1200933e-20)
(0.0042023817 0.0010202416 3.2512652e-21)
(0.0033449242 0.00063802899 9.6140555e-21)
(0.0017556647 0.00025029299 1.8216274e-21)
(-0.00077119598 -4.0730837e-05 -2.6329498e-21)
(-0.0044700293 -9.05438e-05 1.6557289e-21)
(-0.0096890634 0.00032821012 -3.1203753e-21)
(-0.016424125 0.0015305281 2.5624508e-20)
(-0.024133204 0.0037167123 -3.594498e-20)
(-0.032365344 0.0069949102 1.3957732e-20)
(-0.040535347 0.011348985 -1.2670371e-20)
(-0.048123673 0.01665682 8.1712703e-20)
(-0.054654958 0.022689266 1.3198705e-20)
(-0.059820463 0.029172144 -1.1570717e-19)
(-0.063391437 0.035791831 9.8150544e-20)
(-0.065309368 0.042256873 1.854018e-21)
(-0.065549016 0.048254397 -2.9003612e-20)
(-0.064266726 0.053572702 2.5552156e-20)
(-0.061527799 0.057920717 -3.7724084e-20)
(-0.057579413 0.061159033 2.5046834e-21)
(-0.052687221 0.063198977 -1.0979327e-21)
(-0.047005537 0.06384775 7.2850598e-21)
(-0.040841532 0.063118828 -8.3055025e-22)
(-0.034427646 0.060974507 -5.8909463e-20)
(-0.028015621 0.057450766 8.4955674e-20)
(-0.021839829 0.052613101 8.7772015e-20)
(-0.016117427 0.04656138 3.489973e-20)
(-0.011044641 0.039429831 7.88672e-20)
(-0.0067904356 0.031377841 -1.7410622e-20)
(-0.0034919978 0.022592033 4.9831341e-20)
(-0.0012594202 0.013281476 3.8794241e-20)
(-0.00015337053 0.003660677 5.1576262e-21)
)
;
    }
    frontAndBack
    {
        type            empty;
    }
}


// ************************************************************************* //
