/*--------------------------------*- C++ -*----------------------------------*\
  =========                 |
  \\      /  F ield         | OpenFOAM: The Open Source CFD Toolbox
   \\    /   O peration     | Website:  https://openfoam.org
    \\  /    A nd           | Version:  13
     \\/     M anipulation  |
\*---------------------------------------------------------------------------*/
FoamFile
{
    format      ascii;
    class       volVectorField;
    location    "44.60246";
    object      wallShearStress;
}
// * * * * * * * * * * * * * * * * * * * * * * * * * * * * * * * * * * * * * //

dimensions      [0 2 -2 0 0 0 0];

internalField   uniform (0 0 0);

boundaryField
{
    inlet
    {
        type            calculated;
        value           uniform (0 0 0);
    }
    outlet
    {
        type            calculated;
        value           uniform (0 0 0);
    }
    cylinder
    {
        type            calculated;
        value           nonuniform List<vector> 
132
(
(3.4539338e-05 -0.0022740223 -3.0126065e-22)
(0.00010759094 -0.0025465859 8.5652047e-23)
(0.00019618315 -0.0027999013 4.7191194e-21)
(0.00029842627 -0.0030288171 -1.5794985e-20)
(0.00041225886 -0.0032286412 1.1117177e-20)
(0.00053508937 -0.0033950275 3.3862511e-20)
(0.00066386064 -0.003524268 -6.3945902e-21)
(0.00079510325 -0.0036135082 -2.5245737e-20)
(0.00092513339 -0.0036607906 2.3711095e-20)
(0.001050221 -0.0036654618 -5.2974436e-20)
(0.0011666247 -0.0036278867 -9.6066203e-22)
(0.0012710073 -0.0035501513 3.2683376e-20)
(0.0013604239 -0.0034353333 5.3128213e-20)
(0.0014328648 -0.0032883425 -4.3021192e-20)
(0.0014872139 -0.0031150869 4.5169903e-20)
(0.0015235922 -0.0029226341 7.251023e-20)
(0.0015437226 -0.0027193099 -4.7401326e-20)
(0.0015507073 -0.0025136456 7.5876313e-20)
(0.0015496895 -0.0023150318 1.0013889e-19)
(0.0015475343 -0.0021326146 -6.4855624e-20)
(0.0015534982 -0.0019757993 -8.2556929e-20)
(0.0015790085 -0.0018533684 2.9049758e-23)
(0.0016380877 -0.001773515 1.1955906e-20)
(0.0017463595 -0.001742302 -1.430913e-20)
(0.0019194494 -0.0017620732 -2.4341041e-20)
(0.0021695499 -0.001829007 5.2070469e-21)
(0.0025003391 -0.001930702 -4.7036878e-20)
(0.0028998518 -0.0020440483 1.2576246e-20)
(0.0033413359 -0.0021405212 9.8837616e-21)
(0.0037866224 -0.0021921281 -6.8132612e-20)
(0.0041957468 -0.0021790345 8.8987053e-20)
(0.0045355073 -0.0020933907 2.6957932e-21)
(0.0047653028 -0.0019312776 1.945454e-20)
(0.0048082171 -0.0016842653 -2.3084863e-20)
(0.0045481322 -0.0013481702 7.3469025e-20)
(0.0038187473 -0.00093069985 -4.654691e-21)
(0.002432562 -0.0004704081 1.8806618e-20)
(0.00015738044 -3.9767695e-05 -2.5854021e-21)
(-0.0031943922 0.00023371695 3.7101871e-21)
(-0.0077673621 0.00017280637 -2.3121011e-21)
(-0.013943265 -0.00046251429 4.3066679e-21)
(-0.021575503 -0.00200307 -1.3225329e-22)
(-0.029957085 -0.0046065272 4.8228032e-20)
(-0.038623424 -0.0083406555 -1.8475455e-20)
(-0.046980471 -0.013147644 1.6578057e-20)
(-0.054548791 -0.018875361 -1.0598238e-19)
(-0.06089809 -0.025274832 -1.7032073e-20)
(-0.065774671 -0.032070284 1.4925897e-19)
(-0.068994361 -0.038950581 -1.2732486e-19)
(-0.070528318 -0.045629703 -2.4381996e-21)
(-0.070383822 -0.051810388 3.9160003e-20)
(-0.068710967 -0.057274969 -3.6169664e-20)
(-0.065608329 -0.061760538 -7.2859267e-21)
(-0.061311025 -0.06512176 -4.9240178e-21)
(-0.056066934 -0.067252967 -9.319485e-21)
(-0.050057356 -0.067994004 -2.5198043e-22)
(-0.043569611 -0.067336945 4.7962287e-22)
(-0.036839099 -0.065248706 4.3955162e-20)
(-0.030114905 -0.06176068 -7.0232303e-20)
(-0.023630424 -0.056934062 -7.6675648e-20)
(-0.017603558 -0.050865583 -3.1551146e-20)
(-0.012231487 -0.043683958 -7.2979015e-20)
(-0.0076863879 -0.035546839 1.6382966e-20)
(-0.0041086871 -0.026633999 2.3943257e-20)
(-0.0016140367 -0.017167278 -3.7331438e-20)
(-0.00026221427 -0.0073036885 -4.9985291e-21)
(-2.3173602e-05 -0.0019847161 -1.387317e-21)
(-6.4937616e-05 -0.0016779652 -8.2690277e-23)
(-8.956957e-05 -0.0013553369 -4.7480452e-21)
(-9.5670165e-05 -0.0010209472 1.5918489e-20)
(-8.2337016e-05 -0.00068008587 -1.1232118e-20)
(-4.9280069e-05 -0.00033898112 -3.4304276e-20)
(3.3298096e-06 -3.5201196e-06 6.496677e-21)
(7.4127657e-05 0.00032016135 2.5728629e-20)
(0.00016145728 0.00062566146 -2.4245436e-20)
(0.0002630716 0.00090696585 5.4362249e-20)
(0.00037560131 0.001158675 9.8951665e-22)
(0.00049555096 0.0013763089 -3.3802945e-20)
(0.00061904334 0.0015565618 -5.5177911e-20)
(0.00074215426 0.0016975632 4.4873472e-20)
(0.00086124177 0.0017991407 -4.7320162e-20)
(0.00097324398 0.0018628446 -7.6292713e-20)
(0.0010761705 0.0018922368 5.0086905e-20)
(0.0011693241 0.0018925053 -8.0504805e-20)
(0.0012540012 0.0018708618 -1.0666013e-19)
(0.0013334025 0.0018355127 6.932704e-20)
(0.0014135231 0.0017961787 8.8535362e-20)
(0.0015027629 0.0017626978 7.9430722e-20)
(0.0016115178 0.0017440064 6.5358524e-20)
(0.0017516783 0.0017473048 1.5458613e-20)
(0.0019347856 0.001776266 2.6339333e-20)
(0.0021685703 0.001828646 -5.6414031e-21)
(0.0024539582 0.0018955596 5.1002679e-20)
(0.0027855666 0.0019641965 -1.3642417e-20)
(0.0031454184 0.002015637 -1.0723238e-20)
(0.0035079762 0.0020312673 7.3912268e-20)
(0.003847666 0.0019985778 -9.6512908e-20)
(0.0041237438 0.0019037133 -2.9060166e-21)
(0.0042753695 0.0017333631 4.7976882e-20)
(0.0042069585 0.0014747939 2.5012683e-20)
(0.0037892713 0.0011251968 -7.9544766e-20)
(0.0028500316 0.000698182 5.0334136e-21)
(0.0012037412 0.00024100149 1.4802559e-20)
(-0.0013717238 -0.00016386388 2.7824448e-21)
(-0.0050740343 -0.0003856676 -3.9766539e-21)
(-0.009953424 -0.00023252295 2.4652625e-21)
(-0.016402647 0.00053834705 -4.5607329e-21)
(-0.024211274 0.0022433301 3.6619378e-20)
(-0.032615282 0.0050111286 -5.0166407e-20)
(-0.041168699 0.0088863641 1.9027995e-20)
(-0.049260701 0.013782677 -1.689913e-20)
(-0.056464258 0.01953529 1.069208e-19)
(-0.062382821 0.025887012 1.6998789e-20)
(-0.06679487 0.032563839 -1.4732088e-19)
(-0.069546436 0.039258526 1.2414607e-19)
(-0.070640197 0.04569845 2.3445812e-21)
(-0.070074611 0.05157918 -3.7001288e-20)
(-0.068061929 0.056730415 3.3397963e-20)
(-0.06463129 0.06083672 -5.2147906e-20)
(-0.060072636 0.063802606 4.0636764e-21)
(-0.05467147 0.065574821 -8.168078e-21)
(-0.048524768 0.065907307 3.3332694e-21)
(-0.041975115 0.06486701 -6.4502726e-22)
(-0.035236668 0.062403725 -5.1415749e-20)
(-0.02855952 0.058562441 7.7872646e-20)
(-0.022172775 0.053411198 8.2556623e-20)
(-0.016288598 0.047051183 3.3323917e-20)
(-0.011099232 0.039618559 7.6002695e-20)
(-0.00676975 0.031272891 -1.6872823e-20)
(-0.0034341358 0.022201391 4.8446983e-20)
(-0.0011999242 0.012610573 3.7769042e-20)
(-0.00012732627 0.0027283484 5.0208184e-21)
)
;
    }
    frontAndBack
    {
        type            empty;
    }
}


// ************************************************************************* //
