/*--------------------------------*- C++ -*----------------------------------*\
  =========                 |
  \\      /  F ield         | OpenFOAM: The Open Source CFD Toolbox
   \\    /   O peration     | Website:  https://openfoam.org
    \\  /    A nd           | Version:  13
     \\/     M anipulation  |
\*---------------------------------------------------------------------------*/
FoamFile
{
    format      ascii;
    class       volVectorField;
    location    "43.29824";
    object      wallShearStress;
}
// * * * * * * * * * * * * * * * * * * * * * * * * * * * * * * * * * * * * * //

dimensions      [0 2 -2 0 0 0 0];

internalField   uniform (0 0 0);

boundaryField
{
    inlet
    {
        type            calculated;
        value           uniform (0 0 0);
    }
    outlet
    {
        type            calculated;
        value           uniform (0 0 0);
    }
    cylinder
    {
        type            calculated;
        value           nonuniform List<vector> 
132
(
(2.4674859e-05 -0.0015318539 -2.982516e-22)
(7.8654855e-05 -0.0018314384 8.5217625e-23)
(0.00015045234 -0.0021286854 4.7181662e-21)
(0.00023959822 -0.0024182168 -1.5870746e-20)
(0.00034539977 -0.0026942731 1.1226689e-20)
(0.00046648142 -0.0029507539 3.4368616e-20)
(0.00060069005 -0.003181523 -6.5229308e-21)
(0.00074521774 -0.0033806191 -2.5881754e-20)
(0.0008965858 -0.0035425212 2.4429423e-20)
(0.0010506772 -0.0036624821 -5.4846568e-20)
(0.0012029167 -0.0037368135 -9.9930688e-22)
(0.0013484984 -0.0037632457 3.4158577e-20)
(0.0014826242 -0.0037410897 5.5774104e-20)
(0.001600927 -0.0036717115 -4.5355908e-20)
(0.0016996579 -0.0035582133 4.7811853e-20)
(0.0017762915 -0.0034059699 7.7036653e-20)
(0.001829783 -0.0032222409 -5.053207e-20)
(0.0018609454 -0.0030159739 8.1136553e-20)
(0.0018729533 -0.002797787 1.073738e-19)
(0.0018714268 -0.0025791817 -6.9706683e-20)
(0.0018648431 -0.0023723507 -8.8912247e-20)
(0.0018646915 -0.0021895663 3.1308028e-23)
(0.0018851664 -0.0020421357 1.2915616e-20)
(0.0019430273 -0.0019397627 -1.5474024e-20)
(0.0020550633 -0.0018878268 -2.6343221e-20)
(0.0022370226 -0.0018870184 5.6382367e-21)
(0.0024970611 -0.0019290614 -5.0946695e-20)
(0.0028315126 -0.0019964653 1.3622712e-20)
(0.0032204514 -0.0020634086 1.0706145e-20)
(0.0036268557 -0.0020997763 -7.3795507e-20)
(0.0040111919 -0.0020832271 9.6367723e-20)
(0.0043322091 -0.0019996149 2.9188229e-21)
(0.0045401844 -0.0018401937 2.1056957e-20)
(0.0045533013 -0.0015952821 -2.4972036e-20)
(0.0042528618 -0.0012612036 7.9403226e-20)
(0.0034752524 -0.00084800839 -5.0238942e-21)
(0.0020355432 -0.00039601421 2.0260429e-20)
(-0.00029211861 2.0101197e-05 -2.7784162e-21)
(-0.0037052877 0.00027641814 3.9746825e-21)
(-0.0083147095 0.00018851954 -2.4680338e-21)
(-0.014504509 -0.00047948354 4.577666e-21)
(-0.022129038 -0.0020532177 -1.3991469e-22)
(-0.030466257 -0.0046836923 5.0795284e-20)
(-0.039063999 -0.008434794 -1.9378949e-20)
(-0.047336558 -0.013246558 1.7326606e-20)
(-0.054809543 -0.018964944 -1.1044009e-19)
(-0.061063528 -0.025342675 -1.7709229e-20)
(-0.065851533 -0.032107032 1.5496593e-19)
(-0.06899228 -0.038948773 -1.3211624e-19)
(-0.070460603 -0.04558534 -2.531011e-21)
(-0.07026293 -0.051720919 4.0723793e-20)
(-0.06855106 -0.057141251 -3.7759177e-20)
(-0.065420064 -0.061582935 -7.6654153e-21)
(-0.061105656 -0.064903285 -5.2680126e-21)
(-0.05585524 -0.06699872 -1.0504341e-20)
(-0.049846308 -0.06770702 7.0639063e-22)
(-0.043366689 -0.067023012 4.3269078e-22)
(-0.036649803 -0.064913086 4.1990527e-20)
(-0.029943697 -0.061409164 -6.8332384e-20)
(-0.023480575 -0.056572527 -7.5272665e-20)
(-0.017477202 -0.0504998 -3.1138853e-20)
(-0.012129819 -0.04331984 -7.2281387e-20)
(-0.0076095142 -0.035189609 1.6268566e-20)
(-0.0040560303 -0.026289325 2.3824939e-20)
(-0.0015838855 -0.016838045 -3.7212236e-20)
(-0.00025305814 -0.0070015136 -4.9906265e-21)
(-1.2907871e-05 -0.0012319972 -1.3667936e-21)
(-3.4532635e-05 -0.0009313989 -8.1068026e-23)
(-3.9927403e-05 -0.0006317779 -4.6315891e-21)
(-2.9534175e-05 -0.00033858559 1.5449183e-20)
(-3.8132975e-06 -5.643963e-05 -1.0844843e-20)
(3.6118952e-05 0.0002101178 -3.2948969e-20)
(8.8460889e-05 0.000456974 6.2072811e-21)
(0.00015179427 0.00068034725 2.4452397e-20)
(0.00022357257 0.00087726669 -2.292063e-20)
(0.00030127558 0.001045588 5.1120462e-20)
(0.00038233483 0.0011840813 9.2570697e-22)
(0.00046423739 0.0012925886 -3.1457757e-20)
(0.00054474596 0.0013720455 -5.1092086e-20)
(0.00062207591 0.0014245133 4.1349374e-20)
(0.00069506452 0.0014531378 -4.3402548e-20)
(0.000763464 0.0014620629 -6.9672463e-20)
(0.00082802607 0.0014563221 4.5556281e-20)
(0.00089078675 0.0014417841 -7.2953841e-20)
(0.00095517474 0.0014248188 -9.6338097e-20)
(0.0010264718 0.0014125049 6.2437945e-20)
(0.0011115204 0.0014116675 7.9541718e-20)
(0.0012195184 0.0014294862 7.1216833e-20)
(0.0013607613 0.0014714958 5.8504841e-20)
(0.0015464239 0.001541336 1.3820477e-20)
(0.0017864709 0.0016388929 2.3527546e-20)
(0.0020846691 0.0017568108 -5.0363649e-21)
(0.0024373588 0.0018818616 4.5518764e-20)
(0.0028318563 0.0019962163 -1.2174435e-20)
(0.0032457412 0.0020795484 -9.569461e-21)
(0.0036479696 0.002112173 6.5966124e-20)
(0.0040100137 0.0020828508 -8.6150076e-20)
(0.0043061822 0.0019878038 -2.5945102e-21)
(0.0044908438 0.0018204092 4.2850797e-20)
(0.004473069 0.0015674967 2.2355485e-20)
(0.0041254136 0.0012239659 -7.1173246e-20)
(0.0032773087 0.00080074907 4.5111151e-21)
(0.0017414722 0.00034139894 1.329711e-20)
(-0.00070760152 -7.5248781e-05 2.5070851e-21)
(-0.0042662127 -0.00032100736 -3.5967747e-21)
(-0.009019317 -0.00020719681 2.2399051e-21)
(-0.015347883 0.00050570753 -4.1657786e-21)
(-0.023071574 0.0021392578 3.3642982e-20)
(-0.031437432 0.0048315342 -4.634881e-20)
(-0.039990989 0.0086334417 1.7671414e-20)
(-0.048140306 0.013470189 -1.5766112e-20)
(-0.05542633 0.019177027 1.0010716e-19)
(-0.06144574 0.025499333 1.595875e-20)
(-0.065971261 0.032163373 -1.3850834e-19)
(-0.068835629 0.038858243 1.1674432e-19)
(-0.07004 0.045311038 2.2014363e-21)
(-0.069578368 0.051214707 -3.4603996e-20)
(-0.067659333 0.056395574 3.0984476e-20)
(-0.064315456 0.060540135 -4.7574415e-20)
(-0.059833008 0.063548749 3.5585168e-21)
(-0.054494732 0.065363486 -5.8220709e-21)
(-0.048404716 0.065744927 4.6655013e-21)
(-0.041900902 0.064753031 -7.080343e-22)
(-0.03519986 0.062339321 -5.3945432e-20)
(-0.02855171 0.058547325 8.0202205e-20)
(-0.022186125 0.053444444 8.4181104e-20)
(-0.016315909 0.047131474 3.3769931e-20)
(-0.011133789 0.039743857 7.6696965e-20)
(-0.0068054696 0.031440924 -1.6974909e-20)
(-0.0034654065 0.022409122 4.8624692e-20)
(-0.0012219004 0.012855717 3.7833749e-20)
(-0.00013509112 0.0030010292 5.0208353e-21)
)
;
    }
    frontAndBack
    {
        type            empty;
    }
}


// ************************************************************************* //
