/*--------------------------------*- C++ -*----------------------------------*\
  =========                 |
  \\      /  F ield         | OpenFOAM: The Open Source CFD Toolbox
   \\    /   O peration     | Website:  https://openfoam.org
    \\  /    A nd           | Version:  13
     \\/     M anipulation  |
\*---------------------------------------------------------------------------*/
FoamFile
{
    format      ascii;
    class       volVectorField;
    location    "7.798522";
    object      wallShearStress;
}
// * * * * * * * * * * * * * * * * * * * * * * * * * * * * * * * * * * * * * //

dimensions      [0 2 -2 0 0 0 0];

internalField   uniform (0 0 0);

boundaryField
{
    inlet
    {
        type            calculated;
        value           uniform (0 0 0);
    }
    outlet
    {
        type            calculated;
        value           uniform (0 0 0);
    }
    cylinder
    {
        type            calculated;
        value           nonuniform List<vector> 
132
(
(0.00010675752 -0.0018145261 -1.1682325e-22)
(0.0004453201 -0.0088808352 3.3955882e-23)
(0.0011679403 -0.015790344 1.9826104e-21)
(0.0022506832 -0.022301886 -7.1779523e-21)
(0.0036426553 -0.028174914 5.554241e-21)
(0.0052660747 -0.033179874 1.875227e-20)
(0.0070172708 -0.037113525 -3.9300937e-21)
(0.008775009 -0.039811869 -1.7141824e-20)
(0.010406705 -0.041164408 1.763624e-20)
(0.011776242 -0.041125699 -4.2674105e-20)
(0.012756995 -0.039724917 -8.2687928e-22)
(0.013245755 -0.037072922 2.9681878e-20)
(0.013176311 -0.033361199 5.0176477e-20)
(0.012534223 -0.028860168 -4.1692492e-20)
(0.011361431 -0.023892219 4.4373192e-20)
(0.0097616478 -0.018813014 7.1442717e-20)
(0.0078848106 -0.013965052 -4.6450024e-20)
(0.0059054129 -0.0096347039 7.3506839e-20)
(0.0040002049 -0.0060241368 9.5572488e-20)
(0.0023082081 -0.0032175002 -6.0902053e-20)
(0.00092394098 -0.0012044954 -7.631294e-20)
(-0.00013362487 0.00013792569 2.6429528e-23)
(-0.00087957423 0.00094149683 1.075713e-20)
(-0.001371186 0.0013639415 -1.2733001e-20)
(-0.0015705681 0.0014443528 -2.1432198e-20)
(-0.0013701508 0.0011651059 4.5350216e-21)
(-0.00049942721 0.00040163453 -4.0545741e-20)
(0.00093532038 -0.00064251912 1.0768131e-20)
(0.0025376434 -0.0016129715 8.4444668e-21)
(0.0038495686 -0.0022223204 -5.8330111e-20)
(0.0045915665 -0.0023835145 7.643611e-20)
(0.0048992327 -0.002262223 2.3211239e-21)
(0.0050214772 -0.0020356467 1.6763565e-20)
(0.0050832746 -0.001779925 -1.9891796e-20)
(0.0049806416 -0.0014745206 6.331952e-20)
(0.004502256 -0.001093931 -4.0148823e-21)
(0.0034301763 -0.00065587106 1.6248447e-20)
(0.0015243556 -0.00022150113 -2.2399006e-21)
(-0.0014219328 8.9986499e-05 3.2279335e-21)
(-0.0056347985 0.00011792949 -2.0228075e-21)
(-0.011484988 -0.00038639495 3.7959806e-21)
(-0.018893796 -0.0017584372 -1.1764412e-22)
(-0.027236906 -0.0041924367 4.3310355e-20)
(-0.036019114 -0.0077821722 -1.6746023e-20)
(-0.044599236 -0.012484473 1.5152262e-20)
(-0.052494398 -0.018167511 -9.7572737e-20)
(-0.05920377 -0.024575129 -1.5766161e-20)
(-0.064435496 -0.031420459 1.3868062e-19)
(-0.067990097 -0.03838631 -1.1846338e-19)
(-0.06980915 -0.045166695 -2.2657608e-21)
(-0.069900902 -0.051456781 3.6206132e-20)
(-0.068410812 -0.057026281 -3.3082102e-20)
(-0.065439623 -0.061602866 -6.5162921e-21)
(-0.061227607 -0.065034002 -4.1856282e-21)
(-0.056037224 -0.067217883 -6.5894057e-21)
(-0.05004968 -0.067983803 -2.6537804e-21)
(-0.043561994 -0.067325072 6.0905037e-22)
(-0.03681726 -0.065209549 4.9993111e-20)
(-0.030070714 -0.061669112 -7.6812869e-20)
(-0.023562032 -0.056767724 -8.2224033e-20)
(-0.017514065 -0.050604517 -3.3443765e-20)
(-0.012128474 -0.043312062 -7.6780101e-20)
(-0.0075806254 -0.035050863 1.7148984e-20)
(-0.0040137388 -0.026006103 2.4973483e-20)
(-0.0015448057 -0.016398672 -3.8841116e-20)
(-0.00023618926 -0.0064062171 -5.1918996e-21)
(0.00015281372 0.0052444371 -5.4103095e-22)
(0.00057992058 0.012201622 -3.345467e-23)
(0.0013792306 0.018891012 -2.0425733e-21)
(0.0025177513 0.025075716 7.4385793e-21)
(0.0039363491 0.03052579 -5.7723877e-21)
(0.0055503728 0.035026135 -1.9482285e-20)
(0.0072509683 0.038394214 4.0718042e-21)
(0.0089169732 0.04049093 1.7679875e-20)
(0.010417114 0.041233997 -1.8088351e-20)
(0.011621412 0.040608704 4.349973e-20)
(0.012414032 0.038677095 8.3764638e-22)
(0.012705994 0.035579477 -2.9878358e-20)
(0.012450837 0.031539166 -5.0212945e-20)
(0.011651991 0.026841466 4.1505081e-20)
(0.010373378 0.021824926 -4.3974747e-20)
(0.0087311177 0.016834534 -7.0555383e-20)
(0.0068798346 0.012191442 4.5758161e-20)
(0.004991899 0.008149668 -7.2312614e-20)
(0.0032251479 0.0048618437 -9.3972383e-20)
(0.0016999993 0.0023753458 5.9898939e-20)
(0.00048226157 0.00063891375 7.5107639e-20)
(-0.00042870625 -0.0004871868 6.6297043e-20)
(-0.0010611862 -0.0011403866 5.377558e-20)
(-0.0014406448 -0.0014356369 1.2558969e-20)
(-0.0014758725 -0.0013596202 2.1142291e-20)
(-0.0011402591 -0.00097325534 -4.4770354e-21)
(-6.3669091e-05 -6.6564216e-05 4.0043108e-20)
(0.0014908444 0.0010348357 -1.0658148e-20)
(0.003009222 0.001917256 -8.3721548e-21)
(0.0041346958 0.0023897066 5.7916094e-20)
(0.0046890859 0.0024355555 -7.591761e-20)
(0.0049161468 0.0022704703 -2.2924709e-21)
(0.0050211768 0.0020356627 3.7909866e-20)
(0.0050578911 0.0017714394 1.9798074e-20)
(0.0048718673 0.0014431956 -6.3125039e-20)
(0.0042495073 0.0010340528 4.0104527e-21)
(0.0029748474 0.00057174082 1.1861832e-20)
(0.00080453798 0.00012635664 2.2470936e-21)
(-0.0024557204 -0.00017511415 -3.2444771e-21)
(-0.0069993134 -0.00015217672 2.0361042e-21)
(-0.013201285 0.00044032807 -3.8229599e-21)
(-0.020921788 0.0019441937 3.1217011e-20)
(-0.029457683 0.0045313155 -4.3492175e-20)
(-0.038303388 0.0082728289 1.6760968e-20)
(-0.04683198 0.013107038 -1.5102754e-20)
(-0.054555369 0.018878372 9.6754039e-20)
(-0.061012211 0.02532266 1.5541268e-20)
(-0.065941966 0.03215198 -1.3576029e-19)
(-0.069160353 0.03904406 1.150235e-19)
(-0.070648873 0.045707115 2.1779181e-21)
(-0.070406369 0.051826054 -3.4334005e-20)
(-0.068631389 0.057207413 3.0781873e-20)
(-0.065377342 0.061541182 -4.7230872e-20)
(-0.060927985 0.064712957 3.5054954e-21)
(-0.05556895 0.0666531 -5.4299831e-21)
(-0.049427864 0.067135723 5.036108e-21)
(-0.042841568 0.066207831 -7.3621961e-22)
(-0.036037955 0.063824786 -5.5704023e-20)
(-0.029274096 0.06002999 8.2643591e-20)
(-0.022786595 0.054892609 8.6702309e-20)
(-0.016794433 0.048516047 3.4791549e-20)
(-0.011495612 0.041038807 7.9076305e-20)
(-0.0070602821 0.032623778 -1.7520624e-20)
(-0.003626602 0.023461593 5.0258353e-20)
(-0.0013055204 0.01376515 3.9172722e-20)
(-0.00015793948 0.003752894 5.2095274e-21)
)
;
    }
    frontAndBack
    {
        type            empty;
    }
}


// ************************************************************************* //
