/*--------------------------------*- C++ -*----------------------------------*\
  =========                 |
  \\      /  F ield         | OpenFOAM: The Open Source CFD Toolbox
   \\    /   O peration     | Website:  https://openfoam.org
    \\  /    A nd           | Version:  13
     \\/     M anipulation  |
\*---------------------------------------------------------------------------*/
FoamFile
{
    format      ascii;
    class       volVectorField;
    location    "25.598369";
    object      wallShearStress;
}
// * * * * * * * * * * * * * * * * * * * * * * * * * * * * * * * * * * * * * //

dimensions      [0 2 -2 0 0 0 0];

internalField   uniform (0 0 0);

boundaryField
{
    inlet
    {
        type            calculated;
        value           uniform (0 0 0);
    }
    outlet
    {
        type            calculated;
        value           uniform (0 0 0);
    }
    cylinder
    {
        type            calculated;
        value           nonuniform List<vector> 
132
(
(1.3656201e-05 -0.00066308913 -2.4464987e-22)
(4.6772952e-05 -0.0010355193 6.9735934e-23)
(0.0001012222 -0.0014050643 3.8529074e-21)
(0.00017646388 -0.0017648733 -1.2934531e-20)
(0.00027154818 -0.0021077906 9.1332608e-21)
(0.00038470128 -0.0024264571 2.79154e-20)
(0.00051329862 -0.0027136019 -5.2907723e-21)
(0.00065383097 -0.0029622842 -2.0967781e-20)
(0.00080200985 -0.003166274 1.9771529e-20)
(0.00095297563 -0.00332023 -4.4353205e-20)
(0.0011013335 -0.0034202362 -8.0760166e-22)
(0.001241404 -0.0034638761 2.75919e-20)
(0.0013676815 -0.0034509525 4.5035344e-20)
(0.0014749779 -0.0033830561 -3.6613306e-20)
(0.0015592587 -0.0032647337 3.8588156e-20)
(0.0016174498 -0.0031020373 6.2166754e-20)
(0.0016482804 -0.0029034021 -4.0773365e-20)
(0.0016523359 -0.0026787938 6.5462037e-20)
(0.00163274 -0.0024399405 8.6621474e-20)
(0.0015953213 -0.0021996847 -5.6228353e-20)
(0.0015477008 -0.0019699463 -7.1709991e-20)
(0.0015004833 -0.0017629321 2.5238017e-23)
(0.0014664612 -0.0015895171 1.0412362e-20)
(0.0014613971 -0.0014597311 -1.2470817e-20)
(0.0015031007 -0.0013813115 -2.1220755e-20)
(0.0016099183 -0.0013582227 4.5391223e-21)
(0.0017965016 -0.0013876906 -4.0983113e-20)
(0.0020655798 -0.001455935 1.0948279e-20)
(0.0024075355 -0.0015418223 8.5945986e-21)
(0.0027948685 -0.0016172245 -5.9169262e-20)
(0.0031880463 -0.0016547967 7.7168763e-20)
(0.0035518052 -0.0016383574 2.333979e-21)
(0.0038603907 -0.001563279 1.6810076e-20)
(0.0040759979 -0.001426031 -1.9898684e-20)
(0.0041195597 -0.0012185897 6.3156915e-20)
(0.0038579295 -0.00093615351 -3.9899706e-21)
(0.0031261706 -0.00059576825 1.6078611e-20)
(0.0017122948 -0.00024306951 -2.2060124e-21)
(-0.00058805038 2.7194043e-05 3.1637759e-21)
(-0.0040047445 8.0263149e-05 -1.9731748e-21)
(-0.0088840612 -0.00030161623 3.6865899e-21)
(-0.015200056 -0.0014169045 -1.1382064e-22)
(-0.022429906 -0.0034547369 4.1791115e-20)
(-0.03013608 -0.0065133117 -1.6128205e-20)
(-0.037755547 -0.010570739 1.4574368e-20)
(-0.044793721 -0.015504226 -9.3748234e-20)
(-0.050816061 -0.021095322 -1.5139231e-20)
(-0.055550235 -0.027089373 1.3307904e-19)
(-0.058801375 -0.033199881 -1.1363612e-19)
(-0.060527194 -0.039162452 -2.1725041e-21)
(-0.060722933 -0.044701574 3.4705879e-20)
(-0.059525471 -0.049620568 -3.170137e-20)
(-0.057022368 -0.053679977 -6.2419146e-21)
(-0.053411405 -0.056732572 -4.0038595e-21)
(-0.048928885 -0.05869194 -6.2804804e-21)
(-0.043743762 -0.059418961 -2.5845744e-21)
(-0.038107931 -0.058896431 5.8655357e-22)
(-0.032236953 -0.057097668 4.808722e-20)
(-0.026354489 -0.05404849 -7.3861273e-20)
(-0.020671174 -0.049803496 -7.90644e-20)
(-0.015383417 -0.044449115 -3.216394e-20)
(-0.010668826 -0.038100612 -7.3862315e-20)
(-0.0066822462 -0.030898744 1.650342e-20)
(-0.0035504246 -0.023005641 2.4044567e-20)
(-0.0013761671 -0.014616087 -3.7417052e-20)
(-0.0002150166 -0.0058840551 -5.0049141e-21)
(6.442023e-07 -0.00029075741 -1.1239395e-21)
(7.9215196e-06 8.176676e-05 -6.6842844e-23)
(3.5296833e-05 0.00045151129 -3.8298668e-21)
(8.3273825e-05 0.00081190063 1.2814031e-20)
(0.00015056075 0.0011559878 -9.024015e-21)
(0.00023545022 0.0014769069 -2.7508848e-20)
(0.00033545313 0.0017679501 5.2002733e-21)
(0.00044733622 0.0020228948 2.0557579e-20)
(0.00056719595 0.0022362596 -1.9338065e-20)
(0.00069051892 0.0024036607 4.3281825e-20)
(0.00081258562 0.0025219935 7.8642456e-22)
(0.00092853228 0.0025897933 -2.6814392e-20)
(0.0010336444 0.0026073359 -4.368721e-20)
(0.0011237941 0.0025770129 3.5459588e-20)
(0.0011956084 0.0025029181 -3.7319234e-20)
(0.0012471245 0.0023914664 -6.0048584e-20)
(0.0012776336 0.0022502121 3.9344542e-20)
(0.001288554 0.0020887009 -6.3115337e-20)
(0.0012831621 0.0019171773 -8.3464352e-20)
(0.0012668489 0.0017463422 5.4153533e-20)
(0.0012475322 0.0015873557 6.904305e-20)
(0.001234976 0.0014503378 6.1848255e-20)
(0.001241973 0.0013454215 5.0819926e-20)
(0.0012833023 0.001280972 1.2004536e-20)
(0.0013758181 0.0012634418 2.0429774e-20)
(0.0015353193 0.0012944719 -4.3708506e-21)
(0.0017705468 0.0013670137 3.9475328e-20)
(0.0020812126 0.0014665836 -1.0549148e-20)
(0.0024474652 0.0015673211 -8.2849012e-21)
(0.0028362048 0.0016412678 5.7060646e-20)
(0.0032158531 0.0016694202 -7.4448931e-20)
(0.0035604498 0.0016425291 -2.2395723e-21)
(0.0038474478 0.001558261 3.6934956e-20)
(0.0040268615 0.0014092011 1.923547e-20)
(0.0040096108 0.0011866497 -6.1124695e-20)
(0.0036553555 0.00088798091 3.8674986e-21)
(0.0027896044 0.00053348145 1.1386422e-20)
(0.0011947052 0.00017459788 2.1464065e-21)
(-0.0013266588 -8.6357068e-05 -3.0840485e-21)
(-0.0049813207 -0.00010462752 1.926704e-21)
(-0.010122117 0.00034056679 -3.6034546e-21)
(-0.016661859 0.0015508057 2.9334817e-20)
(-0.024033034 0.0036993933 -4.078527e-20)
(-0.031787014 0.0068678368 1.5696205e-20)
(-0.039329583 0.011009401 -1.4127037e-20)
(-0.046210091 0.01599264 9.0411704e-20)
(-0.052008137 0.021587612 1.4505755e-20)
(-0.056472358 0.027536538 -1.2651752e-19)
(-0.059436842 0.033556203 1.0696413e-19)
(-0.06087463 0.039384819 2.0188503e-21)
(-0.060792226 0.044750159 -3.1676444e-20)
(-0.059348664 0.049470737 2.8168437e-20)
(-0.056615281 0.053294079 -4.2590852e-20)
(-0.052813838 0.056095225 3.0387046e-21)
(-0.04819509 0.057808834 -3.6217773e-21)
(-0.042898734 0.058267818 5.7931588e-21)
(-0.037195839 0.057483005 -7.547421e-22)
(-0.031296578 0.055427587 -5.5529868e-20)
(-0.025423438 0.052133525 8.1369788e-20)
(-0.019785205 0.047661787 8.4775187e-20)
(-0.014574629 0.042102529 3.386929e-20)
(-0.0099659848 0.035576574 7.6749731e-20)
(-0.0061093288 0.028226984 -1.6968538e-20)
(-0.0031266577 0.020221084 4.8596162e-20)
(-0.0011152798 0.011745485 3.7829718e-20)
(-0.00012983631 0.0029957052 5.0259757e-21)
)
;
    }
    frontAndBack
    {
        type            empty;
    }
}


// ************************************************************************* //
