/*--------------------------------*- C++ -*----------------------------------*\
  =========                 |
  \\      /  F ield         | OpenFOAM: The Open Source CFD Toolbox
   \\    /   O peration     | Website:  https://openfoam.org
    \\  /    A nd           | Version:  13
     \\/     M anipulation  |
\*---------------------------------------------------------------------------*/
FoamFile
{
    format      ascii;
    class       volVectorField;
    location    "4.698332";
    object      wallShearStress;
}
// * * * * * * * * * * * * * * * * * * * * * * * * * * * * * * * * * * * * * //

dimensions      [0 2 -2 0 0 0 0];

internalField   uniform (0 0 0);

boundaryField
{
    inlet
    {
        type            calculated;
        value           uniform (0 0 0);
    }
    outlet
    {
        type            calculated;
        value           uniform (0 0 0);
    }
    cylinder
    {
        type            calculated;
        value           nonuniform List<vector> 
132
(
(0.00012784808 -0.0017486309 -1.4319953e-22)
(0.00054292419 -0.010736187 4.1633605e-23)
(0.0014431865 -0.019486975 2.4443517e-21)
(0.0027910187 -0.027653912 -8.9261717e-21)
(0.0045101088 -0.034894244 6.9751649e-21)
(0.0064861328 -0.040885076 2.3767923e-20)
(0.0085693146 -0.045351874 -5.0185554e-21)
(0.010591208 -0.048087264 -2.1998853e-20)
(0.012370568 -0.048972188 2.2687292e-20)
(0.013731501 -0.04799635 -5.4889213e-20)
(0.014524155 -0.045271473 -1.0611852e-21)
(0.014645179 -0.041033036 3.7931818e-20)
(0.014059139 -0.035637813 6.37791e-20)
(0.012809249 -0.029531244 -5.2680401e-20)
(0.011022867 -0.023212171 5.573874e-20)
(0.008893064 -0.017163645 8.9294611e-20)
(0.0066437201 -0.011786506 -5.7847766e-20)
(0.0044945448 -0.0073481466 9.1383709e-20)
(0.0026163994 -0.0039536151 1.1881703e-19)
(0.0011106948 -0.0015610434 -7.5825273e-20)
(-1.5725422e-05 -2.6761744e-06 -9.5245537e-20)
(-0.00079292514 0.00091773449 3.3146275e-23)
(-0.0012975157 0.0013997765 1.349238e-20)
(-0.0014472587 0.001446523 -1.5990779e-20)
(-0.0012015252 0.0011144279 -2.6934987e-20)
(-0.00021949505 0.00020330047 5.708906e-21)
(0.0013141042 -0.00099621042 -5.1276513e-20)
(0.0029866622 -0.0020919631 1.3685359e-20)
(0.0043507255 -0.0027816199 1.0778145e-20)
(0.0051118407 -0.0029596262 -7.4547279e-20)
(0.0054462828 -0.0028308693 9.7621715e-20)
(0.0056068214 -0.0025899339 2.9620827e-21)
(0.0057033152 -0.0023127269 2.1402514e-20)
(0.0056259209 -0.0019717731 -2.5439687e-20)
(0.0051682388 -0.0015334024 8.1156425e-20)
(0.0041055884 -0.0010029258 -5.1578335e-21)
(0.0022189156 -0.00043411905 2.0917754e-20)
(-0.00074198595 7.6015521e-05 -2.8877931e-21)
(-0.0049779629 0.000374439 4.1614646e-21)
(-0.010552472 0.00024285796 -2.6037058e-21)
(-0.017872902 -0.0005879443 4.865654e-21)
(-0.026649707 -0.002469617 -1.4967508e-22)
(-0.036005419 -0.0055318117 5.4598809e-20)
(-0.045442813 -0.0098082687 -2.0891213e-20)
(-0.054277823 -0.015185092 1.8703038e-20)
(-0.0620731 -0.021474363 -1.1924112e-19)
(-0.068419604 -0.028390808 -1.9101735e-20)
(-0.073097486 -0.035635258 1.669018e-19)
(-0.075973224 -0.042885317 -1.4198613e-19)
(-0.07705391 -0.049846757 -2.713404e-21)
(-0.076375525 -0.05621652 4.3527961e-20)
(-0.074133343 -0.061790849 -4.0228321e-20)
(-0.070426008 -0.06629186 -8.1273131e-21)
(-0.065509146 -0.069577365 -5.5483533e-21)
(-0.059668809 -0.07157031 -1.0882196e-20)
(-0.053076346 -0.072091811 4.5438537e-22)
(-0.046039118 -0.071150782 4.7659867e-22)
(-0.03879835 -0.06871617 4.5357342e-20)
(-0.031611196 -0.064826549 -7.3280435e-20)
(-0.024717283 -0.059549677 -8.0374864e-20)
(-0.018339683 -0.052989039 -3.3143368e-20)
(-0.01268002 -0.045281076 -7.6729273e-20)
(-0.0079135429 -0.036589913 1.7228121e-20)
(-0.0041832438 -0.027104331 2.5171505e-20)
(-0.0016060793 -0.017048848 -3.9223554e-20)
(-0.00024393962 -0.0066039403 -5.2472863e-21)
(0.00020140313 0.0072279599 -6.6638088e-22)
(0.00075766566 0.016035882 -4.159238e-23)
(0.0017794972 0.024424044 -2.5706901e-21)
(0.0032145808 0.032054846 9.4833106e-21)
(0.0049732898 0.038603453 -7.4454937e-21)
(0.0069303651 0.043775826 -2.5362103e-20)
(0.0089310311 0.047335783 5.3337196e-21)
(0.010807037 0.049120989 2.3230903e-20)
(0.012383178 0.049065176 -2.3772795e-20)
(0.01349752 0.047213824 5.703799e-20)
(0.01402105 0.04373263 1.0937137e-21)
(0.013878699 0.038909918 -3.8778298e-20)
(0.013064301 0.033136274 -6.4735339e-20)
(0.011653195 0.026882296 5.3137983e-20)
(0.0097932058 0.020633988 -5.5946528e-20)
(0.0076853431 0.014841755 -8.9301816e-20)
(0.0055452359 0.0098450406 5.7729202e-20)
(0.0035681994 0.0058399161 -9.1100394e-20)
(0.001895268 0.0028712648 -1.1844734e-19)
(0.00058739247 0.00083989102 7.5634144e-20)
(-0.00036420137 -0.0004444884 9.507458e-20)
(-0.0010124586 -0.0011782406 8.4121536e-20)
(-0.0013841441 -0.001496338 6.837165e-20)
(-0.0013757792 -0.0013781861 1.5983645e-20)
(-0.0009292108 -0.00086686095 2.6942817e-20)
(0.00023974926 0.00018254771 -5.7147757e-21)
(0.0018762738 0.0014315101 5.1428533e-20)
(0.0034660693 0.0024323954 -1.3748578e-20)
(0.0046329644 0.0029650317 -1.0842247e-20)
(0.0052071827 0.0030163292 7.50168e-20)
(0.0054635414 0.0028402713 -9.8246212e-20)
(0.0056089459 0.0025911047 -2.965207e-21)
(0.0056697675 0.0022996071 4.9076378e-20)
(0.0055032612 0.0019297466 2.5674617e-20)
(0.004894845 0.0014539136 -8.2029471e-20)
(0.0036198445 0.00088719415 5.2219689e-21)
(0.0014633974 0.00029390243 1.5469707e-20)
(-0.0018221652 -0.00021938252 2.9327368e-21)
(-0.0064243044 -0.00048959429 -4.2300637e-21)
(-0.012352924 -0.00029082668 2.6473579e-21)
(-0.020008462 0.00065434813 -4.9436492e-21)
(-0.029043753 0.0026883238 4.0026235e-20)
(-0.038518714 0.0059147842 -5.5201777e-20)
(-0.047926435 0.010341273 2.1041327e-20)
(-0.056631689 0.015841149 -1.8755526e-20)
(-0.06419971 0.022207663 1.1897379e-19)
(-0.070249027 0.029146789 1.8954531e-20)
(-0.074598294 0.036363876 -1.6460042e-19)
(-0.077124268 0.043532154 1.3904943e-19)
(-0.077867885 0.050370514 2.6351917e-21)
(-0.076858824 0.056569509 -4.1820686e-20)
(-0.074332874 0.061954512 3.8096798e-20)
(-0.070358805 0.0662257 -6.0566208e-20)
(-0.065209127 0.069255883 4.9057062e-21)
(-0.059196878 0.071001223 -1.1555589e-20)
(-0.052461146 0.071252846 1.8149176e-21)
(-0.045328077 0.070048157 -5.9792838e-22)
(-0.038031975 0.067354447 -5.0817506e-20)
(-0.030829331 0.063217834 7.8864895e-20)
(-0.023957194 0.057711724 8.4669399e-20)
(-0.017635018 0.05094405 3.4437253e-20)
(-0.012060722 0.04305659 7.8935354e-20)
(-0.0074046112 0.034216099 -1.7585405e-20)
(-0.0038047143 0.02461644 5.0623196e-20)
(-0.0013721665 0.014474503 3.9542588e-20)
(-0.00016744178 0.0040105553 5.2643944e-21)
)
;
    }
    frontAndBack
    {
        type            empty;
    }
}


// ************************************************************************* //
