/*--------------------------------*- C++ -*----------------------------------*\
  =========                 |
  \\      /  F ield         | OpenFOAM: The Open Source CFD Toolbox
   \\    /   O peration     | Website:  https://openfoam.org
    \\  /    A nd           | Version:  13
     \\/     M anipulation  |
\*---------------------------------------------------------------------------*/
FoamFile
{
    format      ascii;
    class       volVectorField;
    location    "46.201805";
    object      wallShearStress;
}
// * * * * * * * * * * * * * * * * * * * * * * * * * * * * * * * * * * * * * //

dimensions      [0 2 -2 0 0 0 0];

internalField   uniform (0 0 0);

boundaryField
{
    inlet
    {
        type            calculated;
        value           uniform (0 0 0);
    }
    outlet
    {
        type            calculated;
        value           uniform (0 0 0);
    }
    cylinder
    {
        type            calculated;
        value           nonuniform List<vector> 
132
(
(-1.8205461e-05 0.0015894486 -2.9741743e-22)
(-5.0773332e-05 0.0013202043 8.4360177e-23)
(-6.8873226e-05 0.0010465731 4.6375043e-21)
(-7.2034968e-05 0.00077156062 -1.5486382e-20)
(-6.0413105e-05 0.0005011759 1.0875813e-20)
(-3.4468934e-05 0.00023914965 3.3057633e-20)
(4.8187955e-06 -1.0098369e-05 -6.2304282e-21)
(5.5715568e-05 -0.00024259023 -2.4554735e-20)
(0.00011699361 -0.00045464031 2.3026895e-20)
(0.00018621851 -0.00064325382 -5.1380839e-20)
(0.00026101458 -0.00080615306 -9.3084536e-22)
(0.0003388772 -0.00094188522 3.164745e-20)
(0.00041736758 -0.0010499458 5.1424485e-20)
(0.00049426203 -0.0011308405 -4.1638066e-20)
(0.00056768758 -0.0011861073 4.3726012e-20)
(0.00063642805 -0.0012182839 7.0223553e-20)
(0.00069996782 -0.0012307991 -4.5936473e-20)
(0.00075876527 -0.0012279935 7.3592063e-20)
(0.00081434958 -0.0012148233 9.7215341e-20)
(0.00086961146 -0.0011968895 -6.3025219e-20)
(0.00092900108 -0.001180244 -8.0307348e-20)
(0.0009985646 -0.0011709827 2.8286457e-23)
(0.0010865488 -0.0011755106 1.1650722e-20)
(0.0012026857 -0.0011992438 -1.3952749e-20)
(0.0013580775 -0.0012462749 -2.374379e-20)
(0.0015632006 -0.0013175224 5.0794792e-21)
(0.0018236625 -0.001407927 -4.586766e-20)
(0.0021401678 -0.0015082403 1.2253081e-20)
(0.0025017166 -0.0016022121 9.6171508e-21)
(0.0028861297 -0.0016702278 -6.6175958e-20)
(0.003271377 -0.0016981974 8.6238953e-20)
(0.0036329069 -0.0016758301 2.6057094e-21)
(0.0039434263 -0.001596966 1.8746888e-20)
(0.0041505812 -0.0014522908 -2.2165934e-20)
(0.0041627391 -0.0012316983 7.026015e-20)
(0.0038373209 -0.00093177763 -4.4320552e-21)
(0.0029972099 -0.00057241955 1.7828618e-20)
(0.0014191749 -0.00020481639 -2.4410168e-21)
(-0.001103763 6.7233548e-05 3.4919914e-21)
(-0.0047954004 9.9245866e-05 -2.1717208e-21)
(-0.010017444 -0.00033804915 4.0435341e-21)
(-0.016693395 -0.0015545387 -1.2432752e-22)
(-0.024258256 -0.0037348521 4.5461735e-20)
(-0.032247982 -0.0069681904 -1.7470449e-20)
(-0.040047336 -0.011210938 1.5723645e-20)
(-0.04719377 -0.016333706 -1.0079458e-19)
(-0.053245388 -0.022102031 -1.6227079e-20)
(-0.057936988 -0.028251592 1.4233281e-19)
(-0.061096445 -0.034494077 -1.2136621e-19)
(-0.062685633 -0.040557482 -2.3197956e-21)
(-0.062717434 -0.046168398 3.7109411e-20)
(-0.061334782 -0.051127444 -3.4030607e-20)
(-0.058631974 -0.055193929 -6.7612687e-21)
(-0.054819468 -0.05822699 -4.4360146e-21)
(-0.05013794 -0.060141054 -7.6061504e-21)
(-0.044754561 -0.060790761 -1.660251e-21)
(-0.038930203 -0.06016602 5.4919616e-22)
(-0.032882832 -0.058240293 4.6877905e-20)
(-0.026839306 -0.055041241 -7.3043696e-20)
(-0.021013223 -0.050625766 -7.8719669e-20)
(-0.015603263 -0.045081961 -3.2134918e-20)
(-0.010789391 -0.038527808 -7.3920229e-20)
(-0.0067282141 -0.031105953 1.6525624e-20)
(-0.0035481755 -0.022981824 2.4070157e-20)
(-0.0013533723 -0.014350296 -3.7420301e-20)
(-0.00020115664 -0.0053750719 -4.9969571e-21)
(2.8519958e-05 0.0018520865 -1.37269e-21)
(8.9516303e-05 0.0021085282 -8.1997626e-23)
(0.00016563873 0.002356794 -4.7184525e-21)
(0.000255962 0.0025920316 1.5851333e-20)
(0.00035935356 0.002809325 -1.1205608e-20)
(0.00047407271 0.0030036429 -3.428016e-20)
(0.00059778554 0.003170154 6.5013307e-21)
(0.00072769375 0.0033043576 2.5775947e-20)
(0.00086044 0.0034023575 -2.4309731e-20)
(0.00099227029 0.0034610887 5.4531915e-20)
(0.0011191994 0.0034785941 9.9273178e-22)
(0.0012371796 0.0034541414 -3.3903781e-20)
(0.0013424304 0.0033886461 -5.5309853e-20)
(0.0014315659 0.0032843846 4.4940151e-20)
(0.0015020916 0.0031455271 -4.7334086e-20)
(0.0015524749 0.0029775775 -7.6207567e-20)
(0.0015825662 0.0027875198 4.9951243e-20)
(0.0015939919 0.0025838392 -8.0150526e-20)
(0.0015900554 0.0023755985 -1.0600455e-19)
(0.0015762427 0.002172667 6.8781563e-20)
(0.0015602008 0.0019850188 8.7691879e-20)
(0.0015519705 0.0018224977 7.8551283e-20)
(0.0015640764 0.0016943613 6.4542435e-20)
(0.0016112515 0.0016085071 1.5245951e-20)
(0.0017092485 0.0015700192 2.5947084e-20)
(0.0018727114 0.0015794914 -5.551728e-21)
(0.0021094118 0.0016292993 5.0146619e-20)
(0.0024193116 0.0017054736 -1.3402659e-20)
(0.002786156 0.0017847583 -1.0527189e-20)
(0.0031768541 0.0018388123 7.2511153e-20)
(0.0035625627 0.0018497203 -9.4612607e-20)
(0.0039084381 0.0018034173 -2.8463006e-21)
(0.0041714181 0.001689993 4.6941223e-20)
(0.0042828912 0.0014996036 2.4444179e-20)
(0.0041322047 0.0012241892 -7.765257e-20)
(0.0035558997 0.0008658623 4.9098788e-21)
(0.002364954 0.00045617036 1.4437312e-20)
(0.0003203606 6.0082861e-05 2.7159719e-21)
(-0.0027724533 -0.00020131725 -3.8900735e-21)
(-0.0070657807 -0.00015576203 2.4199048e-21)
(-0.012936066 0.00043010814 -4.4992432e-21)
(-0.020199621 0.0018759733 3.6358435e-20)
(-0.02815158 0.0043292679 -5.0144745e-20)
(-0.036317412 0.0078427186 1.9148497e-20)
(-0.044112464 0.012344931 -1.7116023e-20)
(-0.051072687 0.017672318 1.0892289e-19)
(-0.0568078 0.023575919 1.7414467e-20)
(-0.061107528 0.029793021 -1.5172385e-19)
(-0.063823666 0.036029533 1.2858068e-19)
(-0.064964687 0.042028017 2.4436224e-21)
(-0.06454915 0.047513033 -3.8884828e-20)
(-0.062757552 0.052309904 3.549284e-20)
(-0.059664151 0.05616205 -5.6560415e-20)
(-0.055507965 0.058955029 4.5864246e-21)
(-0.050546289 0.060627601 -1.081005e-20)
(-0.04491592 0.061006525 1.7247616e-21)
(-0.038897834 0.060112434 -5.6346708e-22)
(-0.032703876 0.057919443 -4.7916939e-20)
(-0.026559447 0.054462901 7.4430541e-20)
(-0.020675624 0.049807149 7.9987417e-20)
(-0.015246678 0.044045025 3.2565261e-20)
(-0.010448354 0.037300848 7.4718857e-20)
(-0.006431588 0.029720515 -1.6663016e-20)
(-0.0033191546 0.02147482 4.8019181e-20)
(-0.0012085491 0.012754796 3.7551474e-20)
(-0.00015331875 0.0037525077 5.005713e-21)
)
;
    }
    frontAndBack
    {
        type            empty;
    }
}


// ************************************************************************* //
