/*--------------------------------*- C++ -*----------------------------------*\
  =========                 |
  \\      /  F ield         | OpenFOAM: The Open Source CFD Toolbox
   \\    /   O peration     | Website:  https://openfoam.org
    \\  /    A nd           | Version:  13
     \\/     M anipulation  |
\*---------------------------------------------------------------------------*/
FoamFile
{
    format      ascii;
    class       volVectorField;
    location    "24.30115";
    object      wallShearStress;
}
// * * * * * * * * * * * * * * * * * * * * * * * * * * * * * * * * * * * * * //

dimensions      [0 2 -2 0 0 0 0];

internalField   uniform (0 0 0);

boundaryField
{
    inlet
    {
        type            calculated;
        value           uniform (0 0 0);
    }
    outlet
    {
        type            calculated;
        value           uniform (0 0 0);
    }
    cylinder
    {
        type            calculated;
        value           nonuniform List<vector> 
132
(
(-6.3769592e-06 0.00094938848 -2.347678e-22)
(-1.2191483e-05 0.00045015705 6.68708e-23)
(9.9811165e-06 -5.3779853e-05 3.693228e-21)
(5.9603222e-05 -0.00055350234 -1.2394152e-20)
(0.00013720522 -0.0010384398 8.7495808e-21)
(0.00024027255 -0.0014978024 2.6740298e-20)
(0.00036569201 -0.0019210028 -5.0684123e-21)
(0.00050915027 -0.0022979505 -2.0091191e-20)
(0.00066519516 -0.0026194759 1.8952369e-20)
(0.0008273938 -0.0028779666 -4.2539058e-20)
(0.00098885393 -0.0030676205 -7.7509504e-22)
(0.0011423264 -0.0031851743 2.6503639e-20)
(0.001280688 -0.0032299937 4.3299622e-20)
(0.0013976514 -0.0032048305 -3.5238211e-20)
(0.0014880386 -0.0031151782 3.717969e-20)
(0.0015488218 -0.0029702716 5.9965453e-20)
(0.0015787954 -0.0027810543 -3.9375856e-20)
(0.0015795434 -0.0025609162 6.3291272e-20)
(0.0015560524 -0.0023254852 8.3845676e-20)
(0.0015161816 -0.0020906304 -5.4486368e-20)
(0.0014712806 -0.0018725838 -6.9561813e-20)
(0.0014356385 -0.0016864118 2.4499808e-23)
(0.0014273935 -0.0015465408 1.0119719e-20)
(0.001466795 -0.0014642019 -1.2130889e-20)
(0.0015744757 -0.0014458081 -2.0660144e-20)
(0.001765507 -0.0014884601 4.423235e-21)
(0.0020420986 -0.0015767003 -3.9977338e-20)
(0.0023912568 -0.0016852831 1.0691835e-20)
(0.002783306 -0.0017827974 8.4041325e-21)
(0.0031750017 -0.0018378867 -5.7937527e-20)
(0.0035337478 -0.0018350686 7.5668546e-20)
(0.0038411869 -0.0017726801 2.2920017e-21)
(0.0040733194 -0.0016504279 1.6535656e-20)
(0.004173964 -0.00146148 -1.9612122e-20)
(0.0040435677 -0.001197713 6.2377542e-20)
(0.003537248 -0.0008606702 -3.9487415e-21)
(0.0024876012 -0.000478019 1.5939328e-20)
(0.00068603032 -0.00010746555 -2.1890956e-21)
(-0.0020508278 0.00014600605 3.139148e-21)
(-0.0059035509 0.00012795136 -1.9553538e-21)
(-0.011230973 -0.00037528044 3.6430229e-21)
(-0.017975136 -0.001671328 -1.1200178e-22)
(-0.025572726 -0.0039351174 4.0917226e-20)
(-0.033606206 -0.0072601129 -1.5708902e-20)
(-0.041495821 -0.011615518 1.4124407e-20)
(-0.048789197 -0.016885219 -9.0447996e-20)
(-0.055041361 -0.022847533 -1.4543026e-20)
(-0.059965058 -0.029240987 1.273188e-19)
(-0.063357554 -0.035771472 -1.0823556e-19)
(-0.065152876 -0.04215484 -2.0585261e-21)
(-0.065340801 -0.048100761 3.2654753e-20)
(-0.064044018 -0.053387063 -2.9509467e-20)
(-0.061351831 -0.057755659 -5.7017158e-21)
(-0.057479448 -0.061053652 -3.5049866e-21)
(-0.052663744 -0.063172077 -4.5472265e-21)
(-0.047082684 -0.063954337 -3.981536e-21)
(-0.041011714 -0.06338417 6.540912e-22)
(-0.034681844 -0.06142777 5.0849777e-20)
(-0.028336249 -0.058112261 -7.6450951e-20)
(-0.022204005 -0.053495761 -8.0905089e-20)
(-0.01649902 -0.047671193 -3.2681994e-20)
(-0.011415304 -0.040764123 -7.4700043e-20)
(-0.0071218209 -0.032927137 1.6635365e-20)
(-0.0037569656 -0.024337964 2.4177677e-20)
(-0.0014336677 -0.015206201 -3.7556016e-20)
(-0.00021328672 -0.0057106263 -5.016574e-21)
(2.5770218e-05 0.001438563 -1.0792891e-21)
(8.4113932e-05 0.0019173475 -6.4237653e-23)
(0.00016957506 0.0023806609 -3.6835808e-21)
(0.00028013887 0.0028181331 1.2335206e-20)
(0.00041331426 0.0032196499 -8.6943969e-21)
(0.00056544457 0.0035752383 -2.652662e-20)
(0.00073175861 0.003875653 5.0185872e-21)
(0.00090642243 0.0041127138 1.9853356e-20)
(0.0010827658 0.0042798939 -1.8686546e-20)
(0.0012536973 0.0043725893 4.184131e-20)
(0.0014118511 0.0043887256 7.6043796e-22)
(0.0015500892 0.0043289835 -2.5928896e-20)
(0.0016619903 0.0041970105 -4.2236717e-20)
(0.001742543 0.0039999044 3.426836e-20)
(0.001788202 0.0037469574 -3.6043384e-20)
(0.0017982013 0.0034512529 -5.7948918e-20)
(0.0017742832 0.0031275996 3.7932008e-20)
(0.0017209856 0.0027919904 -6.0783132e-20)
(0.0016460432 0.0024613626 -8.0285815e-20)
(0.0015597732 0.0021518073 5.2028654e-20)
(0.0014759543 0.0018793039 6.6254703e-20)
(0.0014108033 0.0016577189 5.9283379e-20)
(0.0013843349 0.0015000698 4.866234e-20)
(0.0014187032 0.0014160792 1.1485013e-20)
(0.0015370917 0.0014110897 1.9533468e-20)
(0.0017571967 0.0014808758 -4.1779079e-21)
(0.002080807 0.0016059359 3.7738216e-20)
(0.0024919437 0.0017556352 -1.0091297e-20)
(0.0029520529 0.00189042 -7.9341088e-21)
(0.0034051101 0.0019708505 5.4731262e-20)
(0.0038013267 0.0019740421 -7.1547602e-20)
(0.0041172525 0.0019002749 -2.1569663e-21)
(0.0043366972 0.00175744 3.5660725e-20)
(0.0043999899 0.0015410346 1.8625217e-20)
(0.0041996919 0.0012445357 -5.9376973e-20)
(0.0035821 0.00087247765 3.7698879e-21)
(0.0023710099 0.00045736778 1.1136967e-20)
(0.00034837343 6.3575598e-05 2.1058551e-21)
(-0.0026660552 -0.00019341751 -3.0327822e-21)
(-0.006831624 -0.00015053361 1.8973721e-21)
(-0.012511428 0.00041607861 -3.5494885e-21)
(-0.019598216 0.0018204948 2.8869939e-20)
(-0.027462301 0.0042239718 -4.0074512e-20)
(-0.035652732 0.0077002027 1.5393398e-20)
(-0.043593656 0.012200904 -1.38312e-20)
(-0.050848166 0.017595924 8.8388475e-20)
(-0.056967331 0.023644531 1.4163684e-20)
(-0.061694051 0.030081644 -1.2341544e-19)
(-0.064844398 0.0366085 1.0423901e-19)
(-0.066376985 0.042944448 1.965291e-21)
(-0.066286955 0.048794891 -3.0781918e-20)
(-0.06473488 0.053960641 2.7293806e-20)
(-0.06178412 0.05816005 -4.1005814e-20)
(-0.057678579 0.06126278 2.8779613e-21)
(-0.052680995 0.063190231 -2.942139e-21)
(-0.046932934 0.063748137 6.1289272e-21)
(-0.040736546 0.062955859 -7.680965e-22)
(-0.034315522 0.060775478 -5.5949403e-20)
(-0.027914349 0.057242934 8.1644201e-20)
(-0.021760575 0.052422358 8.4886945e-20)
(-0.016065292 0.046411396 3.3879074e-20)
(-0.011019492 0.039341344 7.6738119e-20)
(-0.0067878008 0.031368167 -1.696505e-20)
(-0.0035039545 0.022674349 4.8597859e-20)
(-0.0012756004 0.013465874 3.785004e-20)
(-0.00016125968 0.0039462749 5.0323966e-21)
)
;
    }
    frontAndBack
    {
        type            empty;
    }
}


// ************************************************************************* //
