/*--------------------------------*- C++ -*----------------------------------*\
  =========                 |
  \\      /  F ield         | OpenFOAM: The Open Source CFD Toolbox
   \\    /   O peration     | Website:  https://openfoam.org
    \\  /    A nd           | Version:  13
     \\/     M anipulation  |
\*---------------------------------------------------------------------------*/
FoamFile
{
    format      ascii;
    class       volVectorField;
    location    "28.296753";
    object      wallShearStress;
}
// * * * * * * * * * * * * * * * * * * * * * * * * * * * * * * * * * * * * * //

dimensions      [0 2 -2 0 0 0 0];

internalField   uniform (0 0 0);

boundaryField
{
    inlet
    {
        type            calculated;
        value           uniform (0 0 0);
    }
    outlet
    {
        type            calculated;
        value           uniform (0 0 0);
    }
    cylinder
    {
        type            calculated;
        value           nonuniform List<vector> 
132
(
(6.4220593e-06 -0.00017702409 -2.4833112e-22)
(2.5402367e-05 -0.00052355971 7.0543449e-23)
(6.3414374e-05 -0.00086373105 3.8841465e-21)
(0.00011999642 -0.0011915789 -1.2993077e-20)
(0.00019398984 -0.0015010131 9.1413857e-21)
(0.00028360138 -0.001786048 2.7837844e-20)
(0.00038637111 -0.0020410296 -5.2566282e-21)
(0.00049922318 -0.0022608354 -2.0755941e-20)
(0.00061855974 -0.002441148 1.9500616e-20)
(0.00074034133 -0.002578656 -4.3590103e-20)
(0.00086037108 -0.0026713455 -7.9101452e-22)
(0.00097446138 -0.0027185397 2.693532e-20)
(0.0010786893 -0.0027212929 4.382784e-20)
(0.0011695893 -0.0026821104 -3.5529391e-20)
(0.0012446326 -0.002605425 3.7348013e-20)
(0.0013022466 -0.0024968814 6.0027922e-20)
(0.0013424601 -0.002363958 -3.9290276e-20)
(0.0013668939 -0.0022151485 6.2969922e-20)
(0.0013790682 -0.0020598386 8.3203062e-20)
(0.0013847173 -0.0019081263 -5.3946038e-20)
(0.0013917216 -0.0017700846 -6.8737747e-20)
(0.001410614 -0.0016558641 2.4197911e-23)
(0.0014544797 -0.0015749385 9.9704138e-21)
(0.0015387061 -0.0015353463 -1.1939615e-20)
(0.0016793754 -0.001541846 -2.031864e-20)
(0.0018905459 -0.0015938771 4.3476839e-21)
(0.0021769399 -0.0016809461 -3.9278895e-20)
(0.0025351201 -0.0017867788 1.0501823e-20)
(0.0029442618 -0.001885904 8.2532036e-21)
(0.003362776 -0.0019464867 -5.6891176e-20)
(0.0037586149 -0.0019516983 7.4300234e-20)
(0.0041011412 -0.001892567 2.2509185e-21)
(0.0043529287 -0.00176372 1.6244315e-20)
(0.0044577638 -0.0015608691 -1.927586e-20)
(0.0043173081 -0.0012787776 6.135323e-20)
(0.0037834232 -0.00092045964 -3.8880633e-21)
(0.0026839145 -0.00051541087 1.5717256e-20)
(0.00080397617 -0.00012397936 -2.1626571e-21)
(-0.0020408473 0.00014453157 3.1082836e-21)
(-0.0060362785 0.00013047129 -1.9410834e-21)
(-0.011540536 -0.00038572887 3.6267035e-21)
(-0.018477711 -0.0017179983 -1.1182775e-22)
(-0.026261346 -0.0040408942 4.096015e-20)
(-0.034457287 -0.0074436738 -1.5761139e-20)
(-0.042473489 -0.011888786 1.4198433e-20)
(-0.049857901 -0.017254626 -9.1064241e-20)
(-0.056161027 -0.023311774 -1.466099e-20)
(-0.061100691 -0.029794222 1.2849713e-19)
(-0.064480457 -0.03640493 -1.0935434e-19)
(-0.066238981 -0.042857067 -2.0822356e-21)
(-0.066373141 -0.048860266 3.3079215e-20)
(-0.065009377 -0.054191387 -2.9957497e-20)
(-0.06224202 -0.058593339 -5.8102073e-21)
(-0.058289396 -0.06191371 -3.6032475e-21)
(-0.053390448 -0.064043615 -4.8783511e-21)
(-0.047725631 -0.064827609 -3.7237277e-21)
(-0.041571778 -0.064249804 6.4213524e-22)
(-0.03516125 -0.062277079 5.0382149e-20)
(-0.028738326 -0.058937234 -7.6032504e-20)
(-0.022532926 -0.054288886 -8.0619642e-20)
(-0.016759764 -0.048425643 -3.2603256e-20)
(-0.01161342 -0.041473352 -7.4569212e-20)
(-0.0072635836 -0.033585642 1.6612098e-20)
(-0.0038490091 -0.024939974 2.4147183e-20)
(-0.0014834433 -0.015749401 -3.7506371e-20)
(-0.00022760019 -0.0061827713 -5.008721e-21)
(6.4179708e-06 0.00017328278 -1.1445998e-21)
(2.5747212e-05 0.0005278732 -6.8290384e-23)
(6.5132015e-05 0.00088442057 -3.9254477e-21)
(0.00012481318 0.0012369147 1.3175543e-20)
(0.00020435728 0.0015788 -9.3075367e-21)
(0.00030259024 0.0019032686 -2.8459623e-20)
(0.00041754808 0.0022034345 5.3959787e-21)
(0.00054646975 0.0024725977 2.1392545e-20)
(0.00068573912 0.0027045494 -2.0179402e-20)
(0.0008312383 0.002893823 4.5285032e-20)
(0.00097824617 0.0030360221 8.2488421e-22)
(0.0011217184 0.0031281771 -2.8194468e-20)
(0.0012565615 0.003168988 -4.6039842e-20)
(0.0013779989 0.0031591528 3.7448581e-20)
(0.0014818771 0.0031013272 -3.9489899e-20)
(0.0015652964 0.0030006814 -6.3656337e-20)
(0.0016264281 0.0028636137 4.1776525e-20)
(0.001665907 0.0026995068 -6.7115074e-20)
(0.0016862493 0.0025186276 -8.8868047e-20)
(0.0016925757 0.0023325029 5.772473e-20)
(0.0016931269 0.00215376 7.3667625e-20)
(0.0016989733 0.0019948507 6.6046064e-20)
(0.0017242789 0.0018677185 5.4308959e-20)
(0.0017857124 0.0017825534 1.2837201e-20)
(0.0019001893 0.0017453774 2.186125e-20)
(0.0020816926 0.001755814 -4.680345e-21)
(0.0023375995 0.0018057054 4.2303743e-20)
(0.0026648389 0.0018788108 -1.1315435e-20)
(0.0030415757 0.0019487308 -8.8965812e-21)
(0.0034285654 0.0019849592 6.1355969e-20)
(0.0037925164 0.0019696508 -8.0178927e-20)
(0.0040967988 0.0018909565 -2.4165295e-21)
(0.0042929925 0.0017400111 3.9941965e-20)
(0.0043047259 0.001508208 2.0853082e-20)
(0.0040186288 0.001191785 -6.6436124e-20)
(0.003276674 0.00079966144 4.2136902e-21)
(0.0019015532 0.00037024246 1.2428841e-20)
(-0.00032358483 -2.5166216e-05 2.345037e-21)
(-0.0035889515 -0.00026794859 -3.3671513e-21)
(-0.0080038271 -0.00018161513 2.0989757e-21)
(-0.013936102 0.00046065979 -3.908743e-21)
(-0.021251678 0.0019718643 3.1622195e-20)
(-0.029261409 0.0044985408 -4.3650415e-20)
(-0.037521435 0.0081017921 1.6678298e-20)
(-0.045466648 0.012723446 -1.4913102e-20)
(-0.052644733 0.018216006 9.4894272e-20)
(-0.058640626 0.024337046 1.5157544e-20)
(-0.063216268 0.030821987 -1.3177332e-19)
(-0.066192769 0.037368028 1.1120539e-19)
(-0.067552016 0.043703104 2.0982714e-21)
(-0.06728619 0.049529025 -3.2976009e-20)
(-0.065573709 0.054658572 2.9465687e-20)
(-0.062467307 0.058801931 -4.5033925e-20)
(-0.058222365 0.061839276 3.3143414e-21)
(-0.053106568 0.063699662 -4.9211055e-21)
(-0.047249613 0.064177249 5.0311827e-21)
(-0.040961998 0.063303263 -7.1738875e-22)
(-0.034464005 0.061037385 -5.3959041e-20)
(-0.028000246 0.05741791 7.9845698e-20)
(-0.021797531 0.052510017 8.3648198e-20)
(-0.016066111 0.046412032 3.3538764e-20)
(-0.010996334 0.039256267 7.6195172e-20)
(-0.0067520315 0.031199086 -1.6879278e-20)
(-0.0034662964 0.022423883 4.8420364e-20)
(-0.0012459957 0.0131355 3.7749021e-20)
(-0.00014985875 0.003546496 5.02239e-21)
)
;
    }
    frontAndBack
    {
        type            empty;
    }
}


// ************************************************************************* //
