/*--------------------------------*- C++ -*----------------------------------*\
  =========                 |
  \\      /  F ield         | OpenFOAM: The Open Source CFD Toolbox
   \\    /   O peration     | Website:  https://openfoam.org
    \\  /    A nd           | Version:  13
     \\/     M anipulation  |
\*---------------------------------------------------------------------------*/
FoamFile
{
    format      ascii;
    class       volVectorField;
    location    "25.695853";
    object      wallShearStress;
}
// * * * * * * * * * * * * * * * * * * * * * * * * * * * * * * * * * * * * * //

dimensions      [0 2 -2 0 0 0 0];

internalField   uniform (0 0 0);

boundaryField
{
    inlet
    {
        type            calculated;
        value           uniform (0 0 0);
    }
    outlet
    {
        type            calculated;
        value           uniform (0 0 0);
    }
    cylinder
    {
        type            calculated;
        value           nonuniform List<vector> 
132
(
(1.599898e-05 -0.00079011177 -2.4063496e-22)
(5.4328361e-05 -0.0012070265 6.8652125e-23)
(0.00011670468 -0.0016217506 3.7964024e-21)
(0.00020252334 -0.0020264032 -1.2756309e-20)
(0.00031076732 -0.0024127266 9.0155661e-21)
(0.00043946494 -0.0027721911 2.7580587e-20)
(0.00058565774 -0.003096352 -5.2320098e-21)
(0.00074536255 -0.0033771417 -2.0753239e-20)
(0.00091369636 -0.0036073214 1.9586165e-20)
(0.0010851121 -0.0037806946 -4.3974218e-20)
(0.0012534634 -0.0038927573 -8.0133677e-22)
(0.0014122823 -0.0039407386 2.739912e-20)
(0.0015553501 -0.0039245306 4.475283e-20)
(0.001676803 -0.0038460061 -3.6408045e-20)
(0.0017721884 -0.0037105826 3.8395416e-20)
(0.0018380983 -0.0035252142 6.1891064e-20)
(0.0018733905 -0.0032999022 -4.0613029e-20)
(0.0018793337 -0.003046742 6.5233812e-20)
(0.0018597116 -0.00277902 8.6353839e-20)
(0.0018215868 -0.0025115119 -5.6074065e-20)
(0.0017747062 -0.0022586595 -7.1535013e-20)
(0.0017322927 -0.00203498 2.5180326e-23)
(0.0017105638 -0.0018537103 1.0392467e-20)
(0.0017285814 -0.0017261621 -1.2450419e-20)
(0.0018064881 -0.0016596868 -2.1193089e-20)
(0.0019619723 -0.0016549404 4.5352513e-21)
(0.0022046871 -0.0017029211 -4.0973623e-20)
(0.0025300857 -0.0017835516 1.0954943e-20)
(0.0029162463 -0.0018680957 8.6093631e-21)
(0.0033237266 -0.0019239322 -5.9350702e-20)
(0.0037092647 -0.0019261284 7.7525961e-20)
(0.00403932 -0.0018640945 2.3489983e-21)
(0.0042806328 -0.0017344967 1.6954055e-20)
(0.0043718913 -0.0015309268 -2.0118661e-20)
(0.0042125394 -0.0012479571 6.4027706e-20)
(0.0036558983 -0.000889796 -4.0561739e-21)
(0.0025313385 -0.00048685866 1.6386944e-20)
(0.00062537115 -0.00010006464 -2.252731e-21)
(-0.002245028 0.00016069346 3.2336256e-21)
(-0.0062539558 0.00013621548 -2.016194e-21)
(-0.011764343 -0.00039251262 3.7597778e-21)
(-0.018697126 -0.0017378877 -1.156757e-22)
(-0.026460301 -0.0040710497 4.2280795e-20)
(-0.034624175 -0.007479324 -1.6237947e-20)
(-0.042602931 -0.011924715 1.4604572e-20)
(-0.049948203 -0.017285626 -9.3556258e-20)
(-0.056214666 -0.02333376 -1.5051394e-20)
(-0.061123095 -0.02980492 1.3189653e-19)
(-0.064478135 -0.036403444 -1.1230436e-19)
(-0.066218592 -0.042843747 -2.1413144e-21)
(-0.066342138 -0.048837358 3.4108995e-20)
(-0.064971669 -0.054159899 -3.1036983e-20)
(-0.062204564 -0.058558091 -6.0768154e-21)
(-0.058256098 -0.06187836 -3.8513928e-21)
(-0.053361644 -0.064009126 -5.7566765e-21)
(-0.047705071 -0.064799795 -2.9971274e-21)
(-0.041559931 -0.064231658 6.058881e-22)
(-0.035158556 -0.062272542 4.8844068e-20)
(-0.028744375 -0.058949971 -7.4534774e-20)
(-0.022546648 -0.054322421 -7.9515226e-20)
(-0.016779529 -0.048483448 -3.2282915e-20)
(-0.011637002 -0.041558654 -7.4043842e-20)
(-0.0072882546 -0.033701555 1.6531165e-20)
(-0.0038715659 -0.025089294 2.4074022e-20)
(-0.0015001441 -0.015935351 -3.7455296e-20)
(-0.00023405265 -0.0064076322 -5.0100603e-21)
(4.1470226e-08 -0.00037451429 -1.1045386e-21)
(6.5705084e-06 3.9990564e-05 -6.5632975e-23)
(3.5586044e-05 0.0004496371 -3.757237e-21)
(8.7068636e-05 0.00084694393 1.2560013e-20)
(0.00015952912 0.0012240718 -8.8373824e-21)
(0.00025085694 0.0015733237 -2.691642e-20)
(0.00035809081 0.0018873303 5.0838728e-21)
(0.00047746361 0.0021593811 2.0080232e-20)
(0.00060452242 0.0023837818 -1.8873121e-20)
(0.0007342449 0.0025561431 4.2206355e-20)
(0.00086138507 0.002673762 7.662774e-22)
(0.00098073927 0.0027357305 -2.610701e-20)
(0.0010874354 0.0027433422 -4.2503366e-20)
(0.0011772858 0.0026999742 3.4474717e-20)
(0.0012472493 0.0026112824 -3.6259187e-20)
(0.001295762 0.0024849379 -5.8308415e-20)
(0.0013229674 0.0023301885 3.8183929e-20)
(0.001331307 0.0021580474 -6.1224981e-20)
(0.0013254911 0.0019803543 -8.0932091e-20)
(0.0013127958 0.0018094809 5.2493556e-20)
(0.0013031274 0.0016577396 6.690998e-20)
(0.00130933 0.0015371312 5.9927675e-20)
(0.0013470184 0.0014585296 4.9238685e-20)
(0.0014341076 0.0014307165 1.1631722e-20)
(0.0015880887 0.0014576181 1.9799833e-20)
(0.0018214755 0.001535161 -4.2379156e-21)
(0.0021365062 0.0016493095 3.8300556e-20)
(0.0025176587 0.0017742463 -1.0244963e-20)
(0.0029362814 0.0018807409 -8.0552605e-21)
(0.003352045 0.0019403892 5.5556863e-20)
(0.0037246856 0.0019343299 -7.2603374e-20)
(0.0040314727 0.0018606908 -2.1880399e-21)
(0.0042462064 0.0017207931 3.6162623e-20)
(0.0043013346 0.0015065739 1.8880458e-20)
(0.0040881296 0.001211669 -6.0163836e-20)
(0.003452884 0.00084137917 3.817682e-21)
(0.002220258 0.00042914738 1.1270134e-20)
(0.00017320888 4.0131596e-05 2.1291491e-21)
(-0.0028686831 -0.00020957485 -3.0630048e-21)
(-0.0070562389 -0.00015654599 1.9139035e-21)
(-0.012753171 0.00042347483 -3.5751372e-21)
(-0.019847146 0.0018431387 2.9029978e-20)
(-0.02770339 0.0042606032 -4.0227617e-20)
(-0.03586835 0.0077463414 1.5425432e-20)
(-0.043770019 0.01224996 -1.3836985e-20)
(-0.050981385 0.017641756 8.8281823e-20)
(-0.057050542 0.023678657 1.412267e-20)
(-0.061725751 0.030096714 -1.2284811e-19)
(-0.064826739 0.036598157 1.0355837e-19)
(-0.066314157 0.042903438 1.9480439e-21)
(-0.066182628 0.048717735 -3.0418791e-20)
(-0.064599001 0.053847025 2.6854541e-20)
(-0.061618317 0.058003548 -4.0010962e-20)
(-0.057489725 0.061061792 2.7518794e-21)
(-0.052480924 0.062949788 -2.2704967e-21)
(-0.046723134 0.063462613 6.5590275e-21)
(-0.040524536 0.062627548 -7.9082615e-22)
(-0.03410643 0.060404326 -5.6961206e-20)
(-0.027713428 0.056829831 8.2669229e-20)
(-0.021572755 0.051968425 8.5668379e-20)
(-0.015895151 0.045917784 3.4112211e-20)
(-0.010871402 0.038809451 7.7130252e-20)
(-0.0066658929 0.030799423 -1.7026975e-20)
(-0.0034121324 0.022070382 4.8712608e-20)
(-0.0012176138 0.012826589 3.7893796e-20)
(-0.00014184793 0.0032810721 5.0322573e-21)
)
;
    }
    frontAndBack
    {
        type            empty;
    }
}


// ************************************************************************* //
