/*--------------------------------*- C++ -*----------------------------------*\
  =========                 |
  \\      /  F ield         | OpenFOAM: The Open Source CFD Toolbox
   \\    /   O peration     | Website:  https://openfoam.org
    \\  /    A nd           | Version:  13
     \\/     M anipulation  |
\*---------------------------------------------------------------------------*/
FoamFile
{
    format      ascii;
    class       volVectorField;
    location    "5.698914";
    object      wallShearStress;
}
// * * * * * * * * * * * * * * * * * * * * * * * * * * * * * * * * * * * * * //

dimensions      [0 2 -2 0 0 0 0];

internalField   uniform (0 0 0);

boundaryField
{
    inlet
    {
        type            calculated;
        value           uniform (0 0 0);
    }
    outlet
    {
        type            calculated;
        value           uniform (0 0 0);
    }
    cylinder
    {
        type            calculated;
        value           nonuniform List<vector> 
132
(
(0.00012045723 -0.0016138116 -1.3214863e-22)
(0.00051302915 -0.010137514 3.8398107e-23)
(0.0013673973 -0.01845826 2.2513004e-21)
(0.002651407 -0.026264075 -8.2051671e-21)
(0.0042979278 -0.033244194 6.3993327e-21)
(0.0062052809 -0.039104199 2.1772193e-20)
(0.0082392591 -0.043590096 -4.5930312e-21)
(0.01024606 -0.046503122 -2.0131006e-20)
(0.012058558 -0.047718284 2.0774075e-20)
(0.013509769 -0.047201491 -5.0326244e-20)
(0.014450108 -0.045020401 -9.747391e-22)
(0.014766584 -0.041353268 3.4920939e-20)
(0.014400274 -0.036483748 5.8856263e-20)
(0.013364467 -0.030794439 -4.8722531e-20)
(0.011746759 -0.024723322 5.1648871e-20)
(0.0097097426 -0.018729394 8.2838724e-20)
(0.0074629885 -0.013232006 -5.369075e-20)
(0.0052249313 -0.0085363547 8.4784706e-20)
(0.003191801 -0.0048175717 1.1012623e-19)
(0.0015017894 -0.0021048799 -7.0179696e-20)
(0.0002038955 -0.00028582077 -8.8016816e-20)
(-0.00071603022 0.00082481442 3.0566432e-23)
(-0.0013283059 0.0014305568 1.2439805e-20)
(-0.0016536311 0.0016498199 -1.4735545e-20)
(-0.0015722216 0.0014513559 -2.4805122e-20)
(-0.00093985096 0.00080793993 5.2543231e-21)
(0.00041066469 -0.00029771618 -4.7056965e-20)
(0.002139613 -0.0014920231 1.2538185e-20)
(0.0036914926 -0.0023558775 9.8593113e-21)
(0.0046957527 -0.0027163955 -6.8196474e-20)
(0.0051435747 -0.0026727762 8.933311e-20)
(0.005320861 -0.0024577139 2.7107551e-21)
(0.0054259758 -0.0021999287 1.9576064e-20)
(0.0054308912 -0.0019025043 -2.3246382e-20)
(0.0051501676 -0.0015264274 7.4077136e-20)
(0.0043566641 -0.001061403 -4.7023679e-21)
(0.0028334457 -0.00054704614 1.9049799e-20)
(0.00032673085 -6.4326972e-05 -2.6277562e-21)
(-0.0033547021 0.00024455815 3.7861896e-21)
(-0.0083661159 0.00018564763 -2.3699791e-21)
(-0.015101849 -0.00050080056 4.4354557e-21)
(-0.023358364 -0.0021680345 -1.3683343e-22)
(-0.03234294 -0.004972506 5.0084885e-20)
(-0.04155154 -0.0089718005 -1.9241505e-20)
(-0.050343667 -0.014087488 1.7298126e-20)
(-0.058218952 -0.020143839 -1.1069335e-19)
(-0.064742963 -0.026868678 -1.7793651e-20)
(-0.069672069 -0.033968578 1.5586392e-19)
(-0.072834515 -0.041116528 -1.3282461e-19)
(-0.074223834 -0.048018609 -2.53947e-21)
(-0.073857204 -0.054365266 4.0690194e-20)
(-0.071918349 -0.059946704 -3.7463803e-20)
(-0.068500307 -0.064481053 -7.5043608e-21)
(-0.063861306 -0.067828852 -5.0226125e-21)
(-0.058276426 -0.069901635 -9.2241338e-21)
(-0.051917032 -0.070518398 -7.470659e-22)
(-0.045091847 -0.069687917 5.2792557e-22)
(-0.038041116 -0.067375962 4.7161974e-20)
(-0.031022306 -0.063619695 -7.4666706e-20)
(-0.024275173 -0.058485224 -8.1112686e-20)
(-0.018022941 -0.052074466 -3.3268797e-20)
(-0.012467482 -0.044522592 -7.6769628e-20)
(-0.0077842196 -0.035992391 1.7201868e-20)
(-0.004116367 -0.026671482 2.5100642e-20)
(-0.0015809812 -0.016782968 -3.9083258e-20)
(-0.00024028307 -0.0065068017 -5.2266554e-21)
(0.0001913943 0.0068945015 -6.1459947e-22)
(0.00072047992 0.01525354 -3.8302497e-23)
(0.0016935243 0.023241987 -2.3621374e-21)
(0.0030647886 0.030555251 8.6941822e-21)
(0.0047548011 0.036898578 -6.8125973e-21)
(0.0066519569 0.042003304 -2.3174524e-20)
(0.0086157372 0.045648269 4.8707724e-21)
(0.010492607 0.047673402 2.1218196e-20)
(0.012119152 0.047999182 -2.1732411e-20)
(0.013339049 0.046638853 5.2220955e-20)
(0.014020289 0.043709606 1.0032507e-21)
(0.014072689 0.039433926 -3.5651758e-20)
(0.013466857 0.034138993 -5.964612e-20)
(0.01224262 0.02822615 4.9060934e-20)
(0.010515614 0.0221441 -5.1727865e-20)
(0.0084618066 0.016331934 -8.2640308e-20)
(0.0062872309 0.011155381 5.342066e-20)
(0.0041999223 0.0068685897 -8.4246517e-20)
(0.0023646613 0.0035769137 -1.0939713e-19)
(0.00088532794 0.0012548216 6.9751724e-20)
(-0.00022088751 -0.00025898135 8.7549125e-20)
(-0.00098615873 -0.0011448548 7.7367743e-20)
(-0.001485258 -0.0016029831 6.2840927e-20)
(-0.0016677362 -0.001666235 1.4686936e-20)
(-0.0014525993 -0.0013446798 2.4730038e-20)
(-0.00051151232 -0.00044959063 -5.2398304e-21)
(0.0010056542 0.00075748648 4.7051151e-20)
(0.0026909381 0.0018828195 -1.2559011e-20)
(0.004073948 0.0026037202 -9.8957081e-21)
(0.0048504662 0.0028079399 6.8483666e-20)
(0.00518225 0.0026936264 -8.9735492e-20)
(0.0053248561 0.002459745 -2.7079725e-21)
(0.0054161471 0.0021962187 4.4790121e-20)
(0.0053598295 0.0018783316 2.3409259e-20)
(0.0049538484 0.0014695308 -7.4712405e-20)
(0.0039747458 0.00097059018 4.7509681e-21)
(0.0022058364 0.00043074441 1.4061521e-20)
(-0.0006007233 -5.8108043e-05 2.6641549e-21)
(-0.0046467226 -0.00034874158 -3.8430601e-21)
(-0.010010667 -0.000229473 2.4071956e-21)
(-0.017093434 0.00056295814 -4.5039002e-21)
(-0.025629923 0.0023757415 3.6578007e-20)
(-0.034771246 0.005342832 -5.0638525e-20)
(-0.044020659 0.0095019383 1.938236e-20)
(-0.052700238 0.01474436 -1.7346518e-20)
(-0.060370581 0.020885904 1.1045128e-19)
(-0.066618132 0.027643682 1.7652186e-20)
(-0.071221395 0.034720885 -1.5365333e-19)
(-0.074041908 0.041795173 1.299748e-19)
(-0.075091262 0.048576933 2.4633207e-21)
(-0.074392501 0.054756507 -3.9019664e-20)
(-0.072165267 0.060149834 3.5372961e-20)
(-0.068474182 0.064453518 -5.5622783e-20)
(-0.063596997 0.067545289 4.3893094e-21)
(-0.057837317 0.069371902 -9.3076368e-21)
(-0.051329159 0.06971653 2.9903514e-21)
(-0.044403979 0.068621095 -6.4804991e-22)
(-0.037293981 0.066048314 -5.257334e-20)
(-0.030256193 0.062043293 8.0205623e-20)
(-0.023527802 0.056677938 8.5375058e-20)
(-0.017328327 0.050058562 3.4553665e-20)
(-0.011855921 0.042325817 7.8961272e-20)
(-0.0072809951 0.033645124 -1.7556926e-20)
(-0.00374175 0.024209239 5.047848e-20)
(-0.0013493561 0.014233735 3.9400426e-20)
(-0.00016451082 0.0039379873 5.2436696e-21)
)
;
    }
    frontAndBack
    {
        type            empty;
    }
}


// ************************************************************************* //
