/*--------------------------------*- C++ -*----------------------------------*\
  =========                 |
  \\      /  F ield         | OpenFOAM: The Open Source CFD Toolbox
   \\    /   O peration     | Website:  https://openfoam.org
    \\  /    A nd           | Version:  13
     \\/     M anipulation  |
\*---------------------------------------------------------------------------*/
FoamFile
{
    format      ascii;
    class       volVectorField;
    location    "25.099567";
    object      wallShearStress;
}
// * * * * * * * * * * * * * * * * * * * * * * * * * * * * * * * * * * * * * //

dimensions      [0 2 -2 0 0 0 0];

internalField   uniform (0 0 0);

boundaryField
{
    inlet
    {
        type            calculated;
        value           uniform (0 0 0);
    }
    outlet
    {
        type            calculated;
        value           uniform (0 0 0);
    }
    cylinder
    {
        type            calculated;
        value           nonuniform List<vector> 
132
(
(5.6166663e-06 -3.6994863e-05 -2.3820986e-22)
(2.501451e-05 -0.00048439585 6.7946246e-23)
(6.9595584e-05 -0.00093408188 3.7569063e-21)
(0.00013955663 -0.0013776477 -1.262257e-20)
(0.00023415026 -0.0018060283 8.9208482e-21)
(0.00035160107 -0.0022098894 2.7292026e-20)
(0.00048905043 -0.0025798834 -5.1778687e-21)
(0.0006425653 -0.0029070407 -2.0542334e-20)
(0.00080708494 -0.0031831711 1.9392258e-20)
(0.00097690258 -0.0034012749 -4.3553591e-20)
(0.0011455722 -0.0035559098 -7.9398849e-22)
(0.0013063376 -0.0036438056 2.7160901e-20)
(0.0014524634 -0.0036639669 4.4387086e-20)
(0.0015778654 -0.0036183972 -3.6130952e-20)
(0.0016773792 -0.0035116042 3.8126242e-20)
(0.0017476907 -0.0033515104 6.149489e-20)
(0.0017870932 -0.0031477026 -4.0378573e-20)
(0.0017967349 -0.0029127249 6.4896795e-20)
(0.0017805341 -0.0026606515 8.5959325e-20)
(0.0017452697 -0.002406267 -5.5849252e-20)
(0.0017013645 -0.0021652996 -7.1285746e-20)
(0.0016620144 -0.001952386 2.5100711e-23)
(0.0016441915 -0.0017817128 1.036547e-20)
(0.0016670562 -0.0016646121 -1.2422503e-20)
(0.0017508472 -0.0016084286 -2.1151814e-20)
(0.0019122377 -0.0016128534 4.5274922e-21)
(0.0021590374 -0.001667566 -4.0910835e-20)
(0.002483936 -0.0017509862 1.0939443e-20)
(0.0028636682 -0.0018344372 8.5976229e-21)
(0.0032596855 -0.0018869121 -5.926875e-20)
(0.0036318734 -0.0018859851 7.7413401e-20)
(0.0039515184 -0.0018235857 2.3452647e-21)
(0.0041885158 -0.0016971522 1.6924079e-20)
(0.0042812577 -0.0014991614 -2.007869e-20)
(0.0041287826 -0.0012231216 6.3882428e-20)
(0.0035856248 -0.00087268425 -4.0454995e-21)
(0.0024824466 -0.00047747707 1.6336425e-20)
(0.00060779412 -9.7458896e-05 -2.2445595e-21)
(-0.0022215218 0.00015905662 3.219893e-21)
(-0.0061792601 0.0001345776 -2.0062871e-21)
(-0.011628443 -0.00038803009 3.7386618e-21)
(-0.018495401 -0.0017192222 -1.1494519e-22)
(-0.026197635 -0.0040307628 4.1988129e-20)
(-0.034311422 -0.00741192 -1.6116977e-20)
(-0.042251349 -0.011826482 1.448886e-20)
(-0.049569646 -0.017154805 -9.2774168e-20)
(-0.055822108 -0.023171019 -1.4918773e-20)
(-0.060726989 -0.029611967 1.3066569e-19)
(-0.064087195 -0.036182908 -1.1118198e-19)
(-0.065839939 -0.042598919 -2.1179767e-21)
(-0.065980313 -0.048571141 3.369131e-20)
(-0.064631282 -0.053876267 -3.0591369e-20)
(-0.061887056 -0.058259262 -5.9658097e-21)
(-0.057963032 -0.061567113 -3.7477142e-21)
(-0.053095138 -0.063689437 -5.3909041e-21)
(-0.047464655 -0.064473167 -3.2974458e-21)
(-0.041345949 -0.063900819 6.2070403e-22)
(-0.034970691 -0.061939588 4.9464582e-20)
(-0.028582126 -0.058616901 -7.5130922e-20)
(-0.022409353 -0.053991142 -7.9949805e-20)
(-0.016666331 -0.048155627 -3.2408307e-20)
(-0.011546979 -0.041235984 -7.4251108e-20)
(-0.0072203022 -0.033385328 1.6564319e-20)
(-0.0038245652 -0.024781088 2.4107387e-20)
(-0.0014727701 -0.015635031 -3.7488584e-20)
(-0.00022547932 -0.006119949 -5.0123976e-21)
(1.0537274e-05 0.00040441631 -1.0936324e-21)
(3.9374507e-05 0.00083971334 -6.4999053e-23)
(9.2053643e-05 0.0012647519 -3.7218792e-21)
(0.00016769281 0.001671064 1.2445153e-20)
(0.00026446885 0.0020500408 -8.7589222e-21)
(0.00037959933 0.0023932681 -2.6684312e-20)
(0.00050936412 0.0026928562 5.0412018e-21)
(0.00064918568 0.0029417904 1.9915527e-20)
(0.00079374792 0.0031342996 -1.8720967e-20)
(0.00093721491 0.0032662631 4.1869412e-20)
(0.0010736693 0.0033354513 7.6016542e-22)
(0.0011972499 0.0033418955 -2.589658e-20)
(0.0013026161 0.0032880247 -4.2153727e-20)
(0.001385373 0.0031787527 3.4182598e-20)
(0.0014425488 0.0030215094 -3.5939695e-20)
(0.0014729593 0.0028259393 -5.7771324e-20)
(0.0014775814 0.002603565 3.7813901e-20)
(0.0014597205 0.0023671522 -6.0600447e-20)
(0.0014254534 0.0021305513 -8.0061317e-20)
(0.001383321 0.0019074463 5.1899331e-20)
(0.001344686 0.0017112624 6.6114595e-20)
(0.0013238013 0.0015546538 5.91827e-20)
(0.0013380636 0.0014492143 4.8601104e-20)
(0.0014071019 0.0014039755 1.1475633e-20)
(0.0015507993 0.0014234031 1.95259e-20)
(0.0017835751 0.0015030794 -4.1778703e-21)
(0.0021068533 0.0016261901 3.774886e-20)
(0.0025046547 0.0017648253 -1.0096066e-20)
(0.0029446158 0.0018858654 -7.9381095e-21)
(0.0033792223 0.0019559966 5.475426e-20)
(0.0037632484 0.0019543141 -7.1565733e-20)
(0.004074933 0.00188074 -2.1571067e-21)
(0.0042932652 0.0017398392 3.5657151e-20)
(0.0043544655 0.0015251167 1.8620165e-20)
(0.004150688 0.0012300808 -5.9349746e-20)
(0.0035281521 0.0008594745 3.7673289e-21)
(0.002311226 0.00044615625 1.112653e-20)
(0.00028222045 5.4700434e-05 2.1032375e-21)
(-0.0027388996 -0.00019925548 -3.0279129e-21)
(-0.006908697 -0.00015255646 1.8935563e-21)
(-0.012590273 0.00041846478 -3.5406436e-21)
(-0.019674621 0.0018274182 2.8781945e-20)
(-0.027530635 0.0042343182 -3.9928807e-20)
(-0.035706306 0.0077116169 1.5327726e-20)
(-0.0436277 0.012210327 -1.3763245e-20)
(-0.050861364 0.017600397 8.7892452e-20)
(-0.056957434 0.023640265 1.4072805e-20)
(-0.061660998 0.030065374 -1.2251036e-19)
(-0.06478936 0.036577275 1.0335402e-19)
(-0.066302398 0.042896037 1.9456697e-21)
(-0.066194356 0.048726568 -3.0407774e-20)
(-0.064629552 0.053872683 2.6871749e-20)
(-0.061666345 0.058048974 -4.0105787e-20)
(-0.057551715 0.061127834 2.7684997e-21)
(-0.052551258 0.063034375 -2.3801655e-21)
(-0.046800648 0.063568157 6.4785717e-21)
(-0.040605512 0.062752991 -7.8613969e-22)
(-0.034188239 0.060549585 -5.6736917e-20)
(-0.027793434 0.056994366 8.242936e-20)
(-0.021648516 0.052151563 8.5477869e-20)
(-0.015964431 0.046118811 3.4053661e-20)
(-0.010932108 0.039027521 7.7029891e-20)
(-0.0067160948 0.031033661 -1.7011043e-20)
(-0.0034500448 0.022319795 4.86837e-20)
(-0.001241578 0.013090814 3.7884039e-20)
(-0.0001498566 0.0035557202 5.0326819e-21)
)
;
    }
    frontAndBack
    {
        type            empty;
    }
}


// ************************************************************************* //
