/*--------------------------------*- C++ -*----------------------------------*\
  =========                 |
  \\      /  F ield         | OpenFOAM: The Open Source CFD Toolbox
   \\    /   O peration     | Website:  https://openfoam.org
    \\  /    A nd           | Version:  13
     \\/     M anipulation  |
\*---------------------------------------------------------------------------*/
FoamFile
{
    format      ascii;
    class       volVectorField;
    location    "13.29785";
    object      wallShearStress;
}
// * * * * * * * * * * * * * * * * * * * * * * * * * * * * * * * * * * * * * //

dimensions      [0 2 -2 0 0 0 0];

internalField   uniform (0 0 0);

boundaryField
{
    inlet
    {
        type            calculated;
        value           uniform (0 0 0);
    }
    outlet
    {
        type            calculated;
        value           uniform (0 0 0);
    }
    cylinder
    {
        type            calculated;
        value           nonuniform List<vector> 
132
(
(4.6523678e-05 0.00078111295 -1.0179109e-22)
(0.00022730346 -0.0041583269 2.8999772e-23)
(0.00067889356 -0.0090374196 1.6471578e-21)
(0.0013900167 -0.013700648 -5.7849865e-21)
(0.0023316143 -0.017988775 4.3434965e-21)
(0.0034568548 -0.02174802 1.4271979e-20)
(0.0047016445 -0.024835944 -2.9240024e-21)
(0.0059865532 -0.027134335 -1.2532465e-20)
(0.0072251165 -0.028555333 1.2734254e-20)
(0.0083247867 -0.02904955 -3.057161e-20)
(0.0091958001 -0.028613478 -5.9006567e-22)
(0.009759279 -0.027293361 2.1172053e-20)
(0.0099562862 -0.025187497 3.5870835e-20)
(0.0097567606 -0.022444788 -2.9934764e-20)
(0.0091660076 -0.019256101 3.2040311e-20)
(0.0082277596 -0.015840025 5.1916608e-20)
(0.0070216699 -0.012421431 -3.3966482e-20)
(0.0056526911 -0.0092086857 5.4050459e-20)
(0.0042376006 -0.0063686375 7.0577626e-20)
(0.002887697 -0.0040097387 -4.5099264e-20)
(0.0016886996 -0.0021712533 -5.6583833e-20)
(0.00069621894 -0.00083641301 1.9549017e-23)
(-7.8830751e-05 7.2826064e-05 7.9726012e-21)
(-0.00063396082 0.00062565839 -9.4249835e-21)
(-0.00098041686 0.00089871319 -1.5849986e-20)
(-0.0010111284 0.00085602243 3.3522422e-21)
(-0.00073725684 0.00057779897 -2.9955017e-20)
(9.9763471e-05 -5.8010937e-05 7.9266842e-21)
(0.0013258256 -0.00083752623 6.1969592e-21)
(0.0025796648 -0.001484643 -4.2669353e-20)
(0.0035764806 -0.0018529255 5.5887478e-20)
(0.0041448917 -0.0019117529 1.6987465e-21)
(0.004408992 -0.001786497 1.2289906e-20)
(0.0045189383 -0.0015817177 -1.4595493e-20)
(0.0045397383 -0.0013427415 4.647888e-20)
(0.0043367459 -0.0010513544 -2.9483375e-21)
(0.0037188589 -0.00070647386 1.1943415e-20)
(0.0024650172 -0.00034344561 -1.6492193e-21)
(0.00036283373 -4.6559009e-05 2.3835787e-21)
(-0.0028340466 5.0709366e-05 -1.5000999e-21)
(-0.007479697 -0.00025411192 2.8330165e-21)
(-0.013643934 -0.0012750283 -8.8607618e-23)
(-0.020900198 -0.0032223726 3.2954987e-20)
(-0.028824476 -0.0062332086 -1.2881981e-20)
(-0.036844107 -0.010319175 1.1781948e-20)
(-0.04448431 -0.015400336 -7.6605833e-20)
(-0.051205736 -0.021260773 -1.24723e-20)
(-0.056664231 -0.027637093 1.1025885e-19)
(-0.060612309 -0.034226652 -9.4298016e-20)
(-0.062933374 -0.040723374 -1.7969153e-21)
(-0.063603687 -0.046826011 2.8386849e-20)
(-0.06272303 -0.052289412 -2.530703e-20)
(-0.06038691 -0.056850383 -4.7276948e-21)
(-0.056802725 -0.060337467 -2.6409572e-21)
(-0.052210564 -0.062630734 -1.6157216e-21)
(-0.04680339 -0.063576928 -6.3431045e-21)
(-0.040858777 -0.063149491 7.7081253e-22)
(-0.034616723 -0.061313892 5.5861518e-20)
(-0.02832781 -0.058096231 -8.1515062e-20)
(-0.022227903 -0.053554476 -8.4897545e-20)
(-0.016537401 -0.047783148 -3.3967591e-20)
(-0.011455699 -0.040909444 -7.7161683e-20)
(-0.0071565282 -0.033088881 1.7112832e-20)
(-0.0037819671 -0.024501878 2.4801619e-20)
(-0.0014479823 -0.015362505 -3.8451533e-20)
(-0.00021749278 -0.0058491285 -5.1298168e-21)
(0.00013367788 0.0056801062 -4.7694449e-22)
(0.00048476291 0.010481809 -2.9553709e-23)
(0.0010928736 0.01508167 -1.7936381e-21)
(0.0019350499 0.019328527 6.4490814e-21)
(0.0029715511 0.023074663 -4.9222452e-21)
(0.0041462406 0.026181999 -1.6318916e-20)
(0.0053874182 0.028533259 3.3522506e-21)
(0.0066151092 0.030038389 1.4333514e-20)
(0.0077422473 0.030641234 -1.4477954e-20)
(0.0086816241 0.03032777 3.4472522e-20)
(0.0093533061 0.029130012 6.5916096e-22)
(0.0096927127 0.02712864 -2.3409447e-20)
(0.0096593317 0.024453766 -3.9267891e-20)
(0.009243487 0.02127836 3.2463486e-20)
(0.0084712977 0.017808257 -3.4455954e-20)
(0.007404032 0.014262703 -5.5434049e-20)
(0.0061320844 0.010854171 3.6063592e-20)
(0.0047635447 0.0077654962 -5.7155253e-20)
(0.0034077731 0.0051260472 -7.4441189e-20)
(0.0021610701 0.0030054412 4.7509089e-20)
(0.0010908157 0.0014079184 5.9591811e-20)
(0.00022907429 0.00028511574 5.25798e-20)
(-0.00042022063 -0.00044502358 4.2617503e-20)
(-0.00086546705 -0.00085895134 9.9440641e-21)
(-0.0010849008 -0.00099680928 1.6732597e-20)
(-0.00098226311 -0.00083431305 -3.5400499e-21)
(-0.00046245999 -0.0003678747 3.1665364e-20)
(0.0005427645 0.00036971545 -8.401589e-21)
(0.0018187827 0.0011540626 -6.5839314e-21)
(0.0029932457 0.0017258895 4.5440126e-20)
(0.003815651 0.0019788932 -5.9565591e-20)
(0.0042424903 0.0019578517 -1.8002081e-21)
(0.0044323168 0.0017963513 2.979614e-20)
(0.0045172962 0.0015814338 1.5559731e-20)
(0.0044814616 0.0013261488 -4.9589303e-20)
(0.004158851 0.0010094291 3.1487257e-21)
(0.0033534682 0.00063920248 9.3103725e-21)
(0.001841037 0.00026122402 1.7640359e-21)
(-0.00058340147 -2.5993055e-05 -2.5499327e-21)
(-0.0041560449 -8.3106202e-05 1.6037367e-21)
(-0.0092215425 0.00031308157 -3.0235102e-21)
(-0.015793894 0.0014724304 2.4845154e-20)
(-0.023357027 0.003597828 -3.4881426e-20)
(-0.03146976 0.0068020367 1.3558087e-20)
(-0.039556662 0.011075682 -1.232038e-20)
(-0.047100726 0.01630338 7.953512e-20)
(-0.053624232 0.022262185 1.2858153e-20)
(-0.058812146 0.02868122 -1.1279485e-19)
(-0.062430184 0.03524985 9.5711463e-20)
(-0.064411675 0.041676759 1.8076857e-21)
(-0.064728537 0.047651065 -2.8254218e-20)
(-0.063527491 0.052957092 2.4834716e-20)
(-0.060877234 0.057308897 -3.6470047e-20)
(-0.05701723 0.060562425 2.3793113e-21)
(-0.052207776 0.062624381 -5.9732007e-22)
(-0.046608965 0.063309579 7.5143971e-21)
(-0.040521364 0.062624501 -8.3826814e-22)
(-0.034178055 0.060532949 -5.9067721e-20)
(-0.027829337 0.057069281 8.493395e-20)
(-0.021708842 0.052298147 8.7613999e-20)
(-0.016033127 0.046318594 3.4807027e-20)
(-0.010997846 0.039263809 7.8621238e-20)
(-0.0067715683 0.031292306 -1.7352719e-20)
(-0.0034911765 0.022589661 4.9664557e-20)
(-0.0012665274 0.013364539 3.8669461e-20)
(-0.00015788005 0.0038275134 5.1424282e-21)
)
;
    }
    frontAndBack
    {
        type            empty;
    }
}


// ************************************************************************* //
