/*--------------------------------*- C++ -*----------------------------------*\
  =========                 |
  \\      /  F ield         | OpenFOAM: The Open Source CFD Toolbox
   \\    /   O peration     | Website:  https://openfoam.org
    \\  /    A nd           | Version:  13
     \\/     M anipulation  |
\*---------------------------------------------------------------------------*/
FoamFile
{
    format      ascii;
    class       volVectorField;
    location    "39.703968";
    object      wallShearStress;
}
// * * * * * * * * * * * * * * * * * * * * * * * * * * * * * * * * * * * * * //

dimensions      [0 2 -2 0 0 0 0];

internalField   uniform (0 0 0);

boundaryField
{
    inlet
    {
        type            calculated;
        value           uniform (0 0 0);
    }
    outlet
    {
        type            calculated;
        value           uniform (0 0 0);
    }
    cylinder
    {
        type            calculated;
        value           nonuniform List<vector> 
132
(
(1.4949028e-05 -0.00082823772 -2.8452301e-22)
(4.8824589e-05 -0.0011122368 8.0782041e-23)
(9.8636346e-05 -0.0013849184 4.4449281e-21)
(0.00016311743 -0.0016413008 -1.4857769e-20)
(0.0002408802 -0.0018767396 1.0444326e-20)
(0.00033000757 -0.0020868178 3.1774986e-20)
(0.00042813206 -0.0022676101 -5.9936928e-21)
(0.00053247817 -0.0024158056 -2.3638886e-20)
(0.00063996408 -0.0025289003 2.2181659e-20)
(0.00074731721 -0.0026053566 -4.9518171e-20)
(0.00085122854 -0.0026447194 -8.9738685e-22)
(0.00094863302 -0.0026477498 3.0514203e-20)
(0.0010367541 -0.0026163744 4.9581705e-20)
(0.0011134275 -0.0025538764 -4.0137913e-20)
(0.0011772349 -0.0024646327 4.2135369e-20)
(0.0012278362 -0.0023542792 6.7634552e-20)
(0.0012660679 -0.0022293193 -4.4215024e-20)
(0.0012942427 -0.0020971315 7.0782824e-20)
(0.0013163204 -0.0019656992 9.343105e-20)
(0.0013380284 -0.0018432625 -6.052279e-20)
(0.0013671763 -0.0017382589 -7.7057935e-20)
(0.001413841 -0.0016590043 2.7123388e-23)
(0.0014902886 -0.0016130797 1.1164223e-20)
(0.0016106791 -0.0016066071 -1.3363938e-20)
(0.0017891525 -0.0016422247 -2.273634e-20)
(0.002036693 -0.0017168497 4.8641545e-21)
(0.0023581269 -0.0018207904 -4.3939723e-20)
(0.0027429877 -0.0019334017 1.1747313e-20)
(0.0031688949 -0.00202996 9.2310149e-21)
(0.0036032248 -0.0020858499 -6.362152e-20)
(0.0040050144 -0.0020798682 8.3078096e-20)
(0.0043436185 -0.0020046745 2.5161789e-21)
(0.0045863901 -0.0018585469 1.8153379e-20)
(0.0046612464 -0.0016324711 -2.153497e-20)
(0.0044569059 -0.001320671 6.8518394e-20)
(0.0038154547 -0.00092914236 -4.3400749e-21)
(0.0025550314 -0.00049244713 1.753307e-20)
(0.00044922574 -7.7826753e-05 -2.4103865e-21)
(-0.0026862916 0.00019419404 3.4599905e-21)
(-0.0070183878 0.00015433716 -2.1573837e-21)
(-0.012919209 -0.00042980838 4.0222723e-21)
(-0.020271622 -0.0018830924 -1.236932e-22)
(-0.028421269 -0.0043714492 4.517741e-20)
(-0.036898482 -0.0079691886 -1.7333429e-20)
(-0.045114317 -0.012626355 1.5576123e-20)
(-0.05262312 -0.018210021 -9.9700041e-20)
(-0.058960806 -0.024471955 -1.6031047e-20)
(-0.063865721 -0.031140652 1.4048852e-19)
(-0.067154808 -0.037913089 -1.1971257e-19)
(-0.068778416 -0.044498499 -2.2871704e-21)
(-0.068745781 -0.050605432 3.6572361e-20)
(-0.067195608 -0.056012544 -3.3521034e-20)
(-0.064224883 -0.060458837 -6.6545967e-21)
(-0.060062532 -0.063796171 -4.3581525e-21)
(-0.054955398 -0.06592006 -7.4128155e-21)
(-0.04908168 -0.06666899 -1.7433794e-21)
(-0.042726446 -0.066033962 5.4936693e-22)
(-0.036123546 -0.063981296 4.6702745e-20)
(-0.029520448 -0.060541291 -7.2690051e-20)
(-0.02314924 -0.055774163 -7.8317848e-20)
(-0.017226656 -0.049775507 -3.1974748e-20)
(-0.011948932 -0.042673038 -7.3578296e-20)
(-0.0074872918 -0.034622803 1.6457892e-20)
(-0.003981562 -0.02580393 2.398846e-20)
(-0.0015466629 -0.016434057 -3.7325803e-20)
(-0.00024308376 -0.0066770704 -4.9897181e-21)
(-3.3641663e-06 -0.00053510882 -1.3120164e-21)
(-5.7225565e-06 -0.00023170176 -7.8310132e-23)
(9.422878e-06 7.9759108e-05 -4.5028329e-21)
(4.2203215e-05 0.00039533466 1.5117555e-20)
(9.3639563e-05 0.00070934554 -1.0681517e-20)
(0.00016305322 0.0010160358 -3.2665663e-20)
(0.00024942323 0.0013092923 6.194131e-21)
(0.00035101834 0.00158296 2.4558935e-20)
(0.00046533108 0.0018310776 -2.3167872e-20)
(0.00058927777 0.0020481251 5.1995265e-20)
(0.00071920585 0.0022293298 9.4719111e-22)
(0.00085100991 0.0023709322 -3.2378575e-20)
(0.00098040995 0.0024705691 -5.2879817e-20)
(0.001103165 0.0025273509 4.3020043e-20)
(0.0012155312 0.0025423764 -4.537536e-20)
(0.0013144139 0.0025183519 -7.3163113e-20)
(0.0013981419 0.0024603984 4.8030244e-20)
(0.0014663501 0.0023749499 -7.7188452e-20)
(0.0015209135 0.0022705567 -1.0224346e-19)
(0.0015660171 0.0021570352 6.6438192e-20)
(0.0016083768 0.0020449557 8.481963e-20)
(0.0016578341 0.0019456357 7.6073011e-20)
(0.001726459 0.0018692973 6.2576213e-20)
(0.0018281845 0.0018243508 1.4796387e-20)
(0.0019774066 0.0018159293 2.5205058e-20)
(0.0021846716 0.0018425406 -5.3975808e-21)
(0.0024553708 0.0018967773 4.8794288e-20)
(0.0027818257 0.0019615675 -1.3052483e-20)
(0.0031447802 0.0020151493 -1.0261015e-20)
(0.0035187009 0.0020373752 7.0744711e-20)
(0.0038696681 0.0020099264 -9.2409724e-20)
(0.0041558115 0.0019184416 -2.7836634e-21)
(0.0043191111 0.0017509809 4.5980059e-20)
(0.0042698613 0.0014966149 2.3984801e-20)
(0.0038848668 0.0011531486 -7.6326829e-20)
(0.0029946972 0.00073272613 4.8336588e-21)
(0.0014165216 0.00028050324 1.4228982e-20)
(-0.0010706629 -0.00012395897 2.6777761e-21)
(-0.0046633521 -0.00035309153 -3.8323852e-21)
(-0.0094253015 -0.00021872462 2.3796719e-21)
(-0.015741064 0.00051748322 -4.4106338e-21)
(-0.02342473 0.0021711257 3.548966e-20)
(-0.031724217 0.0048748465 -4.8721525e-20)
(-0.04019682 0.0086772118 1.8518871e-20)
(-0.048253854 0.01350148 -1.6480663e-20)
(-0.055450179 0.019184903 1.0446084e-19)
(-0.061389394 0.025475486 1.6636551e-20)
(-0.065846952 0.032102395 -1.4439308e-19)
(-0.068660264 0.038758954 1.2184463e-19)
(-0.069828047 0.045173698 2.3037472e-21)
(-0.069347305 0.05104447 -3.6394464e-20)
(-0.067418822 0.056194987 3.2873481e-20)
(-0.06408188 0.060320254 -5.1369842e-20)
(-0.059614188 0.063316303 4.0015629e-21)
(-0.054293413 0.065122044 -8.0217714e-21)
(-0.048230892 0.065508928 3.3269453e-21)
(-0.041756102 0.064529406 -6.398509e-22)
(-0.035085919 0.062137758 -5.098185e-20)
(-0.028468302 0.058376623 7.7233062e-20)
(-0.02213135 0.053312985 8.1914137e-20)
(-0.016286489 0.04704723 3.3082667e-20)
(-0.011125114 0.039714074 7.5499876e-20)
(-0.0068117438 0.031471985 -1.6773164e-20)
(-0.0034799523 0.022506795 4.8199944e-20)
(-0.0012369132 0.01302482 3.7611624e-20)
(-0.00014190906 0.0032460799 5.0053217e-21)
)
;
    }
    frontAndBack
    {
        type            empty;
    }
}


// ************************************************************************* //
