/*--------------------------------*- C++ -*----------------------------------*\
  =========                 |
  \\      /  F ield         | OpenFOAM: The Open Source CFD Toolbox
   \\    /   O peration     | Website:  https://openfoam.org
    \\  /    A nd           | Version:  13
     \\/     M anipulation  |
\*---------------------------------------------------------------------------*/
FoamFile
{
    format      ascii;
    class       volVectorField;
    location    "26.901409";
    object      wallShearStress;
}
// * * * * * * * * * * * * * * * * * * * * * * * * * * * * * * * * * * * * * //

dimensions      [0 2 -2 0 0 0 0];

internalField   uniform (0 0 0);

boundaryField
{
    inlet
    {
        type            calculated;
        value           uniform (0 0 0);
    }
    outlet
    {
        type            calculated;
        value           uniform (0 0 0);
    }
    cylinder
    {
        type            calculated;
        value           nonuniform List<vector> 
132
(
(1.5369726e-05 -0.00080843397 -2.4639791e-22)
(5.0939825e-05 -0.0011471093 7.0133504e-23)
(0.00010586997 -0.001478984 3.8691719e-21)
(0.00017918985 -0.0017978343 -1.2969193e-20)
(0.00026971342 -0.0020974531 9.1432247e-21)
(0.00037554076 -0.0023715652 2.7900343e-20)
(0.00049406425 -0.0026141613 -5.2791082e-21)
(0.00062198643 -0.0028196517 -2.0886138e-20)
(0.00075532574 -0.0029832534 1.966091e-20)
(0.00088978112 -0.0031010637 -4.4029819e-20)
(0.0010206771 -0.0031705378 -8.0037742e-22)
(0.0011432049 -0.003190468 2.7299161e-20)
(0.0012528439 -0.0031616271 4.4486186e-20)
(0.0013454266 -0.0030862085 -3.6111541e-20)
(0.0014178749 -0.0029688828 3.8004558e-20)
(0.0014679288 -0.0028153454 6.1144872e-20)
(0.0014950477 -0.0026334557 -4.005452e-20)
(0.0015004522 -0.0024324349 6.4237704e-20)
(0.0014872299 -0.002222295 8.4920185e-20)
(0.0014607625 -0.002013889 -5.5078451e-20)
(0.0014280928 -0.0018173927 -7.0194712e-20)
(0.0013989492 -0.0016432848 2.4700822e-23)
(0.0013849931 -0.0015008377 1.0181822e-20)
(0.001400742 -0.0013987746 -1.219034e-20)
(0.0014625582 -0.0013437199 -2.0737986e-20)
(0.001587456 -0.0013390017 4.4350257e-21)
(0.0017893661 -0.0013819847 -4.0038158e-20)
(0.0020707613 -0.0014594546 1.0694962e-20)
(0.0024240691 -0.0015523187 8.3952643e-21)
(0.0028218529 -0.0016327874 -5.7795424e-20)
(0.0032225915 -0.0016726971 7.5375825e-20)
(0.0035943199 -0.001657934 2.2797072e-21)
(0.0039110141 -0.0015837488 1.6419816e-20)
(0.0041332964 -0.0014460355 -1.9438456e-20)
(0.0041854157 -0.0012379856 6.1706165e-20)
(0.0039350289 -0.000954709 -3.899463e-21)
(0.0032158337 -0.00061255845 1.5720989e-20)
(0.0018154596 -0.00025689262 -2.1583516e-21)
(-0.00047248725 1.8535285e-05 3.0980865e-21)
(-0.0038810807 7.7044405e-05 -1.934322e-21)
(-0.0087563803 -0.00029741309 3.6187742e-21)
(-0.015075238 -0.0014055833 -1.1189864e-22)
(-0.022317144 -0.0034376398 4.1146238e-20)
(-0.030041808 -0.0064931727 -1.5901313e-20)
(-0.037683624 -0.010550804 1.4386675e-20)
(-0.044745722 -0.015487735 -9.2632201e-20)
(-0.05079111 -0.021085133 -1.4970165e-20)
(-0.055545835 -0.027087371 1.3165702e-19)
(-0.058814283 -0.033207288 -1.1244489e-19)
(-0.060553665 -0.039179678 -2.149468e-21)
(-0.06075948 -0.044728561 3.43182e-20)
(-0.059568765 -0.049656729 -3.1307861e-20)
(-0.057069693 -0.053724589 -6.1480206e-21)
(-0.053460277 -0.056784539 -3.9188533e-21)
(-0.048977242 -0.058749998 -5.9880818e-21)
(-0.043790116 -0.059481977 -2.8205476e-21)
(-0.038150957 -0.058962982 5.9807208e-22)
(-0.032275722 -0.057166393 4.8567123e-20)
(-0.026388344 -0.054117989 -7.4322176e-20)
(-0.020699722 -0.049872363 -7.9401367e-20)
(-0.015406521 -0.044515981 -3.2261521e-20)
(-0.010686556 -0.038164087 -7.402377e-20)
(-0.0066949128 -0.030957559 1.6528955e-20)
(-0.0035584994 -0.023058447 2.4069279e-20)
(-0.0013803819 -0.014661957 -3.7438454e-20)
(-0.00021614505 -0.0059205235 -5.0056174e-21)
(-2.0983616e-06 -0.00046558552 -1.1335267e-21)
(-7.8654555e-07 -0.00011791275 -6.7505565e-23)
(2.0367632e-05 0.00023180155 -3.8730145e-21)
(6.0309281e-05 0.00057795638 1.2976073e-20)
(0.00011982238 0.00091423698 -9.1503186e-21)
(0.00019734584 0.0012340308 -2.7930809e-20)
(0.00029101716 0.0015308816 5.2869931e-21)
(0.00039822873 0.0017985243 2.092774e-20)
(0.00051566287 0.0020311847 -1.9711912e-20)
(0.00063932961 0.0022238985 4.417565e-20)
(0.00076492842 0.0023727004 8.0368054e-22)
(0.00088781251 0.0024749865 -2.7438153e-20)
(0.0010033078 0.0025296967 -4.4759407e-20)
(0.001107066 0.0025376387 3.6374478e-20)
(0.0011953144 0.0025013781 -3.8327622e-20)
(0.0012653879 0.0024256523 -6.1741903e-20)
(0.0013157592 0.0023166113 4.0497836e-20)
(0.0013467386 0.0021823643 -6.5031707e-20)
(0.0013604053 0.0020320406 -8.6078943e-20)
(0.0013609011 0.0018755689 5.5897486e-20)
(0.0013550187 0.0017238318 7.1319976e-20)
(0.0013517121 0.0015872946 6.392968e-20)
(0.0013626713 0.0014762051 5.2559296e-20)
(0.0014020232 0.0013996798 1.2421045e-20)
(0.001485641 0.0013646503 2.1146292e-20)
(0.0016286707 0.0013736209 -4.5253401e-21)
(0.0018423839 0.0014229252 4.0877398e-20)
(0.0021279437 0.0014998932 -1.0924877e-20)
(0.0024715588 0.0015830012 -8.5800052e-21)
(0.0028446772 0.0016463033 5.9092637e-20)
(0.0032160679 0.0016695751 -7.7097941e-20)
(0.0035589198 0.0016418413 -2.3192477e-21)
(0.0038420023 0.0015561066 3.8249122e-20)
(0.0040114605 0.001403915 1.991887e-20)
(0.003975748 0.0011768169 -6.3290575e-20)
(0.0035916242 0.00087282085 4.0036613e-21)
(0.0026855453 0.0005142102 1.1783037e-20)
(0.0010376063 0.00015380401 2.2199141e-21)
(-0.001547395 -0.00010515485 -3.1870868e-21)
(-0.0052671546 -0.00011182898 1.9889714e-21)
(-0.010479215 0.00035178581 -3.7148224e-21)
(-0.017081642 0.0015892621 3.01913e-20)
(-0.02449486 0.0037699009 -4.1903955e-20)
(-0.032269915 0.0069716082 1.6099744e-20)
(-0.039807713 0.011142782 -1.4468394e-20)
(-0.04666903 0.01615106 9.2482311e-20)
(-0.052434779 0.021764167 1.4823695e-20)
(-0.056858108 0.027724148 -1.2922049e-19)
(-0.059779133 0.033749009 1.0923765e-19)
(-0.061172129 0.039576903 2.0628188e-21)
(-0.061046797 0.044937203 -3.241198e-20)
(-0.059563061 0.049649139 2.8907756e-20)
(-0.056792592 0.053460708 -4.3988904e-20)
(-0.052957985 0.05624808 3.1928481e-21)
(-0.048310498 0.057947039 -4.3367509e-21)
(-0.042988631 0.058389714 5.387467e-21)
(-0.03726408 0.057588273 -7.3554253e-22)
(-0.031346585 0.055515969 -5.475736e-20)
(-0.025458438 0.052205116 8.0654932e-20)
(-0.019808183 0.047716954 8.4272446e-20)
(-0.014588294 0.042141798 3.3729277e-20)
(-0.009972806 0.035600676 7.6526542e-20)
(-0.0061115141 0.028236737 -1.6934325e-20)
(-0.0031261983 0.020217488 4.8531498e-20)
(-0.0011138949 0.011729452 3.7800446e-20)
(-0.00012911656 0.0029694004 5.0244904e-21)
)
;
    }
    frontAndBack
    {
        type            empty;
    }
}


// ************************************************************************* //
