/*--------------------------------*- C++ -*----------------------------------*\
  =========                 |
  \\      /  F ield         | OpenFOAM: The Open Source CFD Toolbox
   \\    /   O peration     | Website:  https://openfoam.org
    \\  /    A nd           | Version:  13
     \\/     M anipulation  |
\*---------------------------------------------------------------------------*/
FoamFile
{
    format      ascii;
    class       volVectorField;
    location    "41.000609";
    object      wallShearStress;
}
// * * * * * * * * * * * * * * * * * * * * * * * * * * * * * * * * * * * * * //

dimensions      [0 2 -2 0 0 0 0];

internalField   uniform (0 0 0);

boundaryField
{
    inlet
    {
        type            calculated;
        value           uniform (0 0 0);
    }
    outlet
    {
        type            calculated;
        value           uniform (0 0 0);
    }
    cylinder
    {
        type            calculated;
        value           nonuniform List<vector> 
132
(
(-2.183737e-05 0.0018827797 -2.9009359e-22)
(-6.1195565e-05 0.0015835134 8.2331733e-23)
(-8.4358291e-05 0.0012767457 4.5287942e-21)
(-9.0620798e-05 0.00096630619 -1.513301e-20)
(-7.9884263e-05 0.00065806837 1.0634662e-20)
(-5.2467973e-05 0.00035671826 3.2346719e-20)
(-9.2458988e-06 6.7169035e-05 -6.1007523e-21)
(4.8363341e-05 -0.00020571468 -2.4060985e-20)
(0.00011824053 -0.00045776364 2.2581152e-20)
(0.00019866578 -0.00068507733 -5.0425254e-20)
(0.00028672467 -0.00088467525 -9.142464e-22)
(0.0003796454 -0.0010544763 3.1108713e-20)
(0.0004746436 -0.0011934117 5.0590457e-20)
(0.00056908022 -0.0013016033 -4.0996566e-20)
(0.00066081413 -0.001380331 4.3087629e-20)
(0.00074830294 -0.0014321242 6.9254293e-20)
(0.00083087452 -0.0014606899 -4.5338185e-20)
(0.0009090051 -0.0014708712 7.2689155e-20)
(0.00098459466 -0.0014685299 9.6092711e-20)
(0.0010611798 -0.0014603034 -6.234097e-20)
(0.0011443988 -0.0014536501 -7.9487712e-20)
(0.0012417115 -0.001455884 2.8012619e-23)
(0.0013630212 -0.0014744254 1.1546149e-20)
(0.0015190461 -0.0015145793 -1.3836058e-20)
(0.0017206551 -0.0015790039 -2.3560261e-20)
(0.0019760835 -0.0016656726 5.0437791e-21)
(0.002287252 -0.0017661797 -4.5581515e-20)
(0.0026461463 -0.0018653609 1.2187999e-20)
(0.0030350639 -0.0019444585 9.5762617e-21)
(0.0034308561 -0.001986214 -6.5976152e-20)
(0.0038042078 -0.0019756235 8.6103332e-20)
(0.0041258445 -0.001904155 2.6060525e-21)
(0.0043579185 -0.0017659715 1.8787064e-20)
(0.0044242685 -0.0015495618 -2.2265393e-20)
(0.0042122544 -0.0012483982 7.0757498e-20)
(0.0035647355 -0.00086856261 -4.4751523e-21)
(0.0023018084 -0.00044477905 1.8045224e-20)
(0.0001994966 -4.4123777e-05 -2.475245e-21)
(-0.0029279109 0.00021374475 3.543813e-21)
(-0.0072364375 0.00016043483 -2.2032557e-21)
(-0.013101514 -0.00043509638 4.0945003e-21)
(-0.020406666 -0.001895117 -1.2547969e-22)
(-0.028497454 -0.0043827338 4.5679473e-20)
(-0.036910173 -0.0079713722 -1.7472766e-20)
(-0.045062591 -0.012611722 1.5657337e-20)
(-0.052506341 -0.01816948 -9.995808e-20)
(-0.058783595 -0.024398125 -1.6034466e-20)
(-0.06363612 -0.031028429 1.4019115e-19)
(-0.066878625 -0.037756911 -1.1918066e-19)
(-0.068466398 -0.044296366 -2.2711832e-21)
(-0.068402674 -0.050352585 3.6203898e-20)
(-0.066835135 -0.055711771 -3.3049246e-20)
(-0.063847984 -0.060103631 -6.5163567e-21)
(-0.05967683 -0.063386095 -4.2126347e-21)
(-0.054574436 -0.065462588 -6.8371593e-21)
(-0.048705809 -0.066157788 -2.2650327e-21)
(-0.042363694 -0.065472521 5.7753103e-22)
(-0.035778975 -0.063369947 4.7985685e-20)
(-0.029199369 -0.059881421 -7.4023024e-20)
(-0.022856751 -0.055067544 -7.9364648e-20)
(-0.016967427 -0.049023732 -3.2299104e-20)
(-0.011727631 -0.041878528 -7.4152608e-20)
(-0.007308112 -0.033787257 1.6556103e-20)
(-0.0038487258 -0.024930586 2.409391e-20)
(-0.0014638105 -0.015521255 -3.7437736e-20)
(-0.0002154564 -0.0057392252 -4.9979983e-21)
(3.3199331e-05 0.0021724986 -1.338108e-21)
(0.00010391135 0.0024531423 -7.9886149e-23)
(0.00019110378 0.0027225099 -4.5942596e-21)
(0.00029356817 0.0029753035 1.5425121e-20)
(0.00040988443 0.0032062826 -1.0897942e-20)
(0.0005380103 0.003410131 -3.3319415e-20)
(0.00067522688 0.0035818828 6.3154204e-21)
(0.00081837886 0.0037169872 2.5024251e-20)
(0.00096378373 0.003811678 -2.3587077e-20)
(0.0011073635 0.0038630811 5.2880452e-20)
(0.0012448941 0.003869691 9.6213096e-22)
(0.0013721207 0.0038312087 -3.2840246e-20)
(0.0014852105 0.003749286 -5.3546246e-20)
(0.0015807835 0.0036268654 4.3484751e-20)
(0.0016565161 0.0034689658 -4.5779069e-20)
(0.0017112149 0.0032820101 -7.3670174e-20)
(0.0017452721 0.0030740089 4.8268025e-20)
(0.0017610861 0.0028545156 -7.7420271e-20)
(0.0017629702 0.0026336762 -1.0235971e-19)
(0.0017578176 0.002422596 6.6397834e-20)
(0.0017550054 0.0022324273 8.4633817e-20)
(0.0017666863 0.0020741222 7.5800128e-20)
(0.0018077075 0.0019577176 6.2277525e-20)
(0.0018943775 0.0018905888 1.4711531e-20)
(0.0020431358 0.0018762401 2.504216e-20)
(0.0022663686 0.0019112109 -5.3600613e-21)
(0.0025690896 0.001984306 4.8443174e-20)
(0.0029377494 0.0020712188 -1.2958542e-20)
(0.0033445484 0.0021429638 -1.0189305e-20)
(0.0037552781 0.0021742983 7.02772e-20)
(0.0041290326 0.0021446925 -9.1844953e-20)
(0.0044254839 0.0020430078 -2.7681809e-21)
(0.0045910914 0.0018612912 4.5755181e-20)
(0.0045354996 0.0015897089 2.388786e-20)
(0.0041335614 0.0012268437 -7.6099597e-20)
(0.0032116188 0.00078545483 4.8257096e-21)
(0.001582381 0.00031214534 1.4228541e-20)
(-0.00097940656 -0.0001110808 2.6827562e-21)
(-0.0046699216 -0.00035299305 -3.8476037e-21)
(-0.009551824 -0.00022114064 2.3945269e-21)
(-0.016012486 0.00052656917 -4.4488459e-21)
(-0.023850431 0.0022105961 3.5882677e-20)
(-0.03229713 0.004962818 -4.9370241e-20)
(-0.040903369 0.0088295843 1.8802885e-20)
(-0.049065406 0.013728276 -1.6763871e-20)
(-0.056343439 0.019493665 1.0644145e-19)
(-0.062338544 0.025869124 1.6981655e-20)
(-0.066827267 0.032580105 -1.4767142e-19)
(-0.069652123 0.039318665 1.2489375e-19)
(-0.070811615 0.045809845 2.3682357e-21)
(-0.070310148 0.051753096 -3.756588e-20)
(-0.068344306 0.056966361 3.4137829e-20)
(-0.064964756 0.061151411 -5.393619e-20)
(-0.060446468 0.06420042 4.3009558e-21)
(-0.05506387 0.066046453 -9.4891677e-21)
(-0.048938715 0.066470784 2.4540088e-21)
(-0.042396552 0.065519816 -5.9681333e-22)
(-0.035656952 0.063150017 -4.9189261e-20)
(-0.028968601 0.059403873 7.5529687e-20)
(-0.022560457 0.05434861 8.0695049e-20)
(-0.016644762 0.048085048 3.2741313e-20)
(-0.011413553 0.040748225 7.4962223e-20)
(-0.00703193 0.032497007 -1.6694122e-20)
(-0.0036340246 0.02351755 4.8065906e-20)
(-0.0013274742 0.014019003 3.7568271e-20)
(-0.00017033043 0.00420866 5.006713e-21)
)
;
    }
    frontAndBack
    {
        type            empty;
    }
}


// ************************************************************************* //
