/*--------------------------------*- C++ -*----------------------------------*\
  =========                 |
  \\      /  F ield         | OpenFOAM: The Open Source CFD Toolbox
   \\    /   O peration     | Website:  https://openfoam.org
    \\  /    A nd           | Version:  13
     \\/     M anipulation  |
\*---------------------------------------------------------------------------*/
FoamFile
{
    format      ascii;
    class       volVectorField;
    location    "19.097985";
    object      wallShearStress;
}
// * * * * * * * * * * * * * * * * * * * * * * * * * * * * * * * * * * * * * //

dimensions      [0 2 -2 0 0 0 0];

internalField   uniform (0 0 0);

boundaryField
{
    inlet
    {
        type            calculated;
        value           uniform (0 0 0);
    }
    outlet
    {
        type            calculated;
        value           uniform (0 0 0);
    }
    cylinder
    {
        type            calculated;
        value           nonuniform List<vector> 
132
(
(8.917621e-05 -0.0048126086 -1.9112845e-22)
(0.00029338075 -0.0066422601 5.4864871e-23)
(0.00060039869 -0.0084077825 3.0609151e-21)
(0.0010013316 -0.010062147 -1.0391671e-20)
(0.0014841378 -0.011556173 7.4319192e-21)
(0.0020304088 -0.012837544 2.3032479e-20)
(0.0026146832 -0.013853193 -4.4288145e-21)
(0.0032052341 -0.014553812 -1.7805667e-20)
(0.0037658508 -0.014899719 1.701995e-20)
(0.0042573984 -0.014866177 -3.864883e-20)
(0.0046414089 -0.014447787 -7.1091077e-22)
(0.0048838881 -0.013661362 2.4477468e-20)
(0.0049595997 -0.012547668 4.0149276e-20)
(0.0048555517 -0.011169395 -3.2706863e-20)
(0.0045733343 -0.0096064304 3.4443236e-20)
(0.0041307721 -0.0079507574 5.5303617e-20)
(0.0035608973 -0.0062973505 -3.6074425e-20)
(0.0029074634 -0.004734879 5.7512987e-20)
(0.0022205146 -0.0033359204 7.5502032e-20)
(0.0015507998 -0.0021524444 -4.8605943e-20)
(0.00093895371 -0.0012062183 -6.1487804e-20)
(0.00041850977 -0.00050012995 2.1513696e-23)
(1.4265522e-05 -2.1865214e-05 8.7972236e-21)
(-0.00024606621 0.00024328599 -1.0467063e-20)
(-0.00029190935 0.00026942487 -1.770454e-20)
(-0.00012117961 0.00010719402 3.7670837e-21)
(0.00039397625 -0.00029646708 -3.3868395e-20)
(0.0011808999 -0.00082430428 9.0304682e-21)
(0.0020922501 -0.0013335779 7.0914992e-21)
(0.0029414013 -0.0016986251 -4.8942207e-20)
(0.0035621316 -0.0018482634 6.4042228e-20)
(0.0039360974 -0.0018163897 1.942919e-21)
(0.0041484802 -0.0016809623 1.4025859e-20)
(0.0042719277 -0.0014952467 -1.6635141e-20)
(0.0042654958 -0.001262027 5.2905584e-20)
(0.0039877369 -0.00096762801 -3.3501214e-21)
(0.003260748 -0.00062104536 1.353542e-20)
(0.0018772939 -0.00026508099 -1.8622855e-21)
(-0.00036222221 1.0491302e-05 2.6786632e-21)
(-0.003690737 7.2564373e-05 -1.6758148e-21)
(-0.0084454318 -0.00028699859 3.1419399e-21)
(-0.014674093 -0.0013688834 -9.7430561e-23)
(-0.021920706 -0.0033775621 3.5933051e-20)
(-0.029770329 -0.0064358334 -1.3936416e-20)
(-0.037675758 -0.010550354 1.2658827e-20)
(-0.045152312 -0.015630214 -8.1838692e-20)
(-0.051704441 -0.021466692 -1.3272941e-20)
(-0.057005855 -0.027802381 1.1706275e-19)
(-0.06081319 -0.034339013 -1.0011371e-19)
(-0.063026891 -0.040783045 -1.9123837e-21)
(-0.063618429 -0.046836258 3.0404533e-20)
(-0.062689984 -0.052261482 -2.745297e-20)
(-0.060334908 -0.056801274 -5.2703206e-21)
(-0.05675036 -0.060281856 -3.1652611e-21)
(-0.052172868 -0.062585785 -3.5614851e-21)
(-0.046796391 -0.063567956 -4.6384963e-21)
(-0.040887139 -0.063194154 6.7990237e-22)
(-0.034682998 -0.061432495 5.1694126e-20)
(-0.028429627 -0.058306768 -7.7082783e-20)
(-0.022359099 -0.053873036 -8.1277109e-20)
(-0.016688752 -0.04822407 -3.2780694e-20)
(-0.01161499 -0.041483856 -7.4891802e-20)
(-0.0073096652 -0.033806292 1.6681996e-20)
(-0.0039129602 -0.025367226 2.4263828e-20)
(-0.001540076 -0.016383949 -3.7733257e-20)
(-0.00025128034 -0.0070130295 -5.0481671e-21)
(-1.6920899e-05 -0.0029445294 -8.7348064e-22)
(-1.9396615e-05 -0.0010443757 -5.1814528e-23)
(8.3146773e-05 0.0008616164 -2.965846e-21)
(0.00028742131 0.0027320012 9.9416281e-21)
(0.00059342487 0.0045198362 -7.0298744e-21)
(0.00098760436 0.0061745298 -2.1566118e-20)
(0.0014523426 0.007643488 4.1108872e-21)
(0.0019629478 0.0088726421 1.6411958e-20)
(0.0024874656 0.0098102062 -1.5607078e-20)
(0.0029889054 0.010412647 3.5324346e-20)
(0.0034277171 0.010651305 6.4872826e-22)
(0.0037650349 0.010517592 -2.2338515e-20)
(0.0039671823 0.01002631 -3.668994e-20)
(0.004010516 0.0092177246 2.9958274e-20)
(0.0038854857 0.0081559408 -3.1644399e-20)
(0.0035984297 0.0069222192 -5.098271e-20)
(0.0031725582 0.0056085893 3.3374668e-20)
(0.0026454081 0.0043068386 -5.3392706e-20)
(0.0020634274 0.0030991301 -7.0319647e-20)
(0.0014747154 0.0020462916 4.5401775e-20)
(0.00092472178 0.0011872098 5.7578291e-20)
(0.00044639729 0.00053220895 5.1305558e-20)
(7.6919116e-05 8.9093167e-05 4.1934277e-20)
(-0.00015040717 -0.00014856743 9.8557268e-21)
(-0.00015447348 -0.00014355816 1.669593e-20)
(5.6348269e-05 4.2425595e-05 -3.5573276e-21)
(0.00058308767 0.000443236 3.2022833e-20)
(0.0013569265 0.00094915181 -8.5506829e-21)
(0.0021954355 0.0014008365 -6.7219526e-21)
(0.0029390653 0.0016983671 4.6425147e-20)
(0.0034568483 0.001794312 -6.0766043e-20)
(0.003765088 0.0017378131 -1.8331895e-21)
(0.0039405917 0.0015969323 3.0297792e-20)
(0.0040299441 0.0014108845 1.5809797e-20)
(0.00396117 0.0011726621 -5.0346543e-20)
(0.0035817569 0.00087034184 3.193219e-21)
(0.0027132858 0.00051908659 9.425444e-21)
(0.001148453 0.00016809472 1.7814029e-21)
(-0.001301434 -8.4785583e-05 -2.5661967e-21)
(-0.0048456652 -0.00010178474 1.6071954e-21)
(-0.0098227862 0.00033062546 -3.0137929e-21)
(-0.016229307 0.0015110004 2.4608334e-20)
(-0.023547053 0.0036253486 -3.4321361e-20)
(-0.031361423 0.006777103 1.3252724e-20)
(-0.039125541 0.010953807 -1.1966124e-20)
(-0.046349405 0.016042445 7.677063e-20)
(-0.052581125 0.021828025 1.2335193e-20)
(-0.057523037 0.028051609 -1.0752144e-19)
(-0.060949659 0.034413111 9.0591712e-20)
(-0.06280046 0.040633565 1.6962874e-21)
(-0.063040756 0.046407981 -2.6198881e-20)
(-0.061821888 0.051534764 2.2607283e-20)
(-0.05919432 0.055724022 -3.1982028e-20)
(-0.05539428 0.058837996 1.8654305e-21)
(-0.05068398 0.060795902 1.8410625e-21)
(-0.045204399 0.061400923 8.8969063e-21)
(-0.039255356 0.060666907 -9.0189719e-22)
(-0.033062118 0.058555167 -6.146565e-20)
(-0.026869543 0.055099235 8.6895541e-20)
(-0.020906323 0.050362289 8.871107e-20)
(-0.015384551 0.044441202 3.4993234e-20)
(-0.010496108 0.037466784 7.8627746e-20)
(-0.0064063388 0.029594882 -1.7282518e-20)
(-0.0032495131 0.021008144 4.9293421e-20)
(-0.0011333672 0.011909231 3.8264729e-20)
(-0.00011885794 0.0025214013 5.0745426e-21)
)
;
    }
    frontAndBack
    {
        type            empty;
    }
}


// ************************************************************************* //
