/*--------------------------------*- C++ -*----------------------------------*\
  =========                 |
  \\      /  F ield         | OpenFOAM: The Open Source CFD Toolbox
   \\    /   O peration     | Website:  https://openfoam.org
    \\  /    A nd           | Version:  13
     \\/     M anipulation  |
\*---------------------------------------------------------------------------*/
FoamFile
{
    format      ascii;
    class       volVectorField;
    location    "5.500439";
    object      wallShearStress;
}
// * * * * * * * * * * * * * * * * * * * * * * * * * * * * * * * * * * * * * //

dimensions      [0 2 -2 0 0 0 0];

internalField   uniform (0 0 0);

boundaryField
{
    inlet
    {
        type            calculated;
        value           uniform (0 0 0);
    }
    outlet
    {
        type            calculated;
        value           uniform (0 0 0);
    }
    cylinder
    {
        type            calculated;
        value           nonuniform List<vector> 
132
(
(0.00012489144 -0.0017184493 -1.1312037e-22)
(0.00052987368 -0.010475903 3.3152285e-23)
(0.001408767 -0.019016736 1.9856488e-21)
(0.0027271919 -0.027013754 -7.4363344e-21)
(0.0044143956 -0.034144025 5.9691505e-21)
(0.0063633384 -0.04009974 2.0861611e-20)
(0.0084318081 -0.044614719 -4.503839e-21)
(0.010459907 -0.04748104 -2.0111093e-20)
(0.012270879 -0.048567286 2.1052189e-20)
(0.013688978 -0.047837963 -5.1529373e-20)
(0.014556891 -0.045365002 -1.0048434e-21)
(0.014756927 -0.041339627 3.6137871e-20)
(0.014231314 -0.036070321 6.0978616e-20)
(0.013003767 -0.029978598 -5.0428044e-20)
(0.011183012 -0.023550904 5.3312634e-20)
(0.0089619019 -0.017299796 8.5183901e-20)
(0.006583133 -0.011683785 -5.4981839e-20)
(0.0042926953 -0.0070239456 8.6483448e-20)
(0.0022967 -0.0034788063 1.1198347e-19)
(0.00072251641 -0.0010319637 -7.1219373e-20)
(-0.00039794183 0.00048448511 -8.9217e-20)
(-0.0011343468 0.001319553 3.1021647e-23)
(-0.0016066775 0.0017338571 1.2616929e-20)
(-0.0019114822 0.001906641 -1.4962607e-20)
(-0.0019490167 0.0017953445 -2.5208624e-20)
(-0.0015213253 0.0012971404 5.3379698e-21)
(-0.00024296892 0.00020825246 -4.7717789e-20)
(0.0015568587 -0.0010793384 1.2699421e-20)
(0.0031848874 -0.0020300335 9.9761046e-21)
(0.0042023394 -0.0024304737 -6.8971861e-20)
(0.004581846 -0.0023811149 9.0247236e-20)
(0.004721171 -0.0021805257 2.7332028e-21)
(0.0048841196 -0.0019792555 1.9689618e-20)
(0.0050585893 -0.0017703911 -2.3313885e-20)
(0.0050522942 -0.0014950511 7.40693e-20)
(0.0046338417 -0.0011253175 -4.6872001e-21)
(0.0035957208 -0.00068682864 1.8933765e-20)
(0.0016812197 -0.00024272523 -2.6057389e-21)
(-0.0013241908 8.1382854e-05 3.7500371e-21)
(-0.0056567507 0.00011785185 -2.347436e-21)
(-0.01169413 -0.00039360791 4.4004746e-21)
(-0.019268881 -0.0017929423 -1.3615468e-22)
(-0.027681269 -0.004259962 5.0036495e-20)
(-0.036404251 -0.0078640101 -1.9298469e-20)
(-0.044773493 -0.012531539 1.7413888e-20)
(-0.052313814 -0.018103222 -1.1183096e-19)
(-0.058573558 -0.02431069 -1.8025648e-20)
(-0.0633093 -0.030868267 1.583178e-19)
(-0.066377309 -0.037472668 -1.3522064e-19)
(-0.067763517 -0.043840141 -2.5915018e-21)
(-0.067508368 -0.049692658 4.1641526e-20)
(-0.065775568 -0.054826889 -3.8479947e-20)
(-0.062675318 -0.058998162 -7.7574305e-21)
(-0.058444609 -0.062075745 -5.2536871e-21)
(-0.053333675 -0.063972901 -1.0025362e-20)
(-0.047514777 -0.064538791 -1.0744668e-22)
(-0.041265438 -0.063774182 4.9718263e-22)
(-0.03481075 -0.061654334 4.5912966e-20)
(-0.028385625 -0.058212177 -7.3497502e-20)
(-0.022210267 -0.053509968 -8.0276397e-20)
(-0.016488741 -0.047641183 -3.302874e-20)
(-0.011405585 -0.040729884 -7.6364608e-20)
(-0.0071209833 -0.032924988 1.7132897e-20)
(-0.0037659657 -0.024398129 2.5020744e-20)
(-0.0014465031 -0.015352442 -3.89785e-20)
(-0.00022002105 -0.0059535832 -5.2139781e-21)
(0.00019617763 0.0070259547 -5.2819353e-22)
(0.00073822227 0.015615069 -3.3458923e-23)
(0.0017358337 0.02381541 -2.1146344e-21)
(0.0031407533 0.031308172 8.0066521e-21)
(0.0048694276 0.037785448 -6.4505218e-21)
(0.0068035667 0.042964905 -2.2492766e-20)
(0.0087968694 0.046614072 4.8257536e-21)
(0.010687174 0.048565268 2.1366054e-20)
(0.012302273 0.04873401 -2.2152129e-20)
(0.013477509 0.047134233 5.3685709e-20)
(0.014074069 0.043890174 1.036883e-21)
(0.013999395 0.039242895 -3.6941874e-20)
(0.013227879 0.033548593 -6.1815264e-20)
(0.011814135 0.027253987 5.0754922e-20)
(0.00989754 0.020856317 -5.3344123e-20)
(0.0076842735 0.014843977 -8.4885822e-20)
(0.005412044 0.0096140422 5.4650678e-20)
(0.0033086786 0.0054223166 -8.5879016e-20)
(0.0015402673 0.0023425452 -1.1122209e-19)
(0.00019992054 0.00030606407 7.0796647e-20)
(-0.00073154375 -0.00091273875 8.8810019e-20)
(-0.0013264674 -0.0015474566 7.8499768e-20)
(-0.0017257073 -0.001864158 6.3822923e-20)
(-0.0019521727 -0.0019488746 1.4929055e-20)
(-0.0018754173 -0.0017308459 2.5149901e-20)
(-0.0011375012 -0.00097685689 -5.3246268e-21)
(0.00036694999 0.00026264656 4.7730912e-20)
(0.0021307501 0.0014860538 -1.2723553e-20)
(0.003580763 0.0022867924 -1.0018043e-20)
(0.0043308052 0.002506974 6.9278333e-20)
(0.004599664 0.0023909693 -9.065369e-20)
(0.0047308167 0.0021848838 -2.7297029e-21)
(0.0049156255 0.0019920243 4.5032369e-20)
(0.0050600932 0.0017713927 2.3466322e-20)
(0.004956116 0.0014675445 -7.4666509e-20)
(0.0043817447 0.0010656818 4.7333149e-21)
(0.0031263419 0.00060016543 1.3970562e-20)
(0.00092663306 0.00014304076 2.6414598e-21)
(-0.0024186782 -0.00017161195 -3.8073598e-21)
(-0.0071002742 -0.00015413124 2.3857645e-21)
(-0.013499286 0.00045025153 -4.4722583e-21)
(-0.021380433 0.0019862305 3.6443731e-20)
(-0.029960652 0.0046076153 -5.0644411e-20)
(-0.038715787 0.0083603966 1.946167e-20)
(-0.047009582 0.01315499 -1.7482668e-20)
(-0.054350323 0.018805557 1.1166478e-19)
(-0.060338583 0.02504018 1.7897687e-20)
(-0.064769849 0.031577412 -1.561613e-19)
(-0.067506507 0.038107332 1.3241006e-19)
(-0.068575469 0.044362729 2.5154408e-21)
(-0.06800533 0.050055853 -3.9966679e-20)
(-0.066006831 0.055017142 3.6378719e-20)
(-0.062646673 0.058968402 -5.7620671e-20)
(-0.058195766 0.061808871 4.6164576e-21)
(-0.052929983 0.063485904 -1.0389044e-20)
(-0.046972661 0.063799328 2.3681995e-21)
(-0.040632372 0.06279236 -6.1821184e-22)
(-0.034123775 0.06043359 -5.1365608e-20)
(-0.027681697 0.056763735 7.907781e-20)
(-0.021524076 0.051850631 8.4570453e-20)
(-0.015851303 0.045791224 3.4322991e-20)
(-0.010844621 0.038714865 7.8572118e-20)
(-0.0066595325 0.030772578 -1.7490492e-20)
(-0.0034224966 0.022140792 5.0325031e-20)
(-0.001234201 0.013016056 3.9297881e-20)
(-0.00015056844 0.0035990704 5.2310676e-21)
)
;
    }
    frontAndBack
    {
        type            empty;
    }
}


// ************************************************************************* //
