/*--------------------------------*- C++ -*----------------------------------*\
  =========                 |
  \\      /  F ield         | OpenFOAM: The Open Source CFD Toolbox
   \\    /   O peration     | Website:  https://openfoam.org
    \\  /    A nd           | Version:  13
     \\/     M anipulation  |
\*---------------------------------------------------------------------------*/
FoamFile
{
    format      ascii;
    class       volVectorField;
    location    "25.203435";
    object      wallShearStress;
}
// * * * * * * * * * * * * * * * * * * * * * * * * * * * * * * * * * * * * * //

dimensions      [0 2 -2 0 0 0 0];

internalField   uniform (0 0 0);

boundaryField
{
    inlet
    {
        type            calculated;
        value           uniform (0 0 0);
    }
    outlet
    {
        type            calculated;
        value           uniform (0 0 0);
    }
    cylinder
    {
        type            calculated;
        value           nonuniform List<vector> 
132
(
(7.4502703e-06 -0.00017618931 -2.3864882e-22)
(3.0433608e-05 -0.00061795533 6.8077558e-23)
(7.8313495e-05 -0.0010612971 3.7644604e-21)
(0.00015123654 -0.0014979357 -1.2648859e-20)
(0.00024841796 -0.0019189513 8.9399752e-21)
(0.00036805906 -0.002315155 2.7351892e-20)
(0.00050729502 -0.0026773574 -5.1894143e-21)
(0.00066220099 -0.0029967349 -2.0588597e-20)
(0.00082773211 -0.003265254 1.943609e-20)
(0.00099823956 -0.003476029 -4.3651745e-20)
(0.0011673204 -0.0036237505 -7.9576186e-22)
(0.0013282631 -0.0037051998 2.7220614e-20)
(0.0014744126 -0.0037195007 4.4482582e-20)
(0.0015996983 -0.0036685766 -3.6206657e-20)
(0.0016990646 -0.0035570741 3.8203559e-20)
(0.0017691283 -0.003392665 6.161527e-20)
(0.0018082786 -0.0031850397 -4.0454427e-20)
(0.001817647 -0.0029466354 6.5013639e-20)
(0.0018011125 -0.0026914027 8.6106942e-20)
(0.0017654604 -0.0024341047 -5.5940782e-20)
(0.001720953 -0.0021902332 -7.139704e-20)
(0.0016807986 -0.001974464 2.5138559e-23)
(0.0016618246 -0.0018008446 1.0380253e-20)
(0.0016831633 -0.0016807319 -1.2439522e-20)
(0.0017650574 -0.0016215274 -2.1179761e-20)
(0.0019244016 -0.0016231574 4.5332934e-21)
(0.0021693887 -0.0016755956 -4.0961936e-20)
(0.0024933912 -0.0017576697 1.0952859e-20)
(0.002873539 -0.0018407628 8.6080655e-21)
(0.0032712828 -0.0018936183 -5.9340793e-20)
(0.0036457644 -0.0018931911 7.7508526e-20)
(0.0039672217 -0.001830831 2.3482053e-21)
(0.0042049402 -0.0017038119 1.6945855e-20)
(0.004297133 -0.0015047288 -2.0105317e-20)
(0.0041428403 -0.0012272961 6.3970234e-20)
(0.0035964154 -0.00087532192 -4.0513015e-21)
(0.0024882791 -0.00047861553 1.6361023e-20)
(0.00060659604 -9.7349932e-05 -2.2481263e-21)
(-0.0022317855 0.0001598197 3.2253015e-21)
(-0.0062003762 0.00013506568 -2.0098462e-21)
(-0.011662323 -0.00038913207 3.7456427e-21)
(-0.018542713 -0.0017235896 -1.1516974e-22)
(-0.026257005 -0.0040398599 4.2073053e-20)
(-0.03438034 -0.0074267653 -1.615048e-20)
(-0.042327248 -0.011847683 1.4519727e-20)
(-0.049649988 -0.017182565 -9.2976547e-20)
(-0.055904214 -0.02320505 -1.4952257e-20)
(-0.060808781 -0.029651803 1.3097023e-19)
(-0.064166999 -0.036227921 -1.1145511e-19)
(-0.065916448 -0.042648382 -2.1235781e-21)
(-0.066052742 -0.048624426 3.379041e-20)
(-0.06469886 -0.053932572 -3.0696114e-20)
(-0.061949609 -0.058318129 -5.9916853e-21)
(-0.058020371 -0.061628005 -3.7717297e-21)
(-0.053146968 -0.063751606 -5.4751536e-21)
(-0.04751115 -0.06453633 -3.2285814e-21)
(-0.041387129 -0.063964484 6.1731903e-22)
(-0.035006689 -0.062003384 4.9323237e-20)
(-0.0286131 -0.058680481 -7.4995457e-20)
(-0.02243548 -0.054054181 -7.9851263e-20)
(-0.016687817 -0.048217847 -3.2379935e-20)
(-0.011564033 -0.041297106 -7.4204336e-20)
(-0.0072331567 -0.033445147 1.6556871e-20)
(-0.0038334501 -0.024839348 2.4099956e-20)
(-0.0014779441 -0.015691794 -3.7481327e-20)
(-0.00022710019 -0.0061743648 -5.0119217e-21)
(8.5283466e-06 0.00026032443 -1.0955463e-21)
(3.3244212e-05 0.00069150468 -6.5106399e-23)
(8.1554661e-05 0.0011133226 -3.7276452e-21)
(0.00015266341 0.0015174988 1.246312e-20)
(0.00024483724 0.0018955823 -8.7706398e-21)
(0.00035541564 0.0022393008 -2.6717245e-20)
(0.00048081473 0.0025408837 5.0469256e-21)
(0.00061660477 0.0027933933 1.9936329e-20)
(0.00075764422 0.0029911029 -1.8738998e-20)
(0.00089821806 0.0031298652 4.1906914e-20)
(0.0010325803 0.0032074137 7.6080609e-22)
(0.0011549793 0.0032235851 -2.5917503e-20)
(0.0012602056 0.003180705 -4.2187031e-20)
(0.0013438699 0.0030832925 3.4209657e-20)
(0.0014030775 0.0029386307 -3.5968834e-20)
(0.0014365143 0.0027558357 -5.7820276e-20)
(0.0014450764 0.0025461236 3.7847948e-20)
(0.0014319195 0.0023219154 -6.0658828e-20)
(0.0014028093 0.0020965642 -8.0144349e-20)
(0.0013661625 0.0018836547 5.1957286e-20)
(0.0013329837 0.0016962502 6.6193888e-20)
(0.0013173503 0.0015469742 5.9258596e-20)
(0.001336269 0.0014471901 4.8667367e-20)
(0.001409098 0.0014059165 1.1492148e-20)
(0.001555258 0.0014274795 1.9555356e-20)
(0.0017887701 0.0015074704 -4.1844093e-21)
(0.0021111811 0.0016295625 3.7809481e-20)
(0.002506492 0.00176616 -1.0112526e-20)
(0.002943009 0.0018848709 -7.9510784e-21)
(0.0033745311 0.0019533018 5.4842739e-20)
(0.0037565713 0.001950854 -7.1679397e-20)
(0.0040674266 0.0018772764 -2.1604713e-21)
(0.0042853041 0.0017366154 3.5711759e-20)
(0.004345737 0.0015220681 1.8648087e-20)
(0.0041407839 0.0012271632 -5.9436347e-20)
(0.0035166648 0.00085670988 3.7726298e-21)
(0.0022978259 0.00044364771 1.1141448e-20)
(0.000266666 5.2618491e-05 2.1058826e-21)
(-0.002756861 -0.00020068844 -3.0314116e-21)
(-0.0069285539 -0.00015307197 1.8955224e-21)
(-0.012611587 0.00041911676 -3.5438292e-21)
(-0.019696525 0.0018294107 2.8803353e-20)
(-0.027551826 0.0042375382 -3.9952186e-20)
(-0.035725297 0.0077156811 1.5334286e-20)
(-0.043643311 0.01221467 -1.3767094e-20)
(-0.050873283 0.017604498 8.7904618e-20)
(-0.056965111 0.023643416 1.4072745e-20)
(-0.061664327 0.030066964 -1.2249287e-19)
(-0.064788549 0.036576786 1.0332359e-19)
(-0.066297811 0.04289304 1.9447675e-21)
(-0.066186328 0.048720629 -3.0386974e-20)
(-0.064618898 0.053863772 2.6845182e-20)
(-0.061653235 0.058036599 -4.0043086e-20)
(-0.05753672 0.061111875 2.7603454e-21)
(-0.052535332 0.063015235 -2.3357921e-21)
(-0.046783935 0.063545412 6.507434e-21)
(-0.040588622 0.062726837 -7.8768359e-22)
(-0.034171592 0.060520036 -5.6806302e-20)
(-0.027777453 0.05696151 8.2500169e-20)
(-0.021633598 0.05211551 8.5532155e-20)
(-0.01595094 0.046079673 3.4069923e-20)
(-0.010920389 0.038985431 7.7057312e-20)
(-0.0067064685 0.030988753 -1.7015376e-20)
(-0.0034428118 0.022272222 4.8691708e-20)
(-0.0012370217 0.013040589 3.788705e-20)
(-0.00014833712 0.0035036562 5.0326599e-21)
)
;
    }
    frontAndBack
    {
        type            empty;
    }
}


// ************************************************************************* //
