/*--------------------------------*- C++ -*----------------------------------*\
  =========                 |
  \\      /  F ield         | OpenFOAM: The Open Source CFD Toolbox
   \\    /   O peration     | Website:  https://openfoam.org
    \\  /    A nd           | Version:  13
     \\/     M anipulation  |
\*---------------------------------------------------------------------------*/
FoamFile
{
    format      ascii;
    class       volVectorField;
    location    "16.299655";
    object      wallShearStress;
}
// * * * * * * * * * * * * * * * * * * * * * * * * * * * * * * * * * * * * * //

dimensions      [0 2 -2 0 0 0 0];

internalField   uniform (0 0 0);

boundaryField
{
    inlet
    {
        type            calculated;
        value           uniform (0 0 0);
    }
    outlet
    {
        type            calculated;
        value           uniform (0 0 0);
    }
    cylinder
    {
        type            calculated;
        value           nonuniform List<vector> 
132
(
(3.8772644e-05 9.4192023e-05 -1.5092151e-22)
(0.00017836489 -0.0033797446 4.3228583e-23)
(0.0005084909 -0.0068073517 2.4271359e-21)
(0.0010214488 -0.010085335 -8.3372967e-21)
(0.0016977092 -0.013106787 6.0651458e-21)
(0.0025065556 -0.015773118 1.9196064e-20)
(0.003406217 -0.017993013 -3.7797373e-21)
(0.0043443334 -0.019688286 -1.5580983e-20)
(0.0052630296 -0.020796413 1.5271672e-20)
(0.0060964694 -0.02126883 -3.5520966e-20)
(0.0067751136 -0.021076738 -6.6770728e-22)
(0.0072310453 -0.020219289 2.3438182e-20)
(0.0074094419 -0.018742499 3.9041531e-20)
(0.0072755839 -0.016736649 -3.2167907e-20)
(0.0068260545 -0.014341424 3.4117417e-20)
(0.0060892681 -0.011725418 5.4951981e-20)
(0.0051285067 -0.0090752487 -3.5827738e-20)
(0.0040321262 -0.0065721658 5.6937139e-20)
(0.0028987937 -0.004360501 7.4369475e-20)
(0.0018270677 -0.0025415256 -4.7595848e-20)
(0.00088892684 -0.0011485994 -5.9857196e-20)
(0.00013129661 -0.00016837384 2.0776425e-23)
(-0.00044488928 0.00047282969 8.4832253e-21)
(-0.00085101089 0.00084460708 -1.0059538e-20)
(-0.0011031839 0.0010123743 -1.6967547e-20)
(-0.0011347811 0.00096011591 3.5981889e-21)
(-0.00091517731 0.00071452436 -3.2224019e-20)
(-0.00018176941 0.00013954531 8.541094e-21)
(0.00091701706 -0.00057642554 6.6836956e-21)
(0.0020306086 -0.0011675481 -4.6007374e-20)
(0.0028997603 -0.0015020193 6.0169439e-20)
(0.0033691164 -0.0015538862 1.8239134e-21)
(0.0035942117 -0.0014561058 1.3148438e-20)
(0.0037369189 -0.001307322 -1.5549582e-20)
(0.0038696882 -0.0011434682 4.9281348e-20)
(0.0038665491 -0.00093585842 -3.1087332e-21)
(0.003550478 -0.00067228011 1.2514579e-20)
(0.0027142231 -0.00037386507 -1.7163168e-21)
(0.0011460469 -0.00010618208 2.4635606e-21)
(-0.0013928156 1.760612e-05 -1.540557e-21)
(-0.0052813127 -0.00017960166 2.8928154e-21)
(-0.010644047 -0.00099817196 -9.0102737e-23)
(-0.017129857 -0.0026444155 3.3442621e-20)
(-0.024359877 -0.0052709811 -1.306313e-20)
(-0.031780494 -0.0089039329 1.195e-20)
(-0.038897835 -0.013468758 -7.7762093e-20)
(-0.045219465 -0.018777693 -1.2679726e-20)
(-0.050383226 -0.024575823 1.1227302e-19)
(-0.054146252 -0.030577213 -9.6250951e-20)
(-0.056409592 -0.036503367 -1.8396395e-21)
(-0.057140532 -0.042068884 2.9198533e-20)
(-0.05644419 -0.047055947 -2.6227546e-20)
(-0.05440992 -0.05122412 -4.9729276e-21)
(-0.051218279 -0.054405955 -2.8859037e-21)
(-0.047104324 -0.056505812 -2.5617806e-21)
(-0.042251064 -0.057393438 -5.4927478e-21)
(-0.036898558 -0.057028961 7.2423426e-22)
(-0.031273396 -0.055392274 5.3675885e-20)
(-0.025600775 -0.052503575 -7.9133163e-20)
(-0.020095426 -0.048416686 -8.2900373e-20)
(-0.014957214 -0.043217406 -3.32936e-20)
(-0.01036675 -0.037020783 -7.5828786e-20)
(-0.006481419 -0.02996767 1.6849787e-20)
(-0.0034301247 -0.022221237 2.4457133e-20)
(-0.0013170815 -0.013974898 -3.7963399e-20)
(-0.00019975732 -0.00539078 -5.0699132e-21)
(8.7912105e-05 0.0035479352 -6.9523499e-22)
(0.00032366668 0.0069471031 -4.1837331e-23)
(0.00074244596 0.010222713 -2.4440068e-21)
(0.0013299044 0.01327033 8.4024812e-21)
(0.0020601928 0.01598794 -6.1160005e-21)
(0.0028964962 0.018282097 -1.9349109e-20)
(0.0037914997 0.02007139 3.8039359e-21)
(0.0046898065 0.021287059 1.5639825e-20)
(0.0055300708 0.021878316 -1.5273797e-20)
(0.0062459305 0.021812707 3.5366419e-20)
(0.006770601 0.021082031 6.6138962e-22)
(0.007045361 0.019716922 -2.3078085e-20)
(0.0070289511 0.017794741 -3.8206357e-20)
(0.0067060367 0.015439283 3.1286042e-20)
(0.0060926614 0.012811571 -3.298933e-20)
(0.0052383823 0.010095104 -5.285558e-20)
(0.0042195665 0.0074738205 3.4312913e-20)
(0.0031304399 0.0051085398 -5.4350685e-20)
(0.0020667906 0.0031145319 -7.0837802e-20)
(0.00110834 0.0015482347 4.528309e-20)
(0.00031021261 0.00041155661 5.6927534e-20)
(-0.00031168534 -0.00035470543 5.0354909e-20)
(-0.00076513027 -0.0008219299 4.091823e-20)
(-0.0010765809 -0.001071502 9.5727308e-21)
(-0.0012387642 -0.0011386019 1.6143279e-20)
(-0.0011574888 -0.00098183981 -3.421301e-21)
(-0.00068554075 -0.00053976603 3.0628459e-20)
(0.00024419325 0.00015982034 -8.1339991e-21)
(0.0014217763 0.00090028453 -6.3743761e-21)
(0.0024900784 0.0014352195 4.3991946e-20)
(0.0031929505 0.0016559602 -5.7596621e-20)
(0.0035362481 0.0016319977 -1.7374067e-21)
(0.0037002968 0.0014993373 2.8675506e-20)
(0.0038491562 0.0013466266 1.4926582e-20)
(0.0039692418 0.0011731446 -4.7400539e-20)
(0.0039069513 0.00094624845 2.9984232e-21)
(0.0034736139 0.00065878961 8.8318399e-21)
(0.0024651065 0.00034160131 1.6674007e-21)
(0.00066592352 6.8958591e-05 -2.4034928e-21)
(-0.0021670915 -3.5991237e-05 1.509404e-21)
(-0.0064026569 0.00021758911 -2.8459379e-21)
(-0.01210545 0.0011326995 2.3440998e-20)
(-0.018874102 0.0029112731 -3.303364e-20)
(-0.026281766 0.0056843642 1.2894968e-20)
(-0.033753451 0.0094542596 -1.1770157e-20)
(-0.040833355 0.014136905 7.6312792e-20)
(-0.046999194 0.019514617 1.2376003e-20)
(-0.051938573 0.025331743 -1.0886347e-19)
(-0.055439703 0.031304928 9.2507871e-20)
(-0.057416604 0.037152393 1.7482634e-21)
(-0.057859822 0.042595889 -2.7301189e-20)
(-0.056898883 0.047432534 2.3929371e-20)
(-0.054609769 0.051409636 -3.4873924e-20)
(-0.051197219 0.054381106 2.2180329e-21)
(-0.04691008 0.056270104 5.1243606e-23)
(-0.041903266 0.056918061 7.8113912e-21)
(-0.036443628 0.056322634 -8.4787213e-22)
(-0.030746355 0.054455062 -5.9220638e-20)
(-0.025038271 0.05134554 8.4789655e-20)
(-0.019531599 0.047052701 8.7242372e-20)
(-0.014423046 0.041666644 3.4599942e-20)
(-0.009889957 0.035307623 7.8053934e-20)
(-0.0060852317 0.028119212 -1.7209862e-20)
(-0.0031331551 0.020269182 4.9211787e-20)
(-0.0011327462 0.011945955 3.8284616e-20)
(-0.00013930239 0.0033407534 5.0869754e-21)
)
;
    }
    frontAndBack
    {
        type            empty;
    }
}


// ************************************************************************* //
