/*--------------------------------*- C++ -*----------------------------------*\
  =========                 |
  \\      /  F ield         | OpenFOAM: The Open Source CFD Toolbox
   \\    /   O peration     | Website:  https://openfoam.org
    \\  /    A nd           | Version:  13
     \\/     M anipulation  |
\*---------------------------------------------------------------------------*/
FoamFile
{
    format      ascii;
    class       volVectorField;
    location    "32.298497";
    object      wallShearStress;
}
// * * * * * * * * * * * * * * * * * * * * * * * * * * * * * * * * * * * * * //

dimensions      [0 2 -2 0 0 0 0];

internalField   uniform (0 0 0);

boundaryField
{
    inlet
    {
        type            calculated;
        value           uniform (0 0 0);
    }
    outlet
    {
        type            calculated;
        value           uniform (0 0 0);
    }
    cylinder
    {
        type            calculated;
        value           nonuniform List<vector> 
132
(
(1.9703388e-05 -0.0011536482 -2.6086363e-22)
(6.3737277e-05 -0.0014653798 7.4395835e-23)
(0.00012598241 -0.0017733102 4.1117671e-21)
(0.00020581378 -0.0020719819 -1.3806875e-20)
(0.0003024181 -0.0023557533 9.7503332e-21)
(0.00041432497 -0.0026187624 2.9801012e-20)
(0.00053938829 -0.0028552156 -5.6473783e-21)
(0.00067473094 -0.0030595768 -2.2375503e-20)
(0.00081692457 -0.0032268489 2.1091601e-20)
(0.00096201265 -0.0033527443 -4.7294255e-20)
(0.0011056277 -0.0034340991 -8.6074003e-22)
(0.0012431694 -0.0034689401 2.9391651e-20)
(0.0013701562 -0.0034570264 4.7946974e-20)
(0.0014823594 -0.0033995696 -3.8959627e-20)
(0.0015764046 -0.0033000217 4.1040521e-20)
(0.0016497375 -0.0031631847 6.6087186e-20)
(0.0017013809 -0.0029960308 -4.3327962e-20)
(0.0017320421 -0.0028069969 6.9540391e-20)
(0.0017444381 -0.0026057685 9.1995908e-20)
(0.0017437946 -0.0024032585 -5.9706787e-20)
(0.0017377418 -0.0022106581 -7.6139558e-20)
(0.0017369403 -0.002039573 2.6806533e-23)
(0.0017548391 -0.0019009758 1.1056322e-20)
(0.0018075301 -0.0018044983 -1.3244535e-20)
(0.0019124296 -0.0017567691 -2.2544411e-20)
(0.0020852226 -0.0017588896 4.8245534e-21)
(0.0023360921 -0.0018045754 -4.3588849e-20)
(0.0026619846 -0.0018767559 1.1654354e-20)
(0.0030468665 -0.0019519455 9.1585257e-21)
(0.0034589075 -0.0020022813 -6.3129714e-20)
(0.0038517578 -0.0020001917 8.2453273e-20)
(0.0041866663 -0.0019321672 2.4979207e-21)
(0.0044259142 -0.0017934878 1.8026262e-20)
(0.004499104 -0.0015756872 -2.1388039e-20)
(0.0043003966 -0.0012743163 6.8055411e-20)
(0.0036782762 -0.00089578312 -4.3103919e-21)
(0.0024567913 -0.00047361978 1.7408834e-20)
(0.00041555311 -7.2801172e-05 -2.3922423e-21)
(-0.0026282173 0.00019011805 3.4318531e-21)
(-0.0068375012 0.00015032246 -2.1381919e-21)
(-0.012581543 -0.00041867909 3.9830288e-21)
(-0.019755648 -0.0018353509 -1.2237635e-22)
(-0.027728465 -0.0042651701 4.4662666e-20)
(-0.036045871 -0.0077854004 -1.7126052e-20)
(-0.044128324 -0.012350786 1.5382828e-20)
(-0.051534092 -0.017833584 -9.8435464e-20)
(-0.057806261 -0.023993275 -1.5825612e-20)
(-0.062680896 -0.030563464 1.3867833e-19)
(-0.065970819 -0.037245176 -1.1816968e-19)
(-0.06762237 -0.043751059 -2.2576076e-21)
(-0.067641252 -0.049792832 3.609766e-20)
(-0.06615741 -0.055147551 -3.3075037e-20)
(-0.063270204 -0.059560555 -6.5629e-21)
(-0.059200422 -0.062880795 -4.2896356e-21)
(-0.054188204 -0.065000083 -7.2450042e-21)
(-0.048415581 -0.065764456 -1.8168054e-21)
(-0.042160516 -0.065159505 5.4952746e-22)
(-0.035655695 -0.06315279 4.6552066e-20)
(-0.029145942 -0.059773341 -7.2384807e-20)
(-0.022861336 -0.05508056 -7.7972033e-20)
(-0.017016734 -0.049168965 -3.183844e-20)
(-0.011806699 -0.042165085 -7.3293397e-20)
(-0.0074009325 -0.034223496 1.6403873e-20)
(-0.0039380636 -0.02552202 2.3928602e-20)
(-0.0015317238 -0.01627617 -3.7270158e-20)
(-0.00024175864 -0.0066512421 -4.9886382e-21)
(-7.388123e-06 -0.00084017339 -1.1977053e-21)
(-1.7471615e-05 -0.00052438215 -7.1178622e-23)
(-1.0418143e-05 -0.000208146 -4.0747861e-21)
(1.3867479e-05 0.00010313468 1.3620477e-20)
(5.463362e-05 0.00040459468 -9.5819763e-21)
(0.00011159372 0.00069099281 -2.9176375e-20)
(0.00018276708 0.00095728552 5.5088335e-21)
(0.0002660451 0.0011988642 2.1750146e-20)
(0.00035883785 0.0014116226 -2.0433967e-20)
(0.000458172 0.0015921972 4.56772e-20)
(0.00056080682 0.0017381705 8.2895135e-22)
(0.00066339966 0.0018482257 -2.8231914e-20)
(0.00076281382 0.0019222872 -4.5948913e-20)
(0.00085617836 0.0019615586 3.7261335e-20)
(0.00094125332 0.0019687228 -3.9185078e-20)
(0.0010165671 0.0019476478 -6.3012294e-20)
(0.0010818772 0.0019037162 4.1267197e-20)
(0.0011381427 0.0018431412 -6.6180487e-20)
(0.0011881542 0.0017734354 -8.7504008e-20)
(0.0012365097 0.0017027042 5.6774737e-20)
(0.0012899459 0.0016395019 7.2393356e-20)
(0.0013576833 0.0015926796 6.4865265e-20)
(0.0014509274 0.0015701797 5.3317875e-20)
(0.0015825445 0.0015783855 1.2600595e-20)
(0.0017649311 0.0016199667 2.14572e-20)
(0.0020076756 0.0016924934 -4.5940426e-21)
(0.0023120785 0.0017854327 4.1526763e-20)
(0.0026706351 0.0018826446 -1.1108003e-20)
(0.0030606517 0.0019609069 -8.732979e-21)
(0.0034490914 0.0019968718 6.0215922e-20)
(0.0038122589 0.0019799229 -7.8665025e-20)
(0.0041182405 0.0019008372 -2.3700666e-21)
(0.0043198501 0.0017508421 3.916044e-20)
(0.0043412354 0.001520904 2.043891e-20)
(0.0040680304 0.0012062951 -6.5102254e-20)
(0.0033392057 0.00081469348 4.1286097e-21)
(0.0019761648 0.00038422446 1.2178089e-20)
(-0.00024058588 -1.4018366e-05 2.2981291e-21)
(-0.0034992616 -0.0002606587 -3.3009666e-21)
(-0.007918048 -0.0001790815 2.0587931e-21)
(-0.013865826 0.00045865759 -3.8365395e-21)
(-0.021205226 0.0019678011 3.1062281e-20)
(-0.029247401 0.0044966047 -4.291e-20)
(-0.037542919 0.0081066156 1.6405697e-20)
(-0.045522696 0.012739279 -1.4675687e-20)
(-0.05273017 0.018245678 9.3398777e-20)
(-0.058748067 0.024381712 1.4916495e-20)
(-0.063337656 0.030881204 -1.2960768e-19)
(-0.066319078 0.037439327 1.0926348e-19)
(-0.067676808 0.043783794 2.0580639e-21)
(-0.067400797 0.049613303 -3.2250583e-20)
(-0.065676898 0.054744478 2.8681544e-20)
(-0.062550494 0.058880037 -4.3417167e-20)
(-0.058284162 0.061904732 3.1229657e-21)
(-0.053150683 0.063752327 -3.958199e-21)
(-0.047271385 0.064206489 5.6202539e-21)
(-0.040964089 0.063306085 -7.4734828e-22)
(-0.0344479 0.061008327 -5.5247436e-20)
(-0.027968691 0.057352496 8.1108124e-20)
(-0.021753985 0.052404148 8.4575996e-20)
(-0.016014616 0.04626189 3.3802924e-20)
(-0.010941541 0.039058547 7.6609341e-20)
(-0.0066991091 0.030950992 -1.693673e-20)
(-0.0034207704 0.022123013 4.8496549e-20)
(-0.0012139206 0.012779393 3.7741591e-20)
(-0.00013811551 0.0031365089 5.0122882e-21)
)
;
    }
    frontAndBack
    {
        type            empty;
    }
}


// ************************************************************************* //
