/*--------------------------------*- C++ -*----------------------------------*\
  =========                 |
  \\      /  F ield         | OpenFOAM: The Open Source CFD Toolbox
   \\    /   O peration     | Website:  https://openfoam.org
    \\  /    A nd           | Version:  13
     \\/     M anipulation  |
\*---------------------------------------------------------------------------*/
FoamFile
{
    format      ascii;
    class       volVectorField;
    location    "31.501727";
    object      wallShearStress;
}
// * * * * * * * * * * * * * * * * * * * * * * * * * * * * * * * * * * * * * //

dimensions      [0 2 -2 0 0 0 0];

internalField   uniform (0 0 0);

boundaryField
{
    inlet
    {
        type            calculated;
        value           uniform (0 0 0);
    }
    outlet
    {
        type            calculated;
        value           uniform (0 0 0);
    }
    cylinder
    {
        type            calculated;
        value           nonuniform List<vector> 
132
(
(9.1459326e-06 -0.00041344308 -2.5233399e-22)
(3.2619166e-05 -0.00071111759 7.1933035e-23)
(7.3101153e-05 -0.0010092788 3.9741943e-21)
(0.00013061453 -0.0013029393 -1.3340516e-20)
(0.00020472863 -0.0015867146 9.4183574e-21)
(0.00029440065 -0.0018550017 2.8779992e-20)
(0.00039793502 -0.0021021309 -5.453045e-21)
(0.00051296067 -0.0023225856 -2.1603682e-20)
(0.00063642521 -0.0025112215 2.0363887e-20)
(0.0007648414 -0.0026635031 -4.5665538e-20)
(0.0008941812 -0.0027757143 -8.3121166e-22)
(0.0010201541 -0.0028453589 2.838955e-20)
(0.0011383508 -0.0028711609 4.6325099e-20)
(0.0012446567 -0.0028536647 -3.7654249e-20)
(0.0013353138 -0.0027947476 3.9680348e-20)
(0.0014076829 -0.0026986562 6.3922806e-20)
(0.0014599296 -0.0025705772 -4.192662e-20)
(0.0014920265 -0.0024178766 6.7319718e-20)
(0.0015054739 -0.0022487924 8.9094776e-20)
(0.0015037923 -0.0020725843 -5.784581e-20)
(0.0014931082 -0.0018996499 -7.3791275e-20)
(0.0014812754 -0.0017396665 2.5982441e-23)
(0.0014793909 -0.0016029784 1.0720287e-20)
(0.0015003848 -0.0014983045 -1.2843013e-20)
(0.0015602353 -0.0014336575 -2.1859409e-20)
(0.0016747311 -0.0014129568 4.6767509e-21)
(0.00185757 -0.0014350585 -4.2232482e-20)
(0.0021156349 -0.0014914612 1.1282989e-20)
(0.0024424055 -0.001564366 8.8575179e-21)
(0.002817524 -0.0016304467 -6.0974515e-20)
(0.0032071334 -0.0016647331 7.9514406e-20)
(0.0035722716 -0.0016477948 2.4046418e-21)
(0.0038831752 -0.0015725137 1.7316812e-20)
(0.0040963068 -0.001433191 -2.0495878e-20)
(0.0041287114 -0.0012214116 6.5041447e-20)
(0.0038462868 -0.0009335259 -4.1080818e-21)
(0.0030825032 -0.00058781369 1.6549399e-20)
(0.001623075 -0.00023138137 -2.2696556e-21)
(-0.00073609438 3.9482383e-05 3.2531274e-21)
(-0.0042227532 8.5531336e-05 -2.0275624e-21)
(-0.0091842769 -0.00031122075 3.7847912e-21)
(-0.015581838 -0.001452039 -1.1672201e-22)
(-0.022880554 -0.0035237138 4.2807257e-20)
(-0.03063814 -0.0066213781 -1.6501062e-20)
(-0.038282873 -0.010717935 1.4895011e-20)
(-0.045326763 -0.015688378 -9.5724669e-20)
(-0.051336984 -0.021311093 -1.5447294e-20)
(-0.056044874 -0.027330133 1.3573248e-19)
(-0.059260864 -0.033458888 -1.1589392e-19)
(-0.060945512 -0.039432719 -2.2165999e-21)
(-0.061097019 -0.044976596 3.5449449e-20)
(-0.059855169 -0.049895072 -3.2454275e-20)
(-0.057307581 -0.053948152 -6.4194748e-21)
(-0.053653834 -0.056989787 -4.1626145e-21)
(-0.049132099 -0.058935428 -6.8161972e-21)
(-0.043909873 -0.059644328 -2.1610443e-21)
(-0.038240677 -0.05910133 5.663188e-22)
(-0.032339812 -0.057279584 4.7259986e-20)
(-0.026431189 -0.054205508 -7.3076581e-20)
(-0.020725493 -0.049934056 -7.8490595e-20)
(-0.015419131 -0.04455194 -3.1994035e-20)
(-0.010689727 -0.038174779 -7.3564151e-20)
(-0.0066920751 -0.030943504 1.645024e-20)
(-0.0035529109 -0.023020592 2.3979903e-20)
(-0.001374969 -0.014600696 -3.7328899e-20)
(-0.00021384699 -0.0058391271 -4.9940087e-21)
(1.8816327e-06 -0.00011816365 -1.1590379e-21)
(1.0614988e-05 0.0001752894 -6.8910519e-23)
(3.5322672e-05 0.00046489752 -3.9468882e-21)
(7.5943808e-05 0.00074587997 1.3199286e-20)
(0.00013159091 0.0010132607 -9.2899532e-21)
(0.00020093148 0.0012621597 -2.8300416e-20)
(0.00028209697 0.0014878923 5.3458208e-21)
(0.00037271251 0.0016861865 2.1115196e-20)
(0.00046995715 0.0018533467 -1.9844683e-20)
(0.00057064203 0.0019864839 4.4373688e-20)
(0.00067137696 0.002083647 8.0549478e-22)
(0.00076879731 0.0021440325 -2.743768e-20)
(0.00085962527 0.0021680034 -4.4660483e-20)
(0.0009410198 0.0021573955 3.6216926e-20)
(0.0010106504 0.0021151304 -3.8084313e-20)
(0.0010671968 0.0020457636 -6.1233112e-20)
(0.0011101995 0.0019545758 4.0093664e-20)
(0.0011407342 0.0018482932 -6.4279977e-20)
(0.0011612239 0.0017341625 -8.496376e-20)
(0.0011757171 0.0016198868 5.5105195e-20)
(0.0011903694 0.0015138192 7.0235609e-20)
(0.0012129528 0.0014237421 6.290306e-20)
(0.0012538202 0.0013576484 5.1679399e-20)
(0.0013251413 0.0013223105 1.2206609e-20)
(0.0014406866 0.0013228128 2.0773164e-20)
(0.0016136096 0.0013605002 -4.444335e-21)
(0.0018517417 0.0014298782 4.0139466e-20)
(0.0021568748 0.0015201297 -1.0726492e-20)
(0.002514802 0.0016106324 -8.4237384e-21)
(0.0028982667 0.0016772871 5.8012212e-20)
(0.003279509 0.0017024927 -7.568392e-20)
(0.0036306082 0.001674895 -2.2766077e-21)
(0.0039226813 0.0015887497 3.7545613e-20)
(0.0041009205 0.0014351722 1.9554242e-20)
(0.0040734658 0.0012056409 -6.2142515e-20)
(0.0036981802 0.000898528 3.9323451e-21)
(0.0027986297 0.00053546624 1.1579104e-20)
(0.0011539847 0.00016949195 2.1831162e-21)
(-0.0014330058 -9.4917212e-05 -3.1373498e-21)
(-0.005166004 -0.00010899109 1.9602851e-21)
(-0.010400667 0.0003495735 -3.6665186e-21)
(-0.01703511 0.0015852271 2.9846146e-20)
(-0.024488671 0.0037691937 -4.1489224e-20)
(-0.032306487 0.0069797066 1.5962892e-20)
(-0.03988559 0.011164699 -1.4362993e-20)
(-0.04678444 0.016191083 9.1902717e-20)
(-0.052580516 0.021824768 1.4742903e-20)
(-0.05702651 0.027806343 -1.2859786e-19)
(-0.059962541 0.033852613 1.0876072e-19)
(-0.061363463 0.039700733 2.0544069e-21)
(-0.061239668 0.045079205 -3.228259e-20)
(-0.059752795 0.049807316 2.8788309e-20)
(-0.05697446 0.053631916 -4.3777826e-20)
(-0.05312832 0.056429014 3.1714419e-21)
(-0.048467859 0.058135813 -4.2450248e-21)
(-0.043130949 0.058583048 5.4348029e-21)
(-0.037390243 0.05778329 -7.3750863e-22)
(-0.031456084 0.05570996 -5.4821222e-20)
(-0.025551177 0.052395384 8.0693135e-20)
(-0.019884532 0.047901019 8.4276492e-20)
(-0.014648959 0.042317271 3.3720112e-20)
(-0.01001883 0.035765341 7.6484409e-20)
(-0.0061442276 0.028388544 -1.6920358e-20)
(-0.0031471739 0.020354476 4.8477309e-20)
(-0.0011249952 0.011850143 3.7745693e-20)
(-0.00013219217 0.0030702934 5.0152334e-21)
)
;
    }
    frontAndBack
    {
        type            empty;
    }
}


// ************************************************************************* //
