/*--------------------------------*- C++ -*----------------------------------*\
  =========                 |
  \\      /  F ield         | OpenFOAM: The Open Source CFD Toolbox
   \\    /   O peration     | Website:  https://openfoam.org
    \\  /    A nd           | Version:  13
     \\/     M anipulation  |
\*---------------------------------------------------------------------------*/
FoamFile
{
    format      ascii;
    class       volVectorField;
    location    "40.403914";
    object      wallShearStress;
}
// * * * * * * * * * * * * * * * * * * * * * * * * * * * * * * * * * * * * * //

dimensions      [0 2 -2 0 0 0 0];

internalField   uniform (0 0 0);

boundaryField
{
    inlet
    {
        type            calculated;
        value           uniform (0 0 0);
    }
    outlet
    {
        type            calculated;
        value           uniform (0 0 0);
    }
    cylinder
    {
        type            calculated;
        value           nonuniform List<vector> 
132
(
(-6.7904224e-06 0.00077896911 -2.8749545e-22)
(-1.5840471e-05 0.00048173103 8.1530584e-23)
(-9.2576163e-06 0.00018670869 4.4814617e-21)
(1.3384935e-05 -0.00010109429 -1.4963433e-20)
(5.0841202e-05 -0.00037707079 1.050744e-20)
(0.00010268497 -0.00063648837 3.1933941e-20)
(0.00016693221 -0.00087501952 -6.0178039e-21)
(0.00024147051 -0.0010888297 -2.3712701e-20)
(0.00032385351 -0.0012746904 2.2233063e-20)
(0.00041136635 -0.0014301765 -4.9598482e-20)
(0.00050115482 -0.001553815 -8.9832583e-22)
(0.00059042072 -0.0016452068 3.0532457e-20)
(0.00067656816 -0.0017050756 4.9595735e-20)
(0.00075741501 -0.0017353517 -4.0142097e-20)
(0.00083144175 -0.0017390444 4.2137517e-20)
(0.00089793307 -0.0017202928 6.7642678e-20)
(0.0009571957 -0.0016841902 -4.4227985e-20)
(0.0010108128 -0.0016367375 7.0822646e-20)
(0.0010618652 -0.0015846677 9.3515048e-20)
(0.001115095 -0.0015351799 -6.0601141e-20)
(0.0011771836 -0.0014957964 -7.7190178e-20)
(0.0012569004 -0.0014740283 2.7185108e-23)
(0.0013650645 -0.0014768177 1.1193e-20)
(0.0015138527 -0.0015094405 -1.3403748e-20)
(0.0017152307 -0.0015739513 -2.2811897e-20)
(0.001977524 -0.0016667247 4.8816645e-21)
(0.0023037868 -0.0017787355 -4.4105521e-20)
(0.0026836847 -0.0018916131 1.1792298e-20)
(0.0030965558 -0.0019836798 9.2656015e-21)
(0.003515011 -0.0020348331 -6.3845745e-20)
(0.0039037598 -0.0020272964 8.3343884e-20)
(0.0042347092 -0.0019543908 2.5232569e-21)
(0.0044749282 -0.0018133505 1.8196548e-20)
(0.0045512507 -0.0015939344 -2.1575429e-20)
(0.0043518787 -0.0012895716 6.8607089e-20)
(0.0037194778 -0.00090585811 -4.3427017e-21)
(0.0024733891 -0.00047695994 1.7529627e-20)
(0.00038853833 -6.9487952e-05 -2.407709e-21)
(-0.0027197752 0.0001970834 3.4526538e-21)
(-0.0070174565 0.00015454346 -2.1505071e-21)
(-0.012877017 -0.00042827799 4.0048801e-21)
(-0.02018462 -0.0018749562 -1.2301585e-22)
(-0.02829135 -0.0043514437 4.4881282e-20)
(-0.036728645 -0.0079325125 -1.720247e-20)
(-0.044910159 -0.012569285 1.5443618e-20)
(-0.052391603 -0.018129982 -9.8756494e-20)
(-0.058707568 -0.024366872 -1.5863272e-20)
(-0.063596813 -0.031009549 1.3885888e-19)
(-0.066875123 -0.037755192 -1.1815918e-19)
(-0.068493233 -0.044313972 -2.2534549e-21)
(-0.06845751 -0.050393185 3.5942057e-20)
(-0.066910782 -0.055775055 -3.2820879e-20)
(-0.063942928 -0.060193269 -6.4721019e-21)
(-0.059786383 -0.063502705 -4.1809918e-21)
(-0.054691572 -0.065603375 -6.7604031e-21)
(-0.048829177 -0.066325695 -2.3016556e-21)
(-0.042488671 -0.065666065 5.7807966e-22)
(-0.035902348 -0.06358895 4.7956722e-20)
(-0.029317905 -0.06012514 -7.394605e-20)
(-0.02296741 -0.055334993 -7.9272345e-20)
(-0.017067464 -0.049313958 -3.2261692e-20)
(-0.011814397 -0.042190154 -7.4071914e-20)
(-0.0073792704 -0.034119216 1.6539819e-20)
(-0.0039020066 -0.02528109 2.4073503e-20)
(-0.0014973155 -0.015890631 -3.7411684e-20)
(-0.00022666238 -0.0061202212 -4.9953903e-21)
(1.8454712e-05 0.0010764204 -1.3271449e-21)
(5.9870082e-05 0.001374472 -7.9295158e-23)
(0.0001188427 0.0016713078 -4.5641628e-21)
(0.00019498363 0.0019616821 1.5337971e-20)
(0.00028770406 0.0022400163 -1.0846862e-20)
(0.00039576129 0.0025004253 -3.3197553e-20)
(0.00051719931 0.0027369798 6.2992601e-21)
(0.00064934456 0.0029439476 2.498949e-20)
(0.00078898047 0.0031160244 -2.3583532e-20)
(0.0009322475 0.0032486217 5.2941182e-20)
(0.0010748655 0.0033382139 9.6451363e-22)
(0.0012123121 0.0033825401 -3.2968031e-20)
(0.0013401318 0.0033810092 -5.3830266e-20)
(0.001454171 0.0033346835 4.3776979e-20)
(0.0015510799 0.0032467801 -4.6150869e-20)
(0.0016284649 0.0031221698 -7.4368647e-20)
(0.0016855014 0.0029678313 4.8788713e-20)
(0.0017231992 0.0027924056 -7.834995e-20)
(0.0017446721 0.002605823 -1.0370427e-19)
(0.0017557529 0.0024193973 6.7337214e-20)
(0.0017647992 0.0022446843 8.5906651e-20)
(0.0017833511 0.0020936261 7.6997704e-20)
(0.0018253703 0.0019769127 6.3300717e-20)
(0.001906869 0.0019032255 1.4960518e-20)
(0.0020438917 0.0018771805 2.5475248e-20)
(0.0022486029 0.0018965087 -5.454054e-21)
(0.0025273131 0.0019523014 4.9298847e-20)
(0.0028695074 0.0020233051 -1.3187675e-20)
(0.0032521512 0.0020838759 -1.0368661e-20)
(0.0036440499 0.0021099314 7.1503725e-20)
(0.0040065571 0.0020810608 -9.3429631e-20)
(0.0042966397 0.0019835176 -2.8153421e-21)
(0.0044565286 0.0018067658 4.6521424e-20)
(0.0043961644 0.0015409555 2.4278154e-20)
(0.0039911432 0.0011847538 -7.7301373e-20)
(0.0030694224 0.00075105955 4.8984187e-21)
(0.0014458438 0.0002863804 1.4429794e-20)
(-0.0011025789 -0.00012780509 2.7176724e-21)
(-0.0047718635 -0.00036141636 -3.8926183e-21)
(-0.0096210745 -0.00022344881 2.4190127e-21)
(-0.016037478 0.0005270441 -4.4870977e-21)
(-0.023822007 0.0022077338 3.6130728e-20)
(-0.03221156 0.0049494919 -4.9633005e-20)
(-0.040761033 0.0087987278 1.8875848e-20)
(-0.048870769 0.013673776 -1.6807409e-20)
(-0.056102958 0.01941045 1.0659891e-19)
(-0.062060937 0.025753851 1.698983e-20)
(-0.066521473 0.032430962 -1.4761102e-19)
(-0.069326915 0.039135032 1.2473691e-19)
(-0.070475761 0.045592517 2.363263e-21)
(-0.069970274 0.051502863 -3.7451347e-20)
(-0.068008612 0.05668648 3.3994396e-20)
(-0.064636973 0.060842751 -5.3610257e-20)
(-0.060131368 0.063865623 4.2601363e-21)
(-0.05476742 0.065690704 -9.2778285e-21)
(-0.048662519 0.066095407 2.5842347e-21)
(-0.042143711 0.065128765 -6.0336705e-22)
(-0.03542929 0.062746401 -4.946418e-20)
(-0.028767523 0.058990968 7.5788957e-20)
(-0.022386864 0.053929621 8.0876146e-20)
(-0.016499088 0.047663048 3.2789659e-20)
(-0.011295844 0.040326187 7.503205e-20)
(-0.006941861 0.032077716 -1.6702772e-20)
(-0.0035709475 0.023103723 4.8074884e-20)
(-0.0012903896 0.01361193 3.7565063e-20)
(-0.00015870881 0.003815826 5.005159e-21)
)
;
    }
    frontAndBack
    {
        type            empty;
    }
}


// ************************************************************************* //
