/*--------------------------------*- C++ -*----------------------------------*\
  =========                 |
  \\      /  F ield         | OpenFOAM: The Open Source CFD Toolbox
   \\    /   O peration     | Website:  https://openfoam.org
    \\  /    A nd           | Version:  13
     \\/     M anipulation  |
\*---------------------------------------------------------------------------*/
FoamFile
{
    format      ascii;
    class       volVectorField;
    location    "9.102142";
    object      wallShearStress;
}
// * * * * * * * * * * * * * * * * * * * * * * * * * * * * * * * * * * * * * //

dimensions      [0 2 -2 0 0 0 0];

internalField   uniform (0 0 0);

boundaryField
{
    inlet
    {
        type            calculated;
        value           uniform (0 0 0);
    }
    outlet
    {
        type            calculated;
        value           uniform (0 0 0);
    }
    cylinder
    {
        type            calculated;
        value           nonuniform List<vector> 
132
(
(0.00010466748 -0.0020475697 -8.7866387e-23)
(0.00043030867 -0.0086412896 2.5802755e-23)
(0.0011144567 -0.015086748 1.5396143e-21)
(0.0021350421 -0.021163124 -5.7253138e-21)
(0.0034453739 -0.026650686 4.5582266e-21)
(0.0049738814 -0.031337666 1.581287e-20)
(0.00662424 -0.035034931 -3.3950492e-21)
(0.0082848025 -0.037587081 -1.5113344e-20)
(0.0098309334 -0.038885812 1.5811379e-20)
(0.01113359 -0.038880356 -3.8770384e-20)
(0.01207064 -0.037587 -7.588853e-22)
(0.012539977 -0.035097627 2.7449368e-20)
(0.012472731 -0.031580762 4.6637438e-20)
(0.011849446 -0.027285392 -3.8861602e-20)
(0.010705779 -0.022516226 4.1395624e-20)
(0.009141408 -0.017620639 6.6590829e-20)
(0.0073046237 -0.012940651 -4.3201256e-20)
(0.0053715725 -0.0087670168 6.8157382e-20)
(0.0035232879 -0.0053095565 8.8316186e-20)
(0.0019035956 -0.0026580107 -5.6093251e-20)
(0.00060385367 -0.0007950856 -7.0092536e-20)
(-0.00034907042 0.00039308041 2.4244687e-23)
(-0.0010038587 0.0010776363 9.8483709e-21)
(-0.0014379428 0.001430622 -1.1650567e-20)
(-0.0017114877 0.001571734 -1.9615265e-20)
(-0.0017324771 0.0014662668 4.1508105e-21)
(-0.0013490244 0.001053919 -3.7069898e-20)
(-0.0002147664 0.00016835442 9.7995982e-21)
(0.0013861256 -0.00087285058 7.6622102e-21)
(0.0028380344 -0.0016337853 -5.278548e-20)
(0.0037635528 -0.0019516115 6.9128059e-20)
(0.0041271805 -0.001905138 2.09709e-21)
(0.0042628599 -0.0017276861 1.511886e-20)
(0.0043995211 -0.0015393155 -1.7886427e-20)
(0.0045354761 -0.0013404831 5.6734442e-20)
(0.0044700028 -0.0010825316 -3.5838714e-21)
(0.0039899 -0.00075650442 1.4452439e-20)
(0.0028692433 -0.00039707119 -1.9864345e-21)
(0.0008776531 -8.7605103e-05 2.8581478e-21)
(-0.0022475753 3.6229841e-05 -1.7916399e-21)
(-0.0068990509 -0.00023445732 3.3717184e-21)
(-0.013119898 -0.0012276617 -1.0513425e-22)
(-0.020447713 -0.0031537973 3.9019278e-20)
(-0.028413699 -0.0061451082 -1.5222861e-20)
(-0.036405685 -0.010196587 1.3899933e-20)
(-0.043910267 -0.015201366 -9.0263119e-20)
(-0.050408446 -0.020929426 -1.4691595e-20)
(-0.055582987 -0.027108422 1.3000407e-19)
(-0.059218976 -0.033438261 -1.1155497e-19)
(-0.061245616 -0.039629462 -2.1400983e-21)
(-0.061662622 -0.045395109 3.4240359e-20)
(-0.060603146 -0.050520346 -3.1251437e-20)
(-0.058166592 -0.054758265 -6.1229265e-21)
(-0.054560234 -0.057953708 -3.8685085e-21)
(-0.050030855 -0.060014429 -5.6544995e-21)
(-0.044759142 -0.060798628 -3.2765147e-21)
(-0.039008598 -0.060288673 6.3248122e-22)
(-0.033005091 -0.058458251 5.0657081e-20)
(-0.026981978 -0.05533524 -7.7123331e-20)
(-0.021158464 -0.050977196 -8.2184219e-20)
(-0.015738433 -0.045474282 -3.3343207e-20)
(-0.010905957 -0.038946402 -7.6433755e-20)
(-0.0068211592 -0.031539241 1.7055942e-20)
(-0.0036150049 -0.023420725 2.4824365e-20)
(-0.0013934228 -0.014790777 -3.8597728e-20)
(-0.0002140448 -0.0058113923 -5.1588722e-21)
(0.0001381852 0.0045456088 -4.0724731e-22)
(0.00052806995 0.011055175 -2.5498116e-23)
(0.0012672137 0.017330618 -1.5897571e-21)
(0.0023264764 0.023153877 5.9432704e-21)
(0.00365269 0.028313086 -4.7401137e-21)
(0.0051686858 0.032606544 -1.6418712e-20)
(0.0067738521 0.035860398 3.5116951e-21)
(0.0083562387 0.037938408 1.5550356e-20)
(0.0097917816 0.038753495 -1.6170086e-20)
(0.01095601 0.038279399 3.9396637e-20)
(0.011735165 0.036558983 7.66275e-22)
(0.012038692 0.033709116 -2.7540859e-20)
(0.011814201 0.029926053 -4.6519512e-20)
(0.011058075 0.025474129 3.8561188e-20)
(0.0098257293 0.020674596 -4.0890834e-20)
(0.0082288171 0.015868311 -6.5550383e-20)
(0.006419918 0.011379044 4.242153e-20)
(0.0045752895 0.0074722419 -6.6839256e-20)
(0.0028589031 0.0043132386 -8.6578797e-20)
(0.0013936146 0.0019514786 5.5014945e-20)
(0.00025067223 0.00034239753 6.8805188e-20)
(-0.00057440539 -0.00066008183 6.0620837e-20)
(-0.001129279 -0.0012150611 4.912428e-20)
(-0.0015047047 -0.001498281 1.1472328e-20)
(-0.0017165656 -0.0015776189 1.9318179e-20)
(-0.0016369756 -0.0013879613 -4.0875268e-21)
(-0.0010107285 -0.00079483444 3.6509209e-20)
(0.00028563492 0.00018448829 -9.6768382e-21)
(0.0018520202 0.0011729408 -7.5791176e-21)
(0.0031602413 0.0018225816 5.2327572e-20)
(0.0038777452 0.0020125115 -6.8557296e-20)
(0.0041443022 0.0019135572 -2.0680434e-21)
(0.0042672512 0.0017294242 3.4125531e-20)
(0.004417895 0.0015458124 1.7764314e-20)
(0.0045166328 0.0013353889 -5.6431567e-20)
(0.0043550722 0.0010556267 3.5716705e-21)
(0.0037214704 0.00070721048 1.0527008e-20)
(0.0023886154 0.00033384588 1.9888202e-21)
(0.00012897696 2.8568257e-05 -2.8682441e-21)
(-0.0033163456 -6.1263471e-05 1.8015411e-21)
(-0.008317735 0.00028268577 -3.3945386e-21)
(-0.014862297 0.0013875746 2.7904058e-20)
(-0.022412445 0.0034538858 -3.919892e-20)
(-0.030484239 0.006590082 1.5244978e-20)
(-0.038467324 0.010771207 -1.3858607e-20)
(-0.045826513 0.015862441 8.9489251e-20)
(-0.052095965 0.021627188 1.4474239e-20)
(-0.05698981 0.02779154 -1.2711441e-19)
(-0.060308866 0.034050806 1.0812587e-19)
(-0.062020739 0.040128238 2.0517332e-21)
(-0.062126218 0.045733709 -3.2354289e-20)
(-0.060789873 0.050673356 2.8916626e-20)
(-0.058092117 0.05468536 -4.400654e-20)
(-0.054267111 0.057639668 3.176549e-21)
(-0.049573722 0.059463198 -4.0828799e-21)
(-0.044164864 0.059988182 5.6980146e-21)
(-0.038322156 0.059224183 -7.6176018e-22)
(-0.032266091 0.057145158 -5.6464325e-20)
(-0.026228496 0.053784917 8.3053103e-20)
(-0.020426538 0.049207339 8.6738719e-20)
(-0.015060249 0.043506138 3.4713996e-20)
(-0.01031024 0.036806608 7.8769131e-20)
(-0.0063317885 0.029256661 -1.7433927e-20)
(-0.0032511042 0.021029134 4.9975108e-20)
(-0.0011686237 0.012316885 3.893497e-20)
(-0.00014054085 0.0033190071 5.1767165e-21)
)
;
    }
    frontAndBack
    {
        type            empty;
    }
}


// ************************************************************************* //
