/*--------------------------------*- C++ -*----------------------------------*\
  =========                 |
  \\      /  F ield         | OpenFOAM: The Open Source CFD Toolbox
   \\    /   O peration     | Website:  https://openfoam.org
    \\  /    A nd           | Version:  13
     \\/     M anipulation  |
\*---------------------------------------------------------------------------*/
FoamFile
{
    format      ascii;
    class       volVectorField;
    location    "39.300378";
    object      wallShearStress;
}
// * * * * * * * * * * * * * * * * * * * * * * * * * * * * * * * * * * * * * //

dimensions      [0 2 -2 0 0 0 0];

internalField   uniform (0 0 0);

boundaryField
{
    inlet
    {
        type            calculated;
        value           uniform (0 0 0);
    }
    outlet
    {
        type            calculated;
        value           uniform (0 0 0);
    }
    cylinder
    {
        type            calculated;
        value           nonuniform List<vector> 
132
(
(1.6718611e-05 -0.00098632205 -2.7277268e-22)
(5.3787793e-05 -0.0012404021 7.756286e-23)
(0.00010530983 -0.0014852908 4.2741003e-21)
(0.00017025858 -0.0017165975 -1.4308255e-20)
(0.00024747532 -0.0019300506 1.0073149e-20)
(0.00033532267 -0.0021214957 3.0691415e-20)
(0.00043170483 -0.0022870878 -5.7978162e-21)
(0.0005341123 -0.0024234577 -2.2899308e-20)
(0.00063964669 -0.0025278354 2.1517882e-20)
(0.00074523088 -0.0025983099 -4.8101583e-20)
(0.00084765191 -0.0026337531 -8.7283462e-22)
(0.0009437872 -0.0026343318 2.971646e-20)
(0.0010306274 -0.0026010141 4.8341496e-20)
(0.0011057745 -0.0025364433 -3.9176056e-20)
(0.001167219 -0.002443828 4.116627e-20)
(0.0012140693 -0.0023281051 6.6137767e-20)
(0.0012463488 -0.0021948976 -4.3270689e-20)
(0.001265321 -0.002050656 6.9318359e-20)
(0.0012739396 -0.0019028985 9.1550674e-20)
(0.0012762645 -0.0017587712 -5.9332342e-20)
(0.001278569 -0.0016263013 -7.5568869e-20)
(0.0012885156 -0.0015127364 2.6595133e-23)
(0.0013164735 -0.0014257804 1.0952217e-20)
(0.0013743819 -0.0013717231 -1.3109675e-20)
(0.0014766776 -0.0013561043 -2.2298873e-20)
(0.0016371818 -0.0013805638 4.7685948e-21)
(0.0018661055 -0.0014410806 -4.3049025e-20)
(0.0021665566 -0.0015269698 1.1499074e-20)
(0.0025291141 -0.0016196998 9.0261107e-21)
(0.0029295009 -0.0016951988 -6.2129522e-20)
(0.0033336561 -0.0017304434 8.1010357e-20)
(0.0037071738 -0.0017100744 2.4494804e-21)
(0.0040240908 -0.0016296136 1.7636548e-20)
(0.0042421696 -0.0014842363 -2.0871064e-20)
(0.0042753514 -0.0012647861 6.6225949e-20)
(0.0039848701 -0.00096713135 -4.1828655e-21)
(0.0031995539 -0.00061005659 1.685239e-20)
(0.0016998203 -0.00024206752 -2.3117337e-21)
(-0.00072185968 3.7555928e-05 3.3146655e-21)
(-0.0042961924 8.6833061e-05 -2.0668714e-21)
(-0.0093759516 -0.00031777329 3.8604125e-21)
(-0.015910211 -0.0014826197 -1.1912749e-22)
(-0.023351338 -0.0035961472 4.3715949e-20)
(-0.031244722 -0.0067523279 -1.6860191e-20)
(-0.039000075 -0.01091853 1.5226459e-20)
(-0.046132269 -0.015966954 -9.7906469e-20)
(-0.052203403 -0.021670482 -1.5808428e-20)
(-0.056944531 -0.027768564 1.390149e-19)
(-0.060170906 -0.033972417 -1.1882438e-19)
(-0.061843529 -0.040013482 -2.2762544e-21)
(-0.061967093 -0.045616854 3.6492939e-20)
(-0.060680891 -0.05058316 -3.354056e-20)
(-0.058079342 -0.054674501 -6.6827361e-21)
(-0.054364607 -0.057744613 -4.4017449e-21)
(-0.049774302 -0.059705672 -7.6331636e-21)
(-0.04448074 -0.060419718 -1.5124541e-21)
(-0.038738218 -0.059870308 5.3540646e-22)
(-0.032764275 -0.05803149 4.6008549e-20)
(-0.026784341 -0.054929972 -7.1909153e-20)
(-0.021010567 -0.050621251 -7.7655758e-20)
(-0.015640706 -0.045192747 -3.1752852e-20)
(-0.010853518 -0.038760674 -7.3149719e-20)
(-0.0068049506 -0.031467122 1.6376796e-20)
(-0.0036225591 -0.023475017 2.3888864e-20)
(-0.0014100716 -0.014981716 -3.7197167e-20)
(-0.00022309522 -0.006137651 -4.975998e-21)
(-6.4721179e-06 -0.00072499366 -1.255983e-21)
(-1.5280149e-05 -0.00045563202 -7.4853566e-23)
(-8.8795193e-06 -0.00017959501 -4.2975888e-21)
(1.3099173e-05 9.8971887e-05 1.4406393e-20)
(5.0761932e-05 0.00037537821 -1.0163721e-20)
(0.00010430461 0.00064494889 -3.1035301e-20)
(0.00017249507 0.00090241571 5.8762214e-21)
(0.00025384222 0.0011427372 2.3264565e-20)
(0.00034626032 0.001360992 -2.1915765e-20)
(0.0004470588 0.0015527276 4.9118483e-20)
(0.00055322956 0.0017140604 8.9364621e-22)
(0.0006613592 0.0018419808 -3.0510702e-20)
(0.0007678681 0.0019345475 -4.977336e-20)
(0.00086923741 0.001991104 4.0451253e-20)
(0.00096225707 0.0020123999 -4.2626591e-20)
(0.0010443343 0.0020007266 -6.8674892e-20)
(0.0011137657 0.0019598545 4.5051866e-20)
(0.0011701309 0.0018951267 -7.2358175e-20)
(0.001214357 0.0018128977 -9.5796569e-20)
(0.0012493253 0.0017208708 6.2222833e-20)
(0.0012801158 0.0016276883 7.9410018e-20)
(0.0013138085 0.0015420262 7.1199648e-20)
(0.0013603892 0.0014730983 5.8550549e-20)
(0.0014315003 0.0014286404 1.3840264e-20)
(0.0015408371 0.0014150814 2.3567438e-20)
(0.0017009887 0.0014345604 -5.0444288e-21)
(0.0019204737 0.0014833704 4.5572318e-20)
(0.0022001863 0.0015510443 -1.2180105e-20)
(0.0025320135 0.0016219315 -9.5650517e-21)
(0.0028961193 0.001676215 6.58633e-20)
(0.0032612275 0.0016931238 -8.5907987e-20)
(0.0035968029 0.001659415 -2.5833199e-21)
(0.0038696515 0.0015674471 4.258446e-20)
(0.0040153267 0.0014055373 2.2163969e-20)
(0.0039324828 0.001164482 -7.0368236e-20)
(0.0034708854 0.00084430578 4.4466271e-21)
(0.0024517941 0.00047112432 1.3067697e-20)
(0.00064816765 0.00010247158 2.4572176e-21)
(-0.0021337258 -0.00015218502 -3.5189489e-21)
(-0.0060718196 -0.00013173792 2.1894405e-21)
(-0.011534786 0.00038525495 -4.0738117e-21)
(-0.018383653 0.0017088685 3.2964723e-20)
(-0.025994399 0.0039991682 -4.5547063e-20)
(-0.033895022 0.0073211927 1.7423699e-20)
(-0.041492719 0.011613264 -1.5599914e-20)
(-0.048374171 0.016740102 9.941402e-20)
(-0.054101678 0.022454573 1.5898106e-20)
(-0.058447384 0.028497727 -1.3843832e-19)
(-0.061266512 0.034587459 1.1704726e-19)
(-0.06253775 0.040459271 2.2147798e-21)
(-0.062281021 0.045844671 -3.4963072e-20)
(-0.060663842 0.050565745 3.1478415e-20)
(-0.057755852 0.054366537 -4.8842742e-20)
(-0.053786776 0.057127561 3.727546e-21)
(-0.049015831 0.058792317 -6.8063969e-21)
(-0.043573597 0.059183527 3.992747e-21)
(-0.03773867 0.05832102 -6.6984255e-22)
(-0.031720476 0.056177457 -5.2120813e-20)
(-0.025742387 0.052786677 7.8208553e-20)
(-0.020013749 0.048211391 8.2529378e-20)
(-0.014727445 0.042542884 3.3228005e-20)
(-0.010057985 0.035903619 7.5673854e-20)
(-0.006155399 0.028437853 -1.6786712e-20)
(-0.0031416285 0.020314441 4.8183993e-20)
(-0.0011137423 0.011720786 3.756436e-20)
(-0.00012636346 0.0028571715 4.9951133e-21)
)
;
    }
    frontAndBack
    {
        type            empty;
    }
}


// ************************************************************************* //
