/*--------------------------------*- C++ -*----------------------------------*\
  =========                 |
  \\      /  F ield         | OpenFOAM: The Open Source CFD Toolbox
   \\    /   O peration     | Website:  https://openfoam.org
    \\  /    A nd           | Version:  13
     \\/     M anipulation  |
\*---------------------------------------------------------------------------*/
FoamFile
{
    format      ascii;
    class       volVectorField;
    location    "31.402663";
    object      wallShearStress;
}
// * * * * * * * * * * * * * * * * * * * * * * * * * * * * * * * * * * * * * //

dimensions      [0 2 -2 0 0 0 0];

internalField   uniform (0 0 0);

boundaryField
{
    inlet
    {
        type            calculated;
        value           uniform (0 0 0);
    }
    outlet
    {
        type            calculated;
        value           uniform (0 0 0);
    }
    cylinder
    {
        type            calculated;
        value           nonuniform List<vector> 
132
(
(4.3281996e-06 -4.7055901e-05 -2.5782197e-22)
(1.89267e-05 -0.0003701196 7.3529311e-23)
(5.1940515e-05 -0.00069788863 4.0641507e-21)
(0.00010385671 -0.0010251355 -1.3648521e-20)
(0.00017457773 -0.0013460471 9.6401581e-21)
(0.00026334738 -0.0016544711 2.9471407e-20)
(0.00036869181 -0.001944069 -5.5867225e-21)
(0.0004883939 -0.0022085374 -2.2144233e-20)
(0.00061943621 -0.0024418822 2.0884153e-20)
(0.00075823768 -0.0026386462 -4.6857279e-20)
(0.00090063434 -0.0027942135 -8.5336836e-22)
(0.001042044 -0.0029051262 2.9163327e-20)
(0.0011777157 -0.0029693495 4.7615732e-20)
(0.0013030474 -0.0029865857 -3.8726512e-20)
(0.0014138628 -0.0029583082 4.083508e-20)
(0.0015069473 -0.0028882025 6.5822603e-20)
(0.001580172 -0.0027816083 -4.3198612e-20)
(0.0016332382 -0.002646071 6.9401951e-20)
(0.0016677482 -0.0024905735 9.1902191e-20)
(0.0016876251 -0.0023253469 -5.9699996e-20)
(0.0016997302 -0.0021619296 -7.6194839e-20)
(0.0017135918 -0.0020119015 2.6840511e-23)
(0.0017419448 -0.0018868655 1.1079752e-20)
(0.0017999863 -0.0017969303 -1.3279755e-20)
(0.0019044504 -0.0017494982 -2.2614067e-20)
(0.0020701868 -0.0017463393 4.8409968e-21)
(0.0023076123 -0.001782745 -4.3746223e-20)
(0.0026149538 -0.0018437676 1.1697493e-20)
(0.0029785093 -0.0019082862 9.1923249e-21)
(0.0033707397 -0.0019513132 -6.3356336e-20)
(0.0037495861 -0.001947145 8.2736127e-20)
(0.0040767977 -0.0018814444 2.5060332e-21)
(0.0043121552 -0.0017473764 1.8080994e-20)
(0.0043839855 -0.0015353812 -2.1447199e-20)
(0.0041867607 -0.0012406963 6.8219357e-20)
(0.003570546 -0.00086967536 -4.3187515e-21)
(0.0023613549 -0.00045554253 1.7432211e-20)
(0.00034100272 -6.2586014e-05 -2.3936969e-21)
(-0.0026734486 0.00019397685 3.4309698e-21)
(-0.0068415924 0.00015072043 -2.1355803e-21)
(-0.012532698 -0.00041687143 3.973887e-21)
(-0.019646931 -0.001825156 -1.219572e-22)
(-0.027558257 -0.0042389386 4.4461855e-20)
(-0.035818759 -0.0077363394 -1.703211e-20)
(-0.043852136 -0.012273532 1.5284356e-20)
(-0.051213922 -0.017722846 -9.7718453e-20)
(-0.057453955 -0.023847086 -1.5696811e-20)
(-0.062306985 -0.030381183 1.3742092e-19)
(-0.065583858 -0.037026749 -1.1697465e-19)
(-0.067232248 -0.043498682 -2.2318251e-21)
(-0.067253829 -0.049507652 3.5621249e-20)
(-0.06578098 -0.054833763 -3.2552491e-20)
(-0.062907743 -0.059219293 -6.429248e-21)
(-0.058856219 -0.062515126 -4.1620745e-21)
(-0.053867654 -0.064615457 -6.785423e-21)
(-0.048119621 -0.065362258 -2.2013033e-21)
(-0.041891669 -0.064743738 5.6883121e-22)
(-0.035415235 -0.062726523 4.7374127e-20)
(-0.028934758 -0.059339719 -7.3187402e-20)
(-0.02267991 -0.054642701 -7.856669e-20)
(-0.016865089 -0.048729701 -3.2012997e-20)
(-0.011684597 -0.041727332 -7.3587634e-20)
(-0.0073077199 -0.033789606 1.6452102e-20)
(-0.0038729221 -0.025094731 2.3978856e-20)
(-0.0014934228 -0.015855791 -3.7323316e-20)
(-0.00022965547 -0.0062447603 -4.9929009e-21)
(7.284048e-06 0.00026952115 -1.1837264e-21)
(2.7320192e-05 0.00058026628 -7.0346413e-23)
(6.4321263e-05 0.00088299102 -4.0272111e-21)
(0.00011770665 0.0011725243 1.3461221e-20)
(0.00018628767 0.0014436907 -9.4693707e-21)
(0.00026834293 0.0016914989 -2.8831177e-20)
(0.00036161142 0.0019113431 5.4429425e-21)
(0.00046334277 0.0020991617 2.1485858e-20)
(0.00057039494 0.0022516738 -2.0180345e-20)
(0.00067931528 0.0023665123 4.509491e-20)
(0.00078657805 0.0024424935 8.1804825e-22)
(0.00088874801 0.0024795585 -2.7846069e-20)
(0.00098270546 0.0024791771 -4.5294227e-20)
(0.0010657649 0.0024439496 3.6706072e-20)
(0.0011361741 0.0023782209 -3.8573013e-20)
(0.0011930185 0.0022871985 -6.1979852e-20)
(0.0012368931 0.0021777243 4.055801e-20)
(0.0012697135 0.0020572448 -6.4989272e-20)
(0.0012951831 0.0019340533 -8.5858137e-20)
(0.0013190505 0.0018170822 5.5662051e-20)
(0.0013491629 0.001715347 7.0920541e-20)
(0.0013957229 0.0016377501 6.3500982e-20)
(0.0014713791 0.0015926203 5.2163458e-20)
(0.0015901936 0.0015861842 1.2321106e-20)
(0.0017661335 0.0016211015 2.0971816e-20)
(0.002010602 0.0016948723 -4.4886199e-21)
(0.0023255056 0.0017956506 4.0565425e-20)
(0.0026993479 0.0019027297 -1.0850252e-20)
(0.0031076495 0.0019908689 -8.5306754e-21)
(0.0035162309 0.0020356415 5.8829559e-20)
(0.0038932339 0.0020219443 -7.6871874e-20)
(0.0042069779 0.001941785 -2.3166991e-21)
(0.0044148961 0.0017893337 3.829183e-20)
(0.0044433329 0.0015565884 1.9993928e-20)
(0.0041792072 0.0012390875 -6.3719945e-20)
(0.0034611574 0.00084409441 4.0438302e-21)
(0.0021098172 0.00040930505 1.1938801e-20)
(-9.6131762e-05 5.374821e-06 2.2554719e-21)
(-0.0033408287 -0.00024788228 -3.2439934e-21)
(-0.007753496 -0.0001744573 2.0262673e-21)
(-0.013701438 0.00045368708 -3.7822907e-21)
(-0.021046598 0.0019534181 3.0678434e-20)
(-0.029104842 0.0044749868 -4.2454383e-20)
(-0.037422832 0.0080809388 1.6257731e-20)
(-0.045428336 0.012713036 -1.456486e-20)
(-0.052667929 0.018224294 9.2819322e-20)
(-0.058718417 0.024369638 1.4841317e-20)
(-0.063338813 0.030881991 -1.290956e-19)
(-0.066350124 0.03745706 1.0893932e-19)
(-0.067733008 0.043820354 2.0539611e-21)
(-0.067480428 0.04967212 -3.2219658e-20)
(-0.065773326 0.054825054 2.8687747e-20)
(-0.062663027 0.058986213 -4.350998e-20)
(-0.058408551 0.062037081 3.1411089e-21)
(-0.053280088 0.063907818 -4.0841179e-21)
(-0.047405106 0.064388452 5.5257321e-21)
(-0.041097734 0.063513024 -7.4177733e-22)
(-0.034578523 0.061240176 -5.4979476e-20)
(-0.028093259 0.057608598 8.0821787e-20)
(-0.021869635 0.052683641 8.4350047e-20)
(-0.016118703 0.04656385 3.373446e-20)
(-0.011031554 0.039381818 7.6495051e-20)
(-0.0067727096 0.031294327 -1.6919512e-20)
(-0.0034757983 0.022484944 4.8469077e-20)
(-0.0012483809 0.013159225 3.773707e-20)
(-0.00014953784 0.0035280184 5.0139828e-21)
)
;
    }
    frontAndBack
    {
        type            empty;
    }
}


// ************************************************************************* //
