/*--------------------------------*- C++ -*----------------------------------*\
  =========                 |
  \\      /  F ield         | OpenFOAM: The Open Source CFD Toolbox
   \\    /   O peration     | Website:  https://openfoam.org
    \\  /    A nd           | Version:  13
     \\/     M anipulation  |
\*---------------------------------------------------------------------------*/
FoamFile
{
    format      ascii;
    class       volVectorField;
    location    "22.800879";
    object      wallShearStress;
}
// * * * * * * * * * * * * * * * * * * * * * * * * * * * * * * * * * * * * * //

dimensions      [0 2 -2 0 0 0 0];

internalField   uniform (0 0 0);

boundaryField
{
    inlet
    {
        type            calculated;
        value           uniform (0 0 0);
    }
    outlet
    {
        type            calculated;
        value           uniform (0 0 0);
    }
    cylinder
    {
        type            calculated;
        value           nonuniform List<vector> 
132
(
(-7.1939572e-06 0.0011502089 -2.2669378e-22)
(-1.1617129e-05 0.00048489434 6.4347711e-23)
(2.0220923e-05 -0.00017513157 3.5434964e-21)
(8.6614627e-05 -0.00081550344 -1.1856221e-20)
(0.00018691625 -0.0014207452 8.3459157e-21)
(0.00031614589 -0.0019753961 2.5437044e-20)
(0.00046845681 -0.002464935 -4.8087764e-21)
(0.00063639399 -0.0028761674 -1.901392e-20)
(0.00081118145 -0.0031981393 1.7892081e-20)
(0.0009829593 -0.0034228554 -4.0062393e-20)
(0.0011418336 -0.0035460297 -7.2824751e-22)
(0.0012780293 -0.0035674412 2.4841075e-20)
(0.0013829234 -0.0034917446 4.0485617e-20)
(0.0014496436 -0.0033279344 -3.2868162e-20)
(0.0014742447 -0.0030901144 3.4594594e-20)
(0.001455834 -0.00279563 5.5661315e-20)
(0.0013973017 -0.0024648324 -3.6462586e-20)
(0.0013054958 -0.0021198058 5.8474409e-20)
(0.0011907526 -0.0017824064 7.7296228e-20)
(0.0010662224 -0.0014726006 -5.0129603e-20)
(0.00094886524 -0.0012094849 -6.3882458e-20)
(0.00085747908 -0.0010083351 2.2474137e-23)
(0.00081733234 -0.00088577113 9.2651991e-21)
(0.00085362271 -0.00085132533 -1.1093372e-20)
(0.00099769256 -0.0009144525 -1.8874334e-20)
(0.0012641384 -0.0010634988 4.0383402e-21)
(0.0016544181 -0.0012750211 -3.6485273e-20)
(0.002132275 -0.0015008619 9.7585212e-21)
(0.0026319325 -0.0016846142 7.6727674e-21)
(0.003094332 -0.0017906359 -5.2916669e-20)
(0.0034726756 -0.0018032713 6.9129999e-20)
(0.0037695787 -0.0017396821 2.0940558e-21)
(0.0039960094 -0.0016190157 1.5105351e-20)
(0.0041209073 -0.0014425831 -1.7912838e-20)
(0.0040508895 -0.0011992909 5.6968089e-20)
(0.003643353 -0.00088549116 -3.6067122e-21)
(0.0027301062 -0.00052259906 1.456401e-20)
(0.0011076456 -0.00016300429 -2.0016769e-21)
(-0.0014113682 9.3699233e-05 2.8738828e-21)
(-0.0050316535 0.00010626037 -1.79322e-21)
(-0.01009708 -0.00033944136 3.3490445e-21)
(-0.016594631 -0.0015446519 -1.0329733e-22)
(-0.024000488 -0.0036948334 3.7864449e-20)
(-0.031904136 -0.0068940848 -1.4588452e-20)
(-0.039753007 -0.011129175 1.3160526e-20)
(-0.047064252 -0.016289658 -8.4504551e-20)
(-0.053386865 -0.022162519 -1.3615955e-20)
(-0.05842034 -0.028489366 1.1932257e-19)
(-0.061942405 -0.034973988 -1.0141714e-19)
(-0.063880511 -0.041332957 -1.9249945e-21)
(-0.064212044 -0.047271032 3.0393738e-20)
(-0.063056318 -0.052564786 -2.7212157e-20)
(-0.060497869 -0.056952677 -5.1562308e-21)
(-0.056748964 -0.060278537 -3.0154426e-21)
(-0.052045599 -0.062431257 -2.8864536e-21)
(-0.046566608 -0.063253879 -5.2984854e-21)
(-0.040586421 -0.062727299 7.1704063e-22)
(-0.03433683 -0.060816984 5.341146e-20)
(-0.028061448 -0.057548846 -7.88503e-20)
(-0.021990026 -0.052980194 -8.2615662e-20)
(-0.016337187 -0.047203325 -3.3166209e-20)
(-0.011297642 -0.040343283 -7.5488203e-20)
(-0.007041029 -0.032552227 1.6759884e-20)
(-0.0037063772 -0.024007669 2.4302254e-20)
(-0.0014072383 -0.014918309 -3.767987e-20)
(-0.00020581381 -0.0054641005 -5.0253087e-21)
(3.3076025e-05 0.0018116657 -1.0457394e-21)
(0.00010873758 0.0024672197 -6.2465719e-23)
(0.00022189286 0.0031085644 -3.5955889e-21)
(0.00037025574 0.0037201785 1.2088508e-20)
(0.0005506938 0.0042864818 -8.5556737e-21)
(0.00075826492 0.0047918809 -2.6213731e-20)
(0.0009862472 0.0052215726 4.980619e-21)
(0.0012260778 0.0055622441 1.9787402e-20)
(0.0014681386 0.0058027842 -1.8702758e-20)
(0.0017016615 0.0059349829 4.2047845e-20)
(0.0019154416 0.0059544831 7.6710855e-22)
(0.0020984876 0.005861175 -2.6251928e-20)
(0.0022409094 0.0056598801 -4.2903487e-20)
(0.0023348605 0.0053607063 3.4911896e-20)
(0.002374745 0.0049773615 -3.6814321e-20)
(0.0023593538 0.0045298049 -5.931688e-20)
(0.0022912048 0.0040404691 3.889655e-20)
(0.0021770981 0.0035337134 -6.2417185e-20)
(0.0020285194 0.0030350985 -8.2533665e-20)
(0.001860099 0.0025679456 5.3528042e-20)
(0.00169058 0.0021543526 6.8201624e-20)
(0.0015409968 0.0018123029 6.1046592e-20)
(0.0014365451 0.0015580149 5.0118356e-20)
(0.0014046548 0.0014030429 1.1829035e-20)
(0.0014745329 0.0013541469 2.0116848e-20)
(0.0016683039 0.0014059865 -4.3020507e-21)
(0.0019883997 0.0015343423 3.8853363e-20)
(0.0024126514 0.0016994172 -1.0388503e-20)
(0.0028898808 0.001850347 -8.1677262e-21)
(0.003351403 0.0019396673 5.6346815e-20)
(0.0037431717 0.0019438566 -7.36644e-20)
(0.004048783 0.0018687188 -2.2207768e-21)
(0.0042590819 0.0017260236 3.6711983e-20)
(0.0043171926 0.0015120662 1.9169847e-20)
(0.0041165127 0.0012199287 -6.1089318e-20)
(0.0035036891 0.00085346532 3.8763142e-21)
(0.0023034158 0.0004445432 1.1442063e-20)
(0.0002993977 5.6829122e-05 2.1612648e-21)
(-0.0026897081 -0.00019549602 -3.1086317e-21)
(-0.0068199296 -0.00015046357 1.9420326e-21)
(-0.012455939 0.00041414579 -3.6272938e-21)
(-0.019496722 0.0018110473 2.9456087e-20)
(-0.027317722 0.0042017669 -4.083019e-20)
(-0.035475305 0.0076619612 1.5666108e-20)
(-0.043394095 0.01214515 -1.4064657e-20)
(-0.050632816 0.01752152 8.983742e-20)
(-0.056748935 0.023554046 1.4394856e-20)
(-0.06148177 0.029978306 -1.2546975e-19)
(-0.064644578 0.03649587 1.0606554e-19)
(-0.066194977 0.042826874 2.0027646e-21)
(-0.066126338 0.048676841 -3.1451796e-20)
(-0.064595477 0.053844614 2.8012116e-20)
(-0.061668825 0.058051721 -4.2470194e-20)
(-0.057586664 0.061165325 3.0502451e-21)
(-0.05260856 0.063103534 -3.8012506e-21)
(-0.046880991 0.063677795 5.6066492e-21)
(-0.040702341 0.062903229 -7.4165017e-22)
(-0.034297175 0.060743261 -5.4813402e-20)
(-0.027909493 0.057233321 8.0526814e-20)
(-0.021766666 0.052437488 8.4056398e-20)
(-0.016079606 0.046453396 3.3636867e-20)
(-0.011039087 0.039412297 7.6339958e-20)
(-0.0068094849 0.031470067 -1.6903936e-20)
(-0.0035243427 0.02280929 4.8489988e-20)
(-0.0012909077 0.013636161 3.7814976e-20)
(-0.00016716857 0.0041531572 5.034216e-21)
)
;
    }
    frontAndBack
    {
        type            empty;
    }
}


// ************************************************************************* //
