/*--------------------------------*- C++ -*----------------------------------*\
  =========                 |
  \\      /  F ield         | OpenFOAM: The Open Source CFD Toolbox
   \\    /   O peration     | Website:  https://openfoam.org
    \\  /    A nd           | Version:  13
     \\/     M anipulation  |
\*---------------------------------------------------------------------------*/
FoamFile
{
    format      ascii;
    class       volVectorField;
    location    "12.902623";
    object      wallShearStress;
}
// * * * * * * * * * * * * * * * * * * * * * * * * * * * * * * * * * * * * * //

dimensions      [0 2 -2 0 0 0 0];

internalField   uniform (0 0 0);

boundaryField
{
    inlet
    {
        type            calculated;
        value           uniform (0 0 0);
    }
    outlet
    {
        type            calculated;
        value           uniform (0 0 0);
    }
    cylinder
    {
        type            calculated;
        value           nonuniform List<vector> 
132
(
(5.4259402e-05 0.00029508291 -1.0109673e-22)
(0.00025226506 -0.0047413365 2.8865501e-23)
(0.00072607302 -0.009706724 1.6442528e-21)
(0.0014632975 -0.014442522 -5.7928649e-21)
(0.0024335926 -0.018786758 4.3629579e-21)
(0.0035885369 -0.022583597 1.4376511e-20)
(0.0048621314 -0.025689163 -2.9525756e-21)
(0.0061730916 -0.027983802 -1.2679492e-20)
(0.0074328457 -0.029379351 1.2902665e-20)
(0.0085468542 -0.029826856 -3.1008268e-20)
(0.0094237204 -0.029324636 -5.988957e-22)
(0.0099834322 -0.027921901 2.1496426e-20)
(0.0101667 -0.02572124 3.6423763e-20)
(0.009944089 -0.022876984 -3.0392642e-20)
(0.0093224489 -0.019585874 3.2521659e-20)
(0.0083480923 -0.016072675 5.2676826e-20)
(0.0071039485 -0.012567736 -3.4449136e-20)
(0.0056982779 -0.0092836198 5.4794839e-20)
(0.0042510682 -0.0063894785 7.1521497e-20)
(0.0028758563 -0.0039938621 -4.5687311e-20)
(0.0016593491 -0.0021342043 -5.7307658e-20)
(0.000656802 -0.00079027972 1.9798132e-23)
(-0.00012269639 0.00012031285 8.0725233e-21)
(-0.00067870095 0.00067038636 -9.5426504e-21)
(-0.0010208191 0.00093595771 -1.6047603e-20)
(-0.001044551 0.00088438868 3.3939014e-21)
(-0.00075955627 0.00059531183 -3.0325936e-20)
(0.00010636491 -6.2299475e-05 8.0240378e-21)
(0.0013648691 -0.00086230523 6.2737915e-21)
(0.0026361283 -0.0015172847 -4.3202521e-20)
(0.003635982 -0.0018839105 5.6593302e-20)
(0.0041951589 -0.0019350566 1.7202439e-21)
(0.0044525844 -0.0018042168 1.2445341e-20)
(0.0045598007 -0.0015960436 -1.4779837e-20)
(0.0045781648 -0.001354137 4.7067057e-20)
(0.0043677253 -0.0010589177 -2.9857378e-21)
(0.0037361482 -0.00070984897 1.2095354e-20)
(0.0024602963 -0.00034298033 -1.6702499e-21)
(0.00032763221 -4.3898794e-05 2.4140019e-21)
(-0.0029096821 5.2376189e-05 -1.5192225e-21)
(-0.0076055076 -0.00025838306 2.8689411e-21)
(-0.013825784 -0.0012918439 -8.9717729e-23)
(-0.021135526 -0.003258469 3.33612e-20)
(-0.029107007 -0.006294115 -1.303787e-20)
(-0.037165538 -0.010408994 1.1921763e-20)
(-0.044829092 -0.015519496 -7.7498049e-20)
(-0.051562709 -0.021408799 -1.2616339e-20)
(-0.057023076 -0.027811873 1.115306e-19)
(-0.060963054 -0.034424484 -9.5405505e-20)
(-0.063269745 -0.040940823 -1.8188521e-21)
(-0.06392001 -0.0470587 2.8760536e-20)
(-0.063015599 -0.052533137 -2.5685188e-20)
(-0.06065324 -0.057100966 -4.8164916e-21)
(-0.057042039 -0.060591545 -2.718839e-21)
(-0.052421996 -0.062884258 -1.8709389e-21)
(-0.046987205 -0.063826537 -6.1507525e-21)
(-0.041015618 -0.063391841 7.6224263e-22)
(-0.034747812 -0.061546054 5.5545644e-20)
(-0.028434702 -0.058315461 -8.1257915e-20)
(-0.022312498 -0.053758353 -8.4749008e-20)
(-0.016601855 -0.047969507 -3.3938049e-20)
(-0.011502387 -0.041076404 -7.7140068e-20)
(-0.0071880166 -0.033234902 1.7115088e-20)
(-0.0038009472 -0.02462564 2.4812268e-20)
(-0.0014572842 -0.015463378 -3.8476309e-20)
(-0.00021986532 -0.0059255747 -5.133918e-21)
(0.00012970913 0.0052994034 -4.7300647e-22)
(0.00047509085 0.010214039 -2.9293532e-23)
(0.0010839184 0.014932476 -1.7782685e-21)
(0.0019335569 0.019299477 6.4002232e-21)
(0.0029841864 0.023163836 -4.892384e-21)
(0.0041790814 0.026383247 -1.6249937e-20)
(0.00544537 0.028835515 3.3447044e-21)
(0.0067012816 0.03042628 1.4329763e-20)
(0.0078576531 0.031095453 -1.4501603e-20)
(0.0088248693 0.030826302 3.4588655e-20)
(0.0095204397 0.029649154 6.6238292e-22)
(0.0098774283 0.027644634 -2.3555309e-20)
(0.0098533057 0.024944129 -3.9555607e-20)
(0.0094372274 0.021723872 3.2729701e-20)
(0.0086549941 0.01819413 -3.4761086e-20)
(0.0075688112 0.014580034 -5.5950533e-20)
(0.0062712616 0.011100483 3.6409721e-20)
(0.0048731748 0.0079442011 -5.7712008e-20)
(0.0034873137 0.0052456792 -7.5169205e-20)
(0.0022128926 0.0030774571 4.7972508e-20)
(0.0011197514 0.0014451518 6.0169836e-20)
(0.00024069815 0.0002990779 5.3086902e-20)
(-0.00042049529 -0.00044513203 4.3026773e-20)
(-0.00087385353 -0.00086722055 1.0039319e-20)
(-0.0010978953 -0.0010087196 1.6892534e-20)
(-0.00099573795 -0.00084572865 -3.5738298e-21)
(-0.0004706044 -0.00037430023 3.1965841e-20)
(0.00054849578 0.00037358655 -8.4807435e-21)
(0.0018400885 0.0011675949 -6.6458011e-21)
(0.0030252772 0.0017444044 4.5866341e-20)
(0.0038490809 0.0019962969 -6.0124581e-20)
(0.0042718778 0.0019714655 -1.8170454e-21)
(0.0044585889 0.0018070258 3.0073616e-20)
(0.0045417374 0.0015900119 1.5704304e-20)
(0.0045022335 0.001332331 -5.0049573e-20)
(0.0041717979 0.0010126342 3.1779435e-21)
(0.0033528196 0.00063919479 9.3967042e-21)
(0.0018200811 0.00025855401 1.7803663e-21)
(-0.00063159189 -2.9413649e-05 -2.5734609e-21)
(-0.0042381229 -8.5042247e-05 1.6184133e-21)
(-0.0093451147 0.0003171247 -3.0508157e-21)
(-0.015961757 0.0014879104 2.506465e-20)
(-0.023565002 0.0036296888 -3.5180998e-20)
(-0.031711004 0.0068539979 1.3670751e-20)
(-0.03982165 0.011149688 -1.2419192e-20)
(-0.047378822 0.016399471 8.0151149e-20)
(-0.053905486 0.022378729 1.2954719e-20)
(-0.059088175 0.028815617 -1.1362282e-19)
(-0.062694047 0.035398629 9.6406821e-20)
(-0.064658688 0.04183639 1.8209333e-21)
(-0.064954726 0.047817395 -2.8469152e-20)
(-0.063731606 0.053127075 2.5041122e-20)
(-0.061057057 0.057478012 -3.6832185e-20)
(-0.057172698 0.060727414 2.4156372e-21)
(-0.052340352 0.062783268 -7.4304944e-22)
(-0.046718547 0.063458285 7.4472582e-21)
(-0.040609684 0.06276086 -8.3598813e-22)
(-0.034246703 0.060654389 -5.9019871e-20)
(-0.027880322 0.057173682 8.4938471e-20)
(-0.021744401 0.052383632 8.7658888e-20)
(-0.016055681 0.046383527 3.483387e-20)
(-0.011009992 0.039306855 7.8693203e-20)
(-0.0067760228 0.031312386 -1.7369816e-20)
(-0.0034907517 0.022586008 4.97143e-20)
(-0.0012641045 0.013336496 3.8707153e-20)
(-0.00015646785 0.0037756647 5.1471025e-21)
)
;
    }
    frontAndBack
    {
        type            empty;
    }
}


// ************************************************************************* //
