/*--------------------------------*- C++ -*----------------------------------*\
  =========                 |
  \\      /  F ield         | OpenFOAM: The Open Source CFD Toolbox
   \\    /   O peration     | Website:  https://openfoam.org
    \\  /    A nd           | Version:  13
     \\/     M anipulation  |
\*---------------------------------------------------------------------------*/
FoamFile
{
    format      ascii;
    class       volVectorField;
    location    "31.997392";
    object      wallShearStress;
}
// * * * * * * * * * * * * * * * * * * * * * * * * * * * * * * * * * * * * * //

dimensions      [0 2 -2 0 0 0 0];

internalField   uniform (0 0 0);

boundaryField
{
    inlet
    {
        type            calculated;
        value           uniform (0 0 0);
    }
    outlet
    {
        type            calculated;
        value           uniform (0 0 0);
    }
    cylinder
    {
        type            calculated;
        value           nonuniform List<vector> 
132
(
(1.427475e-05 -0.00077373409 -2.5322626e-22)
(4.7090387e-05 -0.0010655046 7.2179845e-23)
(9.684832e-05 -0.0013546697 3.9873071e-21)
(0.00016302829 -0.0016361373 -1.3382511e-20)
(0.00024494255 -0.0019046705 9.4463544e-21)
(0.00034129721 -0.0021548357 2.8859704e-20)
(0.00045017324 -0.0023812515 -5.4668725e-21)
(0.00056898471 -0.0025787551 -2.1652727e-20)
(0.00069459378 -0.0027426698 2.040398e-20)
(0.00082339939 -0.0028689359 -4.5740168e-20)
(0.00095139191 -0.0029545069 -8.3227031e-22)
(0.0010743121 -0.002997375 2.8414262e-20)
(0.0011879917 -0.0029971406 4.6345862e-20)
(0.0012884212 -0.0029546301 -3.7654666e-20)
(0.001372383 -0.0028728328 3.9662787e-20)
(0.0014373191 -0.0027558757 6.3865876e-20)
(0.0014820179 -0.0026097876 -4.1870394e-20)
(0.0015066682 -0.0024418555 6.7200672e-20)
(0.0015132408 -0.0022605794 8.8900171e-20)
(0.0015058625 -0.0020755706 -5.7697627e-20)
(0.0014905193 -0.001896442 -7.3576468e-20)
(0.0014756565 -0.0017331119 2.5901744e-23)
(0.0014722002 -0.0015951944 1.0682995e-20)
(0.0014933823 -0.001491287 -1.2795547e-20)
(0.001555091 -0.0014288796 -2.1774778e-20)
(0.0016732303 -0.0014116225 4.6580346e-21)
(0.0018613332 -0.0014378931 -4.2059663e-20)
(0.0021257902 -0.0014985532 1.1236258e-20)
(0.0024599636 -0.0015755587 8.8206407e-21)
(0.002841999 -0.001644582 -6.0721694e-20)
(0.0032367651 -0.0016801049 7.9186904e-20)
(0.0036056574 -0.0016631975 2.3948433e-21)
(0.0039186651 -0.0015868906 1.7247243e-20)
(0.0041336608 -0.0014462532 -2.0414899e-20)
(0.0041684047 -0.0012331293 6.479105e-20)
(0.0038880957 -0.00094362025 -4.0928603e-21)
(0.0031258066 -0.0005959594 1.6491417e-20)
(0.0016665611 -0.0002372519 -2.2623105e-21)
(-0.000694413 3.5771754e-05 3.2437509e-21)
(-0.0041858179 8.4515545e-05 -2.0225111e-21)
(-0.009155661 -0.00031041147 3.7771963e-21)
(-0.015565067 -0.0014505803 -1.1655113e-22)
(-0.022878397 -0.0035234654 4.2767287e-20)
(-0.030651931 -0.0066244284 -1.649407e-20)
(-0.038312945 -0.010726411 1.4895753e-20)
(-0.045372091 -0.015704089 -9.5770698e-20)
(-0.051395633 -0.021335486 -1.5461034e-20)
(-0.056114546 -0.027364148 1.359064e-19)
(-0.05933904 -0.033503062 -1.1608968e-19)
(-0.061029567 -0.039487137 -2.2213439e-21)
(-0.06118481 -0.045041257 3.5545292e-20)
(-0.059944126 -0.049969261 -3.2566761e-20)
(-0.057396301 -0.054031717 -6.4499896e-21)
(-0.053740682 -0.057082083 -4.1931319e-21)
(-0.04921516 -0.059035122 -6.9309188e-21)
(-0.043988449 -0.05975114 -2.0613964e-21)
(-0.038313625 -0.059214173 5.6113876e-22)
(-0.03240638 -0.057397619 4.7031874e-20)
(-0.026490751 -0.054327837 -7.2846366e-20)
(-0.020777566 -0.050059764 -7.8314084e-20)
(-0.015463387 -0.044680169 -3.1940259e-20)
(-0.010725932 -0.038304622 -7.3469563e-20)
(-0.0067201437 -0.03107421 1.6433902e-20)
(-0.0035728224 -0.023151259 2.3961641e-20)
(-0.0013868469 -0.014731156 -3.7307434e-20)
(-0.00021764979 -0.0059670761 -4.9919299e-21)
(-2.905604e-06 -0.00048128308 -1.1632484e-21)
(-3.9828624e-06 -0.00018738779 -6.9169531e-23)
(1.0931981e-05 0.00010559339 -3.9620682e-21)
(4.1569733e-05 0.00039323453 1.3251731e-20)
(8.8172458e-05 0.00067055063 -9.3279784e-21)
(0.00014929762 0.00093253196 -2.8420052e-20)
(0.00022334197 0.0011743828 5.3692389e-21)
(0.00030817143 0.0013915861 2.121141e-20)
(0.00040117281 0.0015801192 -1.993912e-20)
(0.00049933677 0.0017366591 4.4595037e-20)
(0.00059932803 0.001858784 8.0971743e-22)
(0.00069782741 0.0019451085 -2.7589635e-20)
(0.00079151987 0.0019954281 -4.4921921e-20)
(0.00087740314 0.0020108838 3.6441343e-20)
(0.00095298929 0.0019939067 -3.833392e-20)
(0.0010166084 0.0019483355 -6.1657562e-20)
(0.001067549 0.0018791079 4.0386539e-20)
(0.0011064322 0.0017924054 -6.4774366e-20)
(0.0011352662 0.0016951419 -8.564781e-20)
(0.0011577105 0.0015948769 5.5568623e-20)
(0.0011794378 0.0014997624 7.0848934e-20)
(0.0012080385 0.0014178647 6.3471246e-20)
(0.0012534105 0.0013571388 5.2159657e-20)
(0.0013275707 0.0013247105 1.2322772e-20)
(0.0014438696 0.0013257506 2.0974628e-20)
(0.0016151177 0.0013618155 -4.4880469e-21)
(0.0018495326 0.001428235 4.0537865e-20)
(0.0021483129 0.0015141634 -1.0833529e-20)
(0.0024989933 0.0016005595 -8.5077562e-21)
(0.0028756008 0.0016642041 5.8589483e-20)
(0.003251227 0.0016878207 -7.6432065e-20)
(0.0035993017 0.0016604512 -2.2989348e-21)
(0.0038887179 0.0015749991 3.7910367e-20)
(0.0040641256 0.0014223128 1.9741508e-20)
(0.0040331534 0.001193755 -6.2727033e-20)
(0.0036529861 0.00088763881 3.9683733e-21)
(0.0027480643 0.00052598712 1.1681463e-20)
(0.0010974936 0.00016191686 2.2014988e-21)
(-0.0014953007 -0.00010036264 -3.1621315e-21)
(-0.0052314365 -0.00011072121 1.9745751e-21)
(-0.010467739 0.00035161103 -3.6906304e-21)
(-0.017100661 0.001591176 3.0019003e-20)
(-0.024548159 0.0037782183 -4.1697562e-20)
(-0.032356561 0.0069904112 1.6031635e-20)
(-0.039923794 0.011175321 -1.4415636e-20)
(-0.046809563 0.016199718 9.218773e-20)
(-0.052592266 0.021829549 1.4781382e-20)
(-0.057025494 0.027805761 -1.2887945e-19)
(-0.059949917 0.033845406 1.0895904e-19)
(-0.061340817 0.039686005 2.057491e-21)
(-0.061208528 0.045056209 -3.2321531e-20)
(-0.059715117 0.049775835 2.8814902e-20)
(-0.056931448 0.053591347 -4.3803535e-20)
(-0.053081829 0.056379554 3.1717669e-21)
(-0.048419727 0.058077985 -4.2344288e-21)
(-0.04308202 0.058516478 5.4472485e-21)
(-0.037341961 0.057708541 -7.3838308e-22)
(-0.031409532 0.055627346 -5.4866751e-20)
(-0.025507381 0.052305359 8.0743031e-20)
(-0.019844415 0.047804089 8.4315179e-20)
(-0.014613342 0.042213966 3.3731054e-20)
(-0.0099884432 0.03565624 7.649992e-20)
(-0.0061197175 0.028274248 -1.6921824e-20)
(-0.0031290967 0.020235631 4.8475891e-20)
(-0.0011138287 0.011727152 3.7740091e-20)
(-0.00012853805 0.0029452897 5.013864e-21)
)
;
    }
    frontAndBack
    {
        type            empty;
    }
}


// ************************************************************************* //
