/*--------------------------------*- C++ -*----------------------------------*\
  =========                 |
  \\      /  F ield         | OpenFOAM: The Open Source CFD Toolbox
   \\    /   O peration     | Website:  https://openfoam.org
    \\  /    A nd           | Version:  13
     \\/     M anipulation  |
\*---------------------------------------------------------------------------*/
FoamFile
{
    format      ascii;
    class       volVectorField;
    location    "31.300002";
    object      wallShearStress;
}
// * * * * * * * * * * * * * * * * * * * * * * * * * * * * * * * * * * * * * //

dimensions      [0 2 -2 0 0 0 0];

internalField   uniform (0 0 0);

boundaryField
{
    inlet
    {
        type            calculated;
        value           uniform (0 0 0);
    }
    outlet
    {
        type            calculated;
        value           uniform (0 0 0);
    }
    cylinder
    {
        type            calculated;
        value           nonuniform List<vector> 
132
(
(2.5300776e-06 9.2799822e-05 -2.574659e-22)
(1.3309624e-05 -0.00023102727 7.3418741e-23)
(4.2458146e-05 -0.00056036761 4.057633e-21)
(9.0677207e-05 -0.00089000509 -1.3625158e-20)
(0.00015785142 -0.0012141198 9.6226714e-21)
(0.00024329429 -0.0015265651 2.9415171e-20)
(0.00034560163 -0.001820984 -5.5755903e-21)
(0.00046262513 -0.0020910427 -2.2098498e-20)
(0.00059142682 -0.002330695 2.0839764e-20)
(0.00072845599 -0.0025344177 -4.6755577e-20)
(0.00086961555 -0.0026975196 -8.514903e-22)
(0.0010103536 -0.002816414 2.9098759e-20)
(0.001145955 -0.0028889818 4.7510364e-20)
(0.0012717914 -0.002914712 -3.8641485e-20)
(0.00138372 -0.0028950462 4.074662e-20)
(0.0014783926 -0.0028333158 6.568291e-20)
(0.0015537507 -0.0027349647 -4.3109118e-20)
(0.0016092582 -0.0026071091 6.9262473e-20)
(0.0016464919 -0.0024587343 9.1723396e-20)
(0.0016693119 -0.0023000323 -5.9587943e-20)
(0.001684303 -0.0021422376 -7.6056783e-20)
(0.0017010176 -0.0019970794 2.6793576e-23)
(0.0017319059 -0.001875943 1.1061024e-20)
(0.0017921219 -0.0017890425 -1.3257993e-20)
(0.0018981367 -0.0017436739 -2.2577963e-20)
(0.0020646988 -0.0017416977 4.8334276e-21)
(0.0023020936 -0.00177848 -4.3678763e-20)
(0.0026085441 -0.0018392541 1.1679575e-20)
(0.0029705153 -0.0019031728 9.1782287e-21)
(0.0033609615 -0.0019456583 -6.3258386e-20)
(0.003738356 -0.0019413142 8.2606529e-20)
(0.0040647651 -0.001875888 2.5020467e-21)
(0.0043000345 -0.001742459 1.8051742e-20)
(0.0043724993 -0.0015313519 -2.1411847e-20)
(0.0041766701 -0.0012376996 6.8104518e-20)
(0.0035628031 -0.00086778276 -4.3113044e-21)
(0.0023571536 -0.00045472268 1.7401337e-20)
(0.00034181925 -6.2658375e-05 -2.3893335e-21)
(-0.0026661461 0.00019343062 3.4245295e-21)
(-0.0068265047 0.0001503729 -2.1314558e-21)
(-0.012508422 -0.00041608076 3.9660053e-21)
(-0.019612998 -0.0018220222 -1.2170972e-22)
(-0.027515474 -0.0042323808 4.4369866e-20)
(-0.035768903 -0.0077255983 -1.6996303e-20)
(-0.043796981 -0.012258123 1.5251639e-20)
(-0.051154581 -0.017702337 -9.7504537e-20)
(-0.057392424 -0.023821577 -1.5661487e-20)
(-0.062244809 -0.030350892 1.370987e-19)
(-0.065522152 -0.036991936 -1.1668477e-19)
(-0.067172192 -0.043459848 -2.2258458e-21)
(-0.06719601 -0.049465107 3.551481e-20)
(-0.065726243 -0.054788149 -3.2439179e-20)
(-0.062856264 -0.059170837 -6.4010295e-21)
(-0.058808316 -0.062464247 -4.1356751e-21)
(-0.053823794 -0.06456284 -6.6919917e-21)
(-0.048079747 -0.065308082 -2.2783735e-21)
(-0.041855919 -0.064688462 5.7265635e-22)
(-0.03538362 -0.062670487 4.7535518e-20)
(-0.028907256 -0.059283258 -7.3343832e-20)
(-0.022656469 -0.054586135 -7.8681929e-20)
(-0.016845619 -0.04867331 -3.2046662e-20)
(-0.011668995 -0.041671401 -7.3644123e-20)
(-0.0072958481 -0.03373435 1.6461303e-20)
(-0.0038646388 -0.025040408 2.3988347e-20)
(-0.0014885543 -0.015802363 -3.7333113e-20)
(-0.00022811535 -0.0061929887 -4.9936344e-21)
(9.2566926e-06 0.00040942508 -1.1822262e-21)
(3.3010876e-05 0.00071948807 -7.026559e-23)
(7.3826749e-05 0.0010207901 -4.0230505e-21)
(0.0001309333 0.0013081019 1.3448857e-20)
(0.00020309619 0.0015762473 -9.46173e-21)
(0.00028852895 0.001820235 -2.8810985e-20)
(0.00038490074 0.0020354724 5.4396727e-21)
(0.00048939408 0.0022179285 2.1474901e-20)
(0.00059880088 0.0023643597 -2.0171677e-20)
(0.00070959671 0.002472474 4.5078663e-20)
(0.0008182286 0.0025411425 8.1779913e-22)
(0.00092121267 0.002570425 -2.7838759e-20)
(0.001015388 0.002561865 -4.5283603e-20)
(0.0010980776 0.002518243 3.6697995e-20)
(0.0011674999 0.0024439566 -3.8564537e-20)
(0.0012228227 0.0023444803 -6.1965573e-20)
(0.0012646427 0.002226707 4.0547705e-20)
(0.0012949646 0.0020982705 -6.4970748e-20)
(0.0013176092 0.0019676441 -8.5830268e-20)
(0.0013383647 0.0018437835 5.5641534e-20)
(0.0013652622 0.0017359026 7.0891065e-20)
(0.0014085819 0.0016529166 6.347155e-20)
(0.0014811857 0.0016033011 5.2136846e-20)
(0.0015973073 0.0015933315 1.2314283e-20)
(0.0017711686 0.0016257579 2.0959395e-20)
(0.0020143565 0.0016980551 -4.4858224e-21)
(0.0023289829 0.0017983391 4.0539307e-20)
(0.0027034847 0.0019056398 -1.0843191e-20)
(0.0031132291 0.0019944329 -8.5251518e-21)
(0.0035236036 0.0020399019 5.8792552e-20)
(0.0039018711 0.0020264284 -7.6825929e-20)
(0.0042162513 0.0019460662 -2.3153899e-21)
(0.0044244847 0.0017932209 3.8271684e-20)
(0.0044529069 0.0015599415 1.9984336e-20)
(0.0041885253 0.0012418447 -6.3692824e-20)
(0.0034699814 0.00084623215 4.0423718e-21)
(0.0021177886 0.00041081271 1.193541e-20)
(-8.9511195e-05 6.2773947e-06 2.2550308e-21)
(-0.0033359018 -0.00024747167 -3.2436804e-21)
(-0.007750906 -0.00017436172 2.0262856e-21)
(-0.013701771 0.00045371429 -3.7827547e-21)
(-0.021050176 0.0019537589 3.0685786e-20)
(-0.029111711 0.0044760489 -4.2469273e-20)
(-0.037432901 0.0080831163 1.6265113e-20)
(-0.04544128 0.012716656 -1.4572912e-20)
(-0.052683417 0.01822965 9.2879811e-20)
(-0.058736086 0.024376973 1.4852488e-20)
(-0.063358225 0.030891458 -1.2920736e-19)
(-0.066370948 0.03746882 1.0904821e-19)
(-0.067754779 0.043834445 2.0563656e-21)
(-0.067502969 0.04968872 -3.2265211e-20)
(-0.065796022 0.054843982 2.8738796e-20)
(-0.062685935 0.059007794 -4.3618069e-20)
(-0.05843136 0.062061324 3.1541565e-21)
(-0.053302148 0.063934304 -4.1506005e-21)
(-0.047426498 0.064417541 5.4847015e-21)
(-0.041118098 0.063544537 -7.3967849e-22)
(-0.034597651 0.061274109 -5.4888778e-20)
(-0.028110922 0.057644895 8.0732419e-20)
(-0.02188561 0.052722232 8.4283766e-20)
(-0.016132778 0.046604665 3.3715255e-20)
(-0.011043517 0.039424769 7.6463844e-20)
(-0.0067823579 0.031339319 -1.6914813e-20)
(-0.0034829355 0.022531866 4.846109e-20)
(-0.0012528152 0.013208076 3.7734776e-20)
(-0.00015100125 0.0035780955 5.0141838e-21)
)
;
    }
    frontAndBack
    {
        type            empty;
    }
}


// ************************************************************************* //
