/*--------------------------------*- C++ -*----------------------------------*\
  =========                 |
  \\      /  F ield         | OpenFOAM: The Open Source CFD Toolbox
   \\    /   O peration     | Website:  https://openfoam.org
    \\  /    A nd           | Version:  13
     \\/     M anipulation  |
\*---------------------------------------------------------------------------*/
FoamFile
{
    format      ascii;
    class       volVectorField;
    location    "1.797305";
    object      wallShearStress;
}
// * * * * * * * * * * * * * * * * * * * * * * * * * * * * * * * * * * * * * //

dimensions      [0 2 -2 0 0 0 0];

internalField   uniform (0 0 0);

boundaryField
{
    inlet
    {
        type            calculated;
        value           uniform (0 0 0);
    }
    outlet
    {
        type            calculated;
        value           uniform (0 0 0);
    }
    cylinder
    {
        type            calculated;
        value           nonuniform List<vector> 
132
(
(0.0001010587 -0.0016245949 -3.4179651e-22)
(0.00042275076 -0.0083966597 9.8178834e-23)
(0.0011162224 -0.015066362 5.5544419e-21)
(0.0021663156 -0.021440722 -1.9309378e-20)
(0.0035357552 -0.027320461 1.4260381e-20)
(0.0051634333 -0.032503035 4.5898856e-20)
(0.0069620771 -0.036792745 -9.1930206e-21)
(0.008824743 -0.040008115 -3.8501734e-20)
(0.0106242 -0.041995879 3.825246e-20)
(0.012219853 -0.042647567 -8.9897373e-20)
(0.013469239 -0.041917717 -1.7009064e-21)
(0.014243363 -0.03984256 5.9860802e-20)
(0.01444474 -0.036552742 9.9566391e-20)
(0.014027758 -0.032281323 -8.1610656e-20)
(0.013009096 -0.027340503 8.5814319e-20)
(0.011490084 -0.022125365 1.3665957e-19)
(0.0096083165 -0.016998924 -8.7931541e-20)
(0.0075513899 -0.012302292 1.3775442e-19)
(0.0055268915 -0.0083068104 1.7736141e-19)
(0.0036939516 -0.0051291219 -1.1194279e-19)
(0.0021815014 -0.0028016628 -1.3895697e-19)
(0.001065422 -0.0012669637 4.8179377e-23)
(0.00040000025 -0.00044075361 1.92369e-20)
(0.00027053244 -0.00026770237 -2.2576818e-20)
(0.00072681705 -0.00065761936 -3.7761266e-20)
(0.0018241179 -0.0015238041 7.9710208e-21)
(0.0033816049 -0.0025967601 -7.1476117e-20)
(0.004953701 -0.0034834294 1.9087584e-20)
(0.0061161743 -0.0039169229 1.5045722e-20)
(0.0067581323 -0.0039156369 -1.0413582e-19)
(0.0069956883 -0.0036382321 1.365672e-19)
(0.0069312536 -0.0032048924 4.1557908e-21)
(0.0065385513 -0.0026566426 3.0168307e-20)
(0.0056407955 -0.0019843915 -3.6071373e-20)
(0.0040517057 -0.0012126959 1.1587906e-19)
(0.001538269 -0.00039340006 -7.4206713e-21)
(-0.0020896901 0.00036383817 3.0307091e-20)
(-0.0070285094 0.00091406044 -4.2057505e-21)
(-0.013179875 0.0010296366 6.0755897e-21)
(-0.020576115 0.00050980809 -3.7949317e-21)
(-0.029469715 -0.00094656683 7.043816e-21)
(-0.039162687 -0.0036104962 -2.140576e-22)
(-0.04867861 -0.0074611457 7.6926308e-20)
(-0.057622788 -0.012421203 -2.8944063e-20)
(-0.065434788 -0.018292688 2.5478739e-20)
(-0.071863222 -0.02484626 -1.5987199e-19)
(-0.076664462 -0.031797 -2.5257521e-20)
(-0.07976606 -0.038872686 2.1822411e-19)
(-0.08113614 -0.045787648 -1.8418829e-19)
(-0.080855816 -0.052295611 -3.5064066e-21)
(-0.078992725 -0.058133585 5.634886e-20)
(-0.075775537 -0.063151523 -5.2595797e-20)
(-0.071282246 -0.067090605 -1.0884539e-20)
(-0.065761952 -0.069839644 -7.8519529e-21)
(-0.059501058 -0.071363678 -1.8043032e-20)
(-0.052628801 -0.071479155 5.5517683e-21)
(-0.045437828 -0.070217373 2.6407372e-22)
(-0.038143282 -0.067552335 3.8168003e-20)
(-0.030977677 -0.063524173 -6.811227e-20)
(-0.024158247 -0.058200017 -7.7995783e-20)
(-0.017886623 -0.0516775 -3.2911258e-20)
(-0.012345821 -0.044085343 -7.7237341e-20)
(-0.0076948716 -0.035576638 1.748994e-20)
(-0.004064128 -0.026327816 2.5690735e-20)
(-0.0015593119 -0.016547791 -4.0159894e-20)
(-0.00023687666 -0.0064052387 -5.3809006e-21)
(0.00014830253 0.0051313694 -1.5782758e-21)
(0.00056189288 0.011817983 -9.5669721e-23)
(0.0013383106 0.018313893 -5.6562582e-21)
(0.0024549675 0.024426983 1.9751666e-20)
(0.0038671914 0.029961329 -1.4638172e-20)
(0.0055066939 0.034720047 -4.7197325e-20)
(0.0072798092 0.038516867 9.4537793e-21)
(0.0090762739 0.041183934 3.9536982e-20)
(0.01076644 0.042587267 -3.9175851e-20)
(0.012211845 0.042644229 9.1733627e-20)
(0.013277406 0.041341852 1.7283349e-21)
(0.013846579 0.038750822 -6.0536268e-20)
(0.013842393 0.035044099 -1.0021207e-19)
(0.013238444 0.030477773 8.1760826e-20)
(0.012083332 0.025403591 -8.5622161e-20)
(0.010485376 0.020197429 -1.3590073e-19)
(0.0085956821 0.015212388 8.7228855e-20)
(0.0066081401 0.010770303 -1.3647042e-19)
(0.004705622 0.0070761607 -1.7562136e-19)
(0.0030347178 0.0042166506 1.1087767e-19)
(0.001698836 0.0021839633 1.3773543e-19)
(0.00076342053 0.00090883952 1.2045165e-19)
(0.00029468119 0.00032207037 9.6841532e-20)
(0.00036164322 0.00035578933 2.2446343e-20)
(0.0010227468 0.00092707875 3.759613e-20)
(0.002286422 0.0019124478 -7.9509544e-21)
(0.0038765377 0.0029803451 7.1490667e-20)
(0.0053259628 0.0037483537 -1.9126525e-20)
(0.0063079278 0.0040419678 -1.5093951e-20)
(0.0068010908 0.0039417567 1.0449927e-19)
(0.0069459198 0.0036131576 -1.3713794e-19)
(0.00679497 0.0031427599 -4.1527091e-21)
(0.0062847234 0.0025548396 6.9081048e-20)
(0.0052210718 0.0018389819 3.6367377e-20)
(0.0034006868 0.0010221352 -1.1701785e-19)
(0.00060341968 0.000169499 7.5054749e-21)
(-0.0033330419 -0.00059571061 2.2382511e-20)
(-0.008601964 -0.0011240734 4.2620478e-21)
(-0.015062978 -0.0011807575 -6.1561144e-21)
(-0.022720081 -0.00056661165 3.8417752e-21)
(-0.031799922 0.0010178667 -7.1179179e-21)
(-0.041562866 0.003828808 5.6899634e-20)
(-0.051024205 0.0078178676 -7.725867e-20)
(-0.059830079 0.012894746 2.8961017e-20)
(-0.067411935 0.018843254 -2.5388643e-20)
(-0.073560574 0.025430332 1.5860885e-19)
(-0.078058307 0.032372448 2.4937412e-20)
(-0.080841695 0.039394357 -2.1433296e-19)
(-0.08190084 0.046216769 1.79816e-19)
(-0.081325142 0.052596801 3.3989554e-21)
(-0.079184649 0.058272493 -5.4131208e-20)
(-0.075728835 0.063110294 4.9928889e-20)
(-0.071016042 0.066837526 -8.174862e-20)
(-0.065312381 0.069359707 7.0909218e-21)
(-0.058918231 0.070661922 -2.0886909e-20)
(-0.051936271 0.070535491 -2.9488604e-21)
(-0.044676938 0.069038044 -4.0143092e-22)
(-0.037349301 0.066142062 -4.4291039e-20)
(-0.030185021 0.061893691 7.4326404e-20)
(-0.023399371 0.056365385 8.2744844e-20)
(-0.01719074 0.049658349 3.4334936e-20)
(-0.011739051 0.041906179 7.965521e-20)
(-0.0071990135 0.033264105 -1.7880349e-20)
(-0.0036966779 0.023913234 5.1716295e-20)
(-0.0013328163 0.014055542 4.0507248e-20)
(-0.00016287296 0.0038965437 5.3993087e-21)
)
;
    }
    frontAndBack
    {
        type            empty;
    }
}


// ************************************************************************* //
