/*--------------------------------*- C++ -*----------------------------------*\
  =========                 |
  \\      /  F ield         | OpenFOAM: The Open Source CFD Toolbox
   \\    /   O peration     | Website:  https://openfoam.org
    \\  /    A nd           | Version:  13
     \\/     M anipulation  |
\*---------------------------------------------------------------------------*/
FoamFile
{
    format      ascii;
    class       volVectorField;
    location    "2.303587";
    object      wallShearStress;
}
// * * * * * * * * * * * * * * * * * * * * * * * * * * * * * * * * * * * * * //

dimensions      [0 2 -2 0 0 0 0];

internalField   uniform (0 0 0);

boundaryField
{
    inlet
    {
        type            calculated;
        value           uniform (0 0 0);
    }
    outlet
    {
        type            calculated;
        value           uniform (0 0 0);
    }
    cylinder
    {
        type            calculated;
        value           nonuniform List<vector> 
132
(
(0.00010889857 -0.0017354207 -3.0433336e-22)
(0.00045738949 -0.0090995066 8.7358675e-23)
(0.001205186 -0.016289451 4.9382158e-21)
(0.0023253517 -0.023043209 -1.7137457e-20)
(0.0037614393 -0.029098487 1.2623571e-20)
(0.0054274 -0.034203837 4.0484197e-20)
(0.0072085857 -0.038136623 -8.0704197e-21)
(0.0089717453 -0.040718116 -3.3605696e-20)
(0.010571549 -0.041832194 3.3165381e-20)
(0.011861765 -0.041441626 -7.7375392e-20)
(0.012712128 -0.039603242 -1.4532866e-21)
(0.013024644 -0.03647191 5.077626e-20)
(0.012752764 -0.032305466 8.3948101e-20)
(0.011909127 -0.027435366 -6.8513466e-20)
(0.010574507 -0.022247928 7.1913157e-20)
(0.0088845488 -0.017128717 1.146495e-19)
(0.0070034685 -0.012408022 -7.4084262e-20)
(0.0051114208 -0.0083415012 1.1690839e-19)
(0.003361334 -0.0050640427 1.5197583e-19)
(0.001865332 -0.0026019865 -9.699812e-20)
(0.00068435188 -0.00089422249 -1.218381e-19)
(-0.0001284278 0.00013808582 4.2440256e-23)
(-0.00052903016 0.00057074664 1.7244235e-20)
(-0.00039195455 0.00040057076 -2.0431308e-20)
(0.00040876151 -0.00035836324 -3.4467367e-20)
(0.0018756571 -0.0015620335 7.3351472e-21)
(0.0036846664 -0.0028295707 -6.6237745e-20)
(0.0053103019 -0.0037360673 1.7769005e-20)
(0.0063545875 -0.0040718334 1.4044805e-20)
(0.0068269465 -0.0039569957 -9.7282885e-20)
(0.0069637263 -0.0036223925 1.2765604e-19)
(0.0068485275 -0.0031669655 3.885481e-21)
(0.0064498352 -0.0026207685 2.821025e-20)
(0.0055512516 -0.0019531895 -3.3724536e-20)
(0.0039488696 -0.0011826344 1.0827739e-19)
(0.0013871878 -0.0003574283 -6.9261879e-21)
(-0.0023221983 0.00040689756 2.824701e-20)
(-0.0073878465 0.00096122742 -3.9140493e-21)
(-0.013723294 0.0010722209 5.6466767e-21)
(-0.021376242 0.0005296859 -3.5240277e-21)
(-0.030631428 -0.00098406654 6.5404031e-21)
(-0.040839883 -0.0037657208 -1.9895684e-22)
(-0.05097061 -0.0078132784 7.1603638e-20)
(-0.060581411 -0.013059926 -2.6996987e-20)
(-0.069075759 -0.019311387 2.3820451e-20)
(-0.076151604 -0.026330467 -1.4981441e-19)
(-0.081520602 -0.033812689 -2.3718558e-20)
(-0.085079961 -0.041463894 2.0527704e-19)
(-0.08677348 -0.048970477 -1.7345655e-19)
(-0.086672319 -0.056059005 -3.3032428e-21)
(-0.084845643 -0.062442271 5.3042731e-20)
(-0.081519142 -0.067939417 -4.9382086e-20)
(-0.076797839 -0.072283087 -1.0164956e-20)
(-0.070943517 -0.075343516 -7.245434e-21)
(-0.064248128 -0.077058079 -1.6143323e-20)
(-0.056876612 -0.077249311 4.1867549e-21)
(-0.049139068 -0.075937904 3.2172605e-22)
(-0.041273898 -0.073097493 4.01515e-20)
(-0.033535819 -0.068770783 -6.958183e-20)
(-0.026162913 -0.063030273 -7.8718779e-20)
(-0.019376537 -0.055982944 -3.3006276e-20)
(-0.013377156 -0.047769038 -7.7172467e-20)
(-0.0083390603 -0.03855613 1.7434885e-20)
(-0.0044044916 -0.028536604 2.5572619e-20)
(-0.0016900584 -0.017939327 -3.994071e-20)
(-0.00025662217 -0.0069463326 -5.3492462e-21)
(0.00016111694 0.0056223942 -1.4052604e-21)
(0.00061014791 0.012866611 -8.5142854e-23)
(0.0014454516 0.019813778 -5.0276192e-21)
(0.0026300217 0.026206128 1.7521927e-20)
(0.0040980772 0.03179171 -1.2947627e-20)
(0.0057558234 0.036335135 -4.1578793e-20)
(0.0074827419 0.039636981 8.2856803e-21)
(0.0091458008 0.041547005 3.4438771e-20)
(0.010602022 0.041984192 -3.3886603e-20)
(0.011713539 0.040949677 7.8761486e-20)
(0.012364222 0.03854098 1.4732229e-21)
(0.01247492 0.034950554 -5.1246435e-20)
(0.012021888 0.030468914 -8.4376084e-20)
(0.011037891 0.025440311 6.8610821e-20)
(0.0096247344 0.02025785 -7.1800265e-20)
(0.007921761 0.015279186 -1.1422753e-19)
(0.0060922498 0.01079891 7.3718936e-20)
(0.0043094694 0.0070371307 -1.1627762e-19)
(0.0026984639 0.0040699139 -1.5118474e-19)
(0.0013586429 0.0019000084 9.6538667e-20)
(0.00033478004 0.00044578333 1.2134069e-19)
(-0.00032061796 -0.0003653311 1.0730481e-19)
(-0.00051626218 -0.00056031463 8.7168874e-20)
(-0.00021478586 -0.00022702295 2.0387696e-20)
(0.00082292953 0.00073603244 3.4425802e-20)
(0.0024461853 0.0020426945 -7.3403045e-21)
(0.0042231303 0.0032477652 6.6396665e-20)
(0.0056599724 0.0039856514 -1.7838744e-20)
(0.0064932265 0.0041627361 -1.410364e-20)
(0.0068360142 0.0039633104 9.7727291e-20)
(0.0068951135 0.0035873169 -1.2829503e-19)
(0.0067145874 0.0031058613 -3.8861012e-21)
(0.0061946288 0.0025184653 6.4645369e-20)
(0.0051209886 0.0018041492 3.4020383e-20)
(0.0032800593 0.0009868624 -1.0939026e-19)
(0.00042958841 0.00012809342 7.007481e-21)
(-0.0036048854 -0.00064603224 2.0866561e-20)
(-0.0090262347 -0.0011799068 3.9671053e-21)
(-0.015683444 -0.0012294933 -5.7232947e-21)
(-0.023624544 -0.00058915237 3.5692057e-21)
(-0.033098527 0.0010596775 -6.6131852e-21)
(-0.043406612 0.0039993087 5.2919511e-20)
(-0.053503651 0.0081985973 -7.1971412e-20)
(-0.062979927 0.013574517 2.7035967e-20)
(-0.071246775 0.019916011 -2.3758428e-20)
(-0.078035821 0.026978952 1.4874686e-19)
(-0.083081304 0.034457159 2.3435515e-20)
(-0.086299933 0.042055694 -2.0172725e-19)
(-0.087655019 0.049465322 1.6940469e-19)
(-0.087229083 0.056416527 3.2022835e-21)
(-0.08509874 0.062625979 -5.0942845e-20)
(-0.081502708 0.067923122 4.6831606e-20)
(-0.076534911 0.072032878 -7.619921e-20)
(-0.070479894 0.074848418 6.5122678e-21)
(-0.063633574 0.076318006 -1.8396835e-20)
(-0.05613896 0.076244073 -1.6640944e-21)
(-0.048323126 0.074673171 -4.5521176e-22)
(-0.040418747 0.071578505 -4.611366e-20)
(-0.032679503 0.067009297 7.5642368e-20)
(-0.025341345 0.06104403 8.3356452e-20)
(-0.01862202 0.053793622 3.4398002e-20)
(-0.012718566 0.045403728 7.9537969e-20)
(-0.0078004749 0.036044299 -1.7817073e-20)
(-0.0040052494 0.02591287 5.1466195e-20)
(-0.0014438684 0.015230142 4.0281015e-20)
(-0.00017619248 0.0042197299 5.3673441e-21)
)
;
    }
    frontAndBack
    {
        type            empty;
    }
}


// ************************************************************************* //
