/*--------------------------------*- C++ -*----------------------------------*\
  =========                 |
  \\      /  F ield         | OpenFOAM: The Open Source CFD Toolbox
   \\    /   O peration     | Website:  https://openfoam.org
    \\  /    A nd           | Version:  13
     \\/     M anipulation  |
\*---------------------------------------------------------------------------*/
FoamFile
{
    format      ascii;
    class       volVectorField;
    location    "20.997404";
    object      wallShearStress;
}
// * * * * * * * * * * * * * * * * * * * * * * * * * * * * * * * * * * * * * //

dimensions      [0 2 -2 0 0 0 0];

internalField   uniform (0 0 0);

boundaryField
{
    inlet
    {
        type            calculated;
        value           uniform (0 0 0);
    }
    outlet
    {
        type            calculated;
        value           uniform (0 0 0);
    }
    cylinder
    {
        type            calculated;
        value           nonuniform List<vector> 
132
(
(2.1260296e-05 -0.00088518785 -2.2538849e-22)
(7.8068004e-05 -0.0016826558 6.4095645e-23)
(0.00017845059 -0.0024592449 3.5358328e-21)
(0.00032021976 -0.0031953736 -1.1855645e-20)
(0.00049896155 -0.0038710304 8.3648561e-21)
(0.00070796598 -0.0044665647 2.555598e-20)
(0.00093827476 -0.0049635134 -4.8428681e-21)
(0.0011788029 -0.005345615 -1.919303e-20)
(0.0014168471 -0.0055997242 1.8099258e-20)
(0.0016388587 -0.0057169757 -4.0601371e-20)
(0.0018308007 -0.0056934418 -7.3914966e-22)
(0.0019794381 -0.0055315527 2.523983e-20)
(0.0020731781 -0.0052397512 4.1159963e-20)
(0.0021041011 -0.004834846 -3.3418446e-20)
(0.00206789 -0.0043384499 3.5159704e-20)
(0.0019661224 -0.0037792194 5.6521254e-20)
(0.0018055725 -0.003188482 -3.6979475e-20)
(0.0015981645 -0.0025982124 5.9209874e-20)
(0.0013611139 -0.0020402993 7.8129278e-20)
(0.0011131589 -0.0015401099 -5.0574206e-20)
(0.00087521391 -0.0011181608 -6.4327526e-20)
(0.00066732031 -0.00078705263 2.2597502e-23)
(0.00051136948 -0.00055610216 9.2962117e-21)
(0.00043256992 -0.00043251935 -1.1111058e-20)
(0.00046474773 -0.00042599553 -1.8871703e-20)
(0.00064222868 -0.00053914245 4.0302102e-21)
(0.00099283653 -0.00076307775 -3.6344816e-20)
(0.0014925541 -0.0010482594 9.7043829e-21)
(0.002062302 -0.0013179966 7.6198275e-21)
(0.0026071518 -0.0015072756 -5.2492764e-20)
(0.0030469642 -0.0015813846 6.8506493e-20)
(0.003372192 -0.0015557804 2.072414e-21)
(0.0036319358 -0.0014708611 1.4920931e-20)
(0.0038498945 -0.001346606 -1.7651078e-20)
(0.0039627015 -0.0011714701 5.5984297e-20)
(0.0038364248 -0.00092976169 -3.5345356e-21)
(0.0033081064 -0.00062836978 1.4236042e-20)
(0.0021778158 -0.00030372941 -1.952723e-21)
(0.00023644586 -3.5017474e-05 2.8012126e-21)
(-0.002757464 4.993896e-05 -1.7488668e-21)
(-0.007157128 -0.00024317234 3.2742352e-21)
(-0.013003644 -0.0012149895 -1.0145432e-22)
(-0.019868381 -0.0030630471 3.7417046e-20)
(-0.027329201 -0.0059094842 -1.4510996e-20)
(-0.034823939 -0.0097528041 1.317847e-20)
(-0.041889249 -0.014501398 -8.5171361e-20)
(-0.048031618 -0.019942442 -1.3804235e-20)
(-0.052949896 -0.025824197 1.2167191e-19)
(-0.056434916 -0.031866386 -1.0398902e-19)
(-0.058406263 -0.03779255 -1.9859403e-21)
(-0.058857004 -0.043330087 3.1587849e-20)
(-0.057901188 -0.04826844 -2.8579368e-20)
(-0.055630849 -0.052371688 -5.5135302e-21)
(-0.052232389 -0.055481664 -3.3611337e-21)
(-0.047941532 -0.057508828 -4.1440966e-21)
(-0.042931567 -0.058316792 -4.2440814e-21)
(-0.037448612 -0.057878332 6.6410254e-22)
(-0.031712407 -0.056169328 5.1167365e-20)
(-0.025946487 -0.053212309 -7.667278e-20)
(-0.020362817 -0.049060947 -8.1014643e-20)
(-0.015158959 -0.043800729 -3.2700396e-20)
(-0.010513577 -0.037546061 -7.4710256e-20)
(-0.0065825609 -0.030437197 1.6633636e-20)
(-0.0034935492 -0.022635811 2.4171822e-20)
(-0.001350194 -0.014335983 -3.7542678e-20)
(-0.00020893218 -0.0056919857 -5.0142745e-21)
(8.2464434e-06 -7.8223489e-05 -1.0382217e-21)
(3.939814e-05 0.00073446318 -6.1944624e-23)
(0.00011554283 0.0015421491 -3.5625268e-21)
(0.00023584939 0.0023255391 1.197116e-20)
(0.00039728455 0.0030642968 -8.4710556e-21)
(0.00059448721 0.0037380275 -2.5958177e-20)
(0.00081971415 0.0043268477 4.9342831e-21)
(0.0010628958 0.0048124945 1.9617339e-20)
(0.0013119628 0.0051791671 -1.8559626e-20)
(0.0015536561 0.005414759 4.1772545e-20)
(0.0017737047 0.0055116253 7.6300123e-22)
(0.0019581419 0.0054683194 -2.6144791e-20)
(0.0020940583 0.0052892047 -4.2781592e-20)
(0.0021715715 0.0049868655 3.485304e-20)
(0.0021840502 0.0045793867 -3.6791063e-20)
(0.0021297026 0.0040910724 -5.9334057e-20)
(0.0020134677 0.0035531596 3.893815e-20)
(0.0018450144 0.002997311 -6.2524561e-20)
(0.0016397362 0.0024560133 -8.2720149e-20)
(0.0014160962 0.0019574819 5.3673832e-20)
(0.0011952376 0.0015253016 6.8414944e-20)
(0.00099862704 0.0011762389 6.1259559e-20)
(0.00085043422 0.00092357739 5.0308035e-20)
(0.00077745431 0.0007770334 1.1875968e-20)
(0.0008135078 0.00074665032 2.0196959e-20)
(0.00098772104 0.00083104879 -4.3182356e-21)
(0.0013153452 0.0010131529 3.8982789e-20)
(0.0017641447 0.0012409391 -1.041694e-20)
(0.0022560046 0.0014432852 -8.1838993e-21)
(0.0027146337 0.0015704089 5.6394267e-20)
(0.0030879587 0.0016031631 -7.3611639e-20)
(0.0033836664 0.0015612438 -2.2144979e-21)
(0.0036312281 0.0014707611 3.6510262e-20)
(0.003809404 0.0013329331 1.9003531e-20)
(0.0038281773 0.0011326244 -6.0341648e-20)
(0.0035436092 0.00086033851 3.814086e-21)
(0.0027860655 0.00053192544 1.1214804e-20)
(0.0013459986 0.00019383617 2.1108348e-21)
(-0.00097538091 -5.8422967e-05 -3.0279652e-21)
(-0.004396784 -9.0636225e-05 1.8885915e-21)
(-0.0092641543 0.00031301364 -3.5270668e-21)
(-0.015538326 0.0014474002 2.868697e-20)
(-0.022689558 0.003493818 -3.9868152e-20)
(-0.030284426 0.0065445225 1.534712e-20)
(-0.037758729 0.010570949 -1.3822513e-20)
(-0.044631952 0.015447704 8.8540044e-20)
(-0.050478651 0.020954283 1.4221636e-20)
(-0.055034859 0.026837042 -1.2416789e-19)
(-0.058114483 0.03281099 1.0508571e-19)
(-0.059683518 0.038615425 1.9850025e-21)
(-0.059736915 0.043974447 -3.1163212e-20)
(-0.058427396 0.048703814 2.77137e-20)
(-0.055825623 0.052551669 -4.1871568e-20)
(-0.052147062 0.055387811 2.9753501e-21)
(-0.047637804 0.057141089 -3.4138628e-21)
(-0.04244378 0.057650519 5.8583057e-21)
(-0.03683226 0.05692171 -7.5515989e-22)
(-0.031013834 0.054927382 -5.5431853e-20)
(-0.025211231 0.051698896 8.1169347e-20)
(-0.019633221 0.047296196 8.4555872e-20)
(-0.01447289 0.041809223 3.378723e-20)
(-0.0099046229 0.035358278 7.6589911e-20)
(-0.0060786084 0.028086181 -1.6941356e-20)
(-0.0031169398 0.020160119 4.8548021e-20)
(-0.0011167662 0.0117666 3.782092e-20)
(-0.00013252068 0.0031008257 5.0294947e-21)
)
;
    }
    frontAndBack
    {
        type            empty;
    }
}


// ************************************************************************* //
