/*--------------------------------*- C++ -*----------------------------------*\
  =========                 |
  \\      /  F ield         | OpenFOAM: The Open Source CFD Toolbox
   \\    /   O peration     | Website:  https://openfoam.org
    \\  /    A nd           | Version:  13
     \\/     M anipulation  |
\*---------------------------------------------------------------------------*/
FoamFile
{
    format      ascii;
    class       volVectorField;
    location    "16.799187";
    object      wallShearStress;
}
// * * * * * * * * * * * * * * * * * * * * * * * * * * * * * * * * * * * * * //

dimensions      [0 2 -2 0 0 0 0];

internalField   uniform (0 0 0);

boundaryField
{
    inlet
    {
        type            calculated;
        value           uniform (0 0 0);
    }
    outlet
    {
        type            calculated;
        value           uniform (0 0 0);
    }
    cylinder
    {
        type            calculated;
        value           nonuniform List<vector> 
132
(
(6.5884901e-05 -0.0018419117 -1.458117e-22)
(0.00026036904 -0.0053669152 4.2100436e-23)
(0.00064665164 -0.008807608 2.3809207e-21)
(0.0012137059 -0.012057647 -8.2303611e-21)
(0.0019385664 -0.015010158 6.0179173e-21)
(0.0027869069 -0.017566533 1.9118794e-20)
(0.0037136217 -0.019638851 -3.7737552e-21)
(0.0046640416 -0.021153465 -1.557564e-20)
(0.0055787822 -0.022056358 1.5269398e-20)
(0.0063932308 -0.022313251 -3.549419e-20)
(0.0070424693 -0.02191471 -6.6647804e-22)
(0.007467702 -0.02088463 2.3363453e-20)
(0.0076232542 -0.019284544 3.8873191e-20)
(0.0074847208 -0.017216822 -3.2006321e-20)
(0.0070525936 -0.014814739 3.3945266e-20)
(0.0063566904 -0.012236374 5.4708259e-20)
(0.005453196 -0.0096454001 -3.5716287e-20)
(0.0044179398 -0.0071961307 5.6856604e-20)
(0.0033366044 -0.0050138343 7.4407504e-20)
(0.0022922558 -0.0031825328 -4.7704237e-20)
(0.0013518826 -0.0017379232 -6.0080185e-20)
(0.00056017931 -0.0006728946 2.085608e-23)
(-6.4263582e-05 5.9513828e-05 8.5260312e-21)
(-0.00050832638 0.00050200379 -1.0109405e-20)
(-0.00074602022 0.00068460893 -1.7045976e-20)
(-0.00069597689 0.00059081996 3.6143659e-21)
(-0.00035609421 0.00028288933 -3.2397603e-20)
(0.00042519079 -0.00028926622 8.6043546e-21)
(0.0014923534 -0.00094636986 6.7424007e-21)
(0.0025433376 -0.0014655638 -4.6472601e-20)
(0.00336698 -0.0017451971 6.082392e-20)
(0.0038547808 -0.0017781204 1.8461492e-21)
(0.0041038639 -0.0016627768 1.3334881e-20)
(0.0042190989 -0.001476738 -1.5813977e-20)
(0.0042287645 -0.0012509314 5.0279213e-20)
(0.0040024427 -0.00097069128 -3.1825102e-21)
(0.0033632686 -0.00063964216 1.2854751e-20)
(0.0020993182 -0.00029412879 -1.7684175e-21)
(6.9264039e-06 -1.7593143e-05 2.5440552e-21)
(-0.0031536595 5.9697412e-05 -1.592458e-21)
(-0.0077223732 -0.000262137 2.9886647e-21)
(-0.013770311 -0.0012858757 -9.2831861e-23)
(-0.020878734 -0.0032182971 3.4304455e-20)
(-0.028635677 -0.0061917771 -1.3332089e-20)
(-0.036489795 -0.010219491 1.2134321e-20)
(-0.04397869 -0.015225075 -7.8591061e-20)
(-0.050574874 -0.020998737 -1.2760604e-20)
(-0.055942199 -0.027284812 1.1261558e-19)
(-0.05983327 -0.03378673 -9.6265311e-20)
(-0.062131758 -0.040204732 -1.8358727e-21)
(-0.062808615 -0.046240817 2.9078645e-20)
(-0.061961199 -0.051654533 -2.6069936e-20)
(-0.059678939 -0.056184141 -4.9297327e-21)
(-0.0561606 -0.059655684 -2.8473678e-21)
(-0.051644889 -0.061952527 -2.4274085e-21)
(-0.046321275 -0.062922461 -5.5895352e-21)
(-0.040461988 -0.062536738 7.283915e-22)
(-0.034303756 -0.06076017 5.3817894e-20)
(-0.028094115 -0.057617718 -7.9244054e-20)
(-0.022066098 -0.053165623 -8.2970455e-20)
(-0.016437894 -0.047496989 -3.3315153e-20)
(-0.011406823 -0.04073691 -7.5880638e-20)
(-0.0071450807 -0.033039247 1.6864778e-20)
(-0.0037934345 -0.02458188 2.448782e-20)
(-0.0014668978 -0.015578462 -3.8030661e-20)
(-0.00022725366 -0.0062005636 -5.0823718e-21)
(6.3835249e-05 0.0016964426 -6.6619862e-22)
(0.00025375379 0.0052110016 -3.9762048e-23)
(0.00063404494 0.0086304029 -2.3041496e-21)
(0.0011924657 0.011845963 7.8644678e-21)
(0.0019042534 0.014746307 -5.6891043e-21)
(0.002732681 0.017228228 -1.7907277e-20)
(0.003629903 0.019200354 3.5069368e-21)
(0.004538372 0.02058884 1.4378832e-20)
(0.0053966507 0.021342472 -1.4017372e-20)
(0.0061395178 0.021434496 3.2426516e-20)
(0.0067038276 0.020867993 6.0633782e-22)
(0.0070341637 0.01967937 -2.1172486e-20)
(0.0070914608 0.017946399 -3.5104379e-20)
(0.0068596859 0.015785972 2.880989e-20)
(0.0063497216 0.013344731 -3.0464102e-20)
(0.0056016718 0.010788486 -4.8966246e-20)
(0.0046793249 0.0082813674 3.1893273e-20)
(0.0036630795 0.0059708775 -5.0674361e-20)
(0.0026372904 0.0039669398 -6.6220091e-20)
(0.0016771794 0.0023324995 4.2412009e-20)
(0.00083847696 0.0010826805 5.3379186e-20)
(0.0001494129 0.00018839034 4.7236886e-20)
(-0.00037351569 -0.00039648238 3.8377007e-20)
(-0.00072251767 -0.00071770561 8.9709809e-21)
(-0.00085159821 -0.00078328486 1.5118582e-20)
(-0.00070599812 -0.00060159481 -3.2040737e-21)
(-0.00013261016 -0.00011245614 2.8702163e-20)
(0.00079648286 0.00055048535 -7.6333875e-21)
(0.0019086352 0.0012135887 -5.9898955e-21)
(0.0029237185 0.0016870147 4.1379446e-20)
(0.003633746 0.0018850098 -5.4251192e-20)
(0.0040214243 0.0018558867 -1.6398791e-21)
(0.004207787 0.0017052515 2.7147445e-20)
(0.0043042815 0.0015067576 1.4184087e-20)
(0.004280581 0.0012666204 -4.5236025e-20)
(0.0039847052 0.00096706166 2.8749037e-21)
(0.0032292031 0.0006153571 8.5097364e-21)
(0.0018012178 0.00025517514 1.6143548e-21)
(-0.000499428 -2.0553964e-05 -2.3368139e-21)
(-0.003903974 -7.7647558e-05 1.4719645e-21)
(-0.0087479471 0.00029709434 -2.7797843e-21)
(-0.015062019 0.0014045447 2.2883148e-20)
(-0.022364925 0.0034454171 -3.2181235e-20)
(-0.030231336 0.0065348231 1.2525811e-20)
(-0.038105849 0.010670003 -1.1393734e-20)
(-0.045492094 0.015747122 7.3584326e-20)
(-0.051909791 0.021551136 1.1890806e-20)
(-0.057043429 0.027819385 -1.0415041e-19)
(-0.060656454 0.034249057 8.8095139e-20)
(-0.062672582 0.040552175 1.6545901e-21)
(-0.06305852 0.046422276 -2.5608259e-20)
(-0.061953285 0.051645395 2.2111992e-20)
(-0.059419574 0.055937156 -3.1232061e-20)
(-0.055688304 0.059151272 1.7987239e-21)
(-0.051017337 0.061196736 2.0826344e-21)
(-0.045562188 0.061887931 9.0068661e-21)
(-0.039618457 0.06122916 -9.0641193e-22)
(-0.033416264 0.059183649 -6.1651073e-20)
(-0.027202712 0.055783971 8.7110529e-20)
(-0.02120889 0.051093133 8.8931388e-20)
(-0.01564921 0.045208444 3.5089863e-20)
(-0.010717466 0.038261025 7.8878385e-20)
(-0.0065807889 0.030407455 -1.7346757e-20)
(-0.003374843 0.021831032 4.9507012e-20)
(-0.0012087126 0.012737285 3.8457343e-20)
(-0.00014286525 0.0033389639 5.1040786e-21)
)
;
    }
    frontAndBack
    {
        type            empty;
    }
}


// ************************************************************************* //
