/*--------------------------------*- C++ -*----------------------------------*\
  =========                 |
  \\      /  F ield         | OpenFOAM: The Open Source CFD Toolbox
   \\    /   O peration     | Website:  https://openfoam.org
    \\  /    A nd           | Version:  13
     \\/     M anipulation  |
\*---------------------------------------------------------------------------*/
FoamFile
{
    format      ascii;
    class       volVectorField;
    location    "29.400794";
    object      wallShearStress;
}
// * * * * * * * * * * * * * * * * * * * * * * * * * * * * * * * * * * * * * //

dimensions      [0 2 -2 0 0 0 0];

internalField   uniform (0 0 0);

boundaryField
{
    inlet
    {
        type            calculated;
        value           uniform (0 0 0);
    }
    outlet
    {
        type            calculated;
        value           uniform (0 0 0);
    }
    cylinder
    {
        type            calculated;
        value           nonuniform List<vector> 
132
(
(-9.5465048e-06 0.0010191393 -2.5184677e-22)
(-2.363252e-05 0.00068012295 7.1554162e-23)
(-1.8726872e-05 0.0003373751 3.9404051e-21)
(4.4101021e-06 -2.657926e-06 -1.3183368e-20)
(4.6095796e-05 -0.00033467663 9.2770894e-21)
(0.00010595208 -0.00065282841 2.8256991e-20)
(0.00018197481 -0.00095118077 -5.3371403e-21)
(0.00027197185 -0.0012242437 -2.1080513e-20)
(0.00037315302 -0.001466974 1.9813292e-20)
(0.00048222249 -0.0016750524 -4.4309942e-20)
(0.00059548855 -0.0018451519 -8.0451781e-22)
(0.00070906735 -0.0019750951 2.7413649e-20)
(0.00081918221 -0.0020641011 4.4639747e-20)
(0.00092224076 -0.0021127885 -3.6218052e-20)
(0.0010152797 -0.002123535 3.8106905e-20)
(0.0010960549 -0.0021000136 6.1307872e-20)
(0.0011636653 -0.0020478019 -4.0169157e-20)
(0.0012183689 -0.0019733195 6.4446292e-20)
(0.0012624345 -0.0018846508 8.5243226e-20)
(0.0013000935 -0.0017906835 -5.5325588e-20)
(0.0013376469 -0.0017006198 -7.0564538e-20)
(0.0013843149 -0.0016244548 2.485994e-23)
(0.0014513201 -0.0015711448 1.0253151e-20)
(0.0015526266 -0.001549042 -1.2287031e-20)
(0.001702086 -0.0015626851 -2.0922512e-20)
(0.0019118764 -0.001611992 4.4789784e-21)
(0.0021878751 -0.0016896185 -4.0477643e-20)
(0.0025252548 -0.0017800975 1.0824231e-20)
(0.0029080168 -0.0018629028 8.5064749e-21)
(0.003304649 -0.0019129728 -5.862861e-20)
(0.0036821856 -0.0019120925 7.6555145e-20)
(0.0040111811 -0.0018510833 2.3185447e-21)
(0.0042557724 -0.0017243765 1.6726498e-20)
(0.0043530707 -0.0015242838 -1.9839789e-20)
(0.0042015747 -0.0012446589 6.3113458e-20)
(0.0036529924 -0.00088904279 -3.9967039e-21)
(0.0025359593 -0.00048768902 1.61412e-20)
(0.00063607103 -0.00010148337 -2.2183497e-21)
(-0.0022302145 0.00015953885 3.1836864e-21)
(-0.0062407955 0.00013581074 -1.9848794e-21)
(-0.011757487 -0.00039236816 3.7013616e-21)
(-0.018700785 -0.0017383061 -1.1388665e-22)
(-0.026478135 -0.0040738594 4.1627651e-20)
(-0.034654889 -0.0074860098 -1.5986513e-20)
(-0.042644032 -0.011936288 1.4376085e-20)
(-0.049995565 -0.017302061 -9.2058189e-20)
(-0.056261926 -0.023353345 -1.4800847e-20)
(-0.061164725 -0.029825156 1.2957199e-19)
(-0.064508432 -0.036420454 -1.101606e-19)
(-0.066234641 -0.042854002 -2.095874e-21)
(-0.066338842 -0.048834767 3.3273116e-20)
(-0.064951764 -0.05414312 -3.0118822e-20)
(-0.062162693 -0.058518385 -5.8390208e-21)
(-0.058192818 -0.061810862 -3.6217349e-21)
(-0.053283881 -0.063915485 -4.9136036e-21)
(-0.047610703 -0.064671145 -3.71643e-21)
(-0.041453272 -0.064066237 6.4274875e-22)
(-0.035042642 -0.06206649 5.0444444e-20)
(-0.028623096 -0.058700262 -7.6122306e-20)
(-0.022424357 -0.054026436 -8.0702376e-20)
(-0.016660847 -0.048138606 -3.2630261e-20)
(-0.011527038 -0.041163035 -7.4614205e-20)
(-0.0071923071 -0.033253041 1.6618085e-20)
(-0.0037953374 -0.024586797 2.4149323e-20)
(-0.0014495122 -0.015375131 -3.7498776e-20)
(-0.00021619061 -0.0057944855 -5.0060618e-21)
(2.2648109e-05 0.0013527766 -1.1605853e-21)
(7.2784304e-05 0.0016814997 -6.9229675e-23)
(0.00014196625 0.0020028176 -3.9783316e-21)
(0.00022923061 0.0023107836 1.334842e-20)
(0.00033339566 0.0025993599 -9.4256592e-21)
(0.00045258001 0.0028624043 -2.8806005e-20)
(0.00058419857 0.0030939692 5.4583144e-21)
(0.00072491748 0.0032885539 2.1624305e-20)
(0.00087090674 0.0034413145 -2.0381317e-20)
(0.0010178356 0.0035483981 4.569598e-20)
(0.0011610108 0.0036071128 8.3154006e-22)
(0.0012957024 0.0036164258 -2.83899e-20)
(0.0014172845 0.0035767466 -4.63046e-20)
(0.0015218251 0.003490808 3.7617519e-20)
(0.0016059879 0.0033626056 -3.9618336e-20)
(0.0016679592 0.0031986938 -6.3782051e-20)
(0.0017073071 0.0030069599 4.1806858e-20)
(0.0017254922 0.002796787 -6.708271e-20)
(0.001726451 0.0025792126 -8.8724157e-20)
(0.0017162352 0.0023654874 5.7570556e-20)
(0.0017037908 0.0021675674 7.3401111e-20)
(0.0017009154 0.0019972515 6.5752333e-20)
(0.0017222103 0.0018654896 5.4029076e-20)
(0.0017848586 0.0017816183 1.2763672e-20)
(0.0019063112 0.0017508414 2.1726243e-20)
(0.0021008209 0.0017717449 -4.6499837e-21)
(0.0023750434 0.0018344186 4.2021451e-20)
(0.0027244917 0.0019206896 -1.1239204e-20)
(0.0031237294 0.0020012465 -8.8369595e-21)
(0.0035301178 0.002043689 6.0950991e-20)
(0.0039092425 0.0020302542 -7.9661662e-20)
(0.0042228133 0.0019491345 -2.4014381e-21)
(0.0044224957 0.0017925144 3.9702917e-20)
(0.0044344555 0.0015536397 2.0735057e-20)
(0.00414538 0.001229299 -6.6089553e-20)
(0.0033945236 0.00082824274 4.1941824e-21)
(0.0020025274 0.00038940141 1.2380618e-20)
(-0.00025013392 -1.5044237e-05 2.3380847e-21)
(-0.0035525502 -0.00026473694 -3.3607699e-21)
(-0.0080171244 -0.00018148524 2.0974893e-21)
(-0.014012496 0.00046336453 -3.9110724e-21)
(-0.021398137 0.0019855411 3.1683511e-20)
(-0.029476592 0.0045316641 -4.3790235e-20)
(-0.037801 0.0081621604 1.6750923e-20)
(-0.04580167 0.012817131 -1.499363e-20)
(-0.053021589 0.018346313 9.5498899e-20)
(-0.059047885 0.024505999 1.5268503e-20)
(-0.063642328 0.031029645 -1.3286724e-19)
(-0.066626789 0.037612978 1.1225332e-19)
(-0.067984967 0.043983146 2.1209433e-21)
(-0.067710877 0.049841595 -3.3395759e-20)
(-0.065982743 0.0549995 2.9926093e-20)
(-0.062857171 0.059168952 -4.598186e-20)
(-0.058589485 0.062229256 3.4265319e-21)
(-0.053446089 0.064107011 -5.4785859e-21)
(-0.047560703 0.064599966 4.6944803e-21)
(-0.041242711 0.063737339 -7.0050162e-22)
(-0.034713488 0.061479603 -5.3240753e-20)
(-0.028218044 0.057865062 7.9144727e-20)
(-0.021983598 0.05295902 8.3128346e-20)
(-0.016220786 0.046860009 3.3385712e-20)
(-0.011120258 0.039700477 7.5935378e-20)
(-0.0068461286 0.031636999 -1.6836159e-20)
(-0.0035317409 0.022853043 4.8328899e-20)
(-0.0012842216 0.013554813 3.7697856e-20)
(-0.00016176832 0.0039488048 5.0177722e-21)
)
;
    }
    frontAndBack
    {
        type            empty;
    }
}


// ************************************************************************* //
