/*--------------------------------*- C++ -*----------------------------------*\
  =========                 |
  \\      /  F ield         | OpenFOAM: The Open Source CFD Toolbox
   \\    /   O peration     | Website:  https://openfoam.org
    \\  /    A nd           | Version:  13
     \\/     M anipulation  |
\*---------------------------------------------------------------------------*/
FoamFile
{
    format      ascii;
    class       volVectorField;
    location    "26.101002";
    object      wallShearStress;
}
// * * * * * * * * * * * * * * * * * * * * * * * * * * * * * * * * * * * * * //

dimensions      [0 2 -2 0 0 0 0];

internalField   uniform (0 0 0);

boundaryField
{
    inlet
    {
        type            calculated;
        value           uniform (0 0 0);
    }
    outlet
    {
        type            calculated;
        value           uniform (0 0 0);
    }
    cylinder
    {
        type            calculated;
        value           nonuniform List<vector> 
132
(
(2.108526e-05 -0.0011737859 -2.4210304e-22)
(6.9091438e-05 -0.0015720698 6.9050003e-23)
(0.00014016398 -0.0019650473 3.8171252e-21)
(0.00023337929 -0.0023450695 -1.2821232e-20)
(0.0003475071 -0.0027043529 9.0578075e-21)
(0.00048041139 -0.0030348998 2.7697651e-20)
(0.00062903351 -0.0033288783 -5.2517143e-21)
(0.00078934982 -0.0035789176 -2.0820738e-20)
(0.00095657224 -0.0037784578 1.9639122e-20)
(0.0011252875 -0.003922085 -4.4067635e-20)
(0.0012895522 -0.0040059148 -8.0256488e-22)
(0.0014432575 -0.0040279924 2.7423738e-20)
(0.0015804721 -0.0039885437 4.4765001e-20)
(0.0016958624 -0.0038901834 -3.639479e-20)
(0.0017852607 -0.0037382962 3.8357874e-20)
(0.0018456143 -0.0035398684 6.1793001e-20)
(0.0018763001 -0.0033051838 -4.0525456e-20)
(0.0018788794 -0.0030460921 6.5057178e-20)
(0.0018571959 -0.0027752997 8.6077042e-20)
(0.001818236 -0.0025068922 -5.5868642e-20)
(0.001771766 -0.0022548912 -7.1244409e-20)
(0.0017307847 -0.0020331643 2.5073093e-23)
(0.0017111938 -0.0018543418 1.0343572e-20)
(0.0017318591 -0.0017293838 -1.2388808e-20)
(0.0018125797 -0.0016652377 -2.1084281e-20)
(0.0019713675 -0.0016628193 4.5113018e-21)
(0.002218591 -0.0017136123 -4.0753319e-20)
(0.0025501322 -0.0017976305 1.0895398e-20)
(0.0029443031 -0.0018860208 8.5624243e-21)
(0.0033598672 -0.0019448147 -5.9028285e-20)
(0.0037534728 -0.0019490552 7.7107109e-20)
(0.0040900407 -0.0018874919 2.336475e-21)
(0.0043343616 -0.001756269 1.6865238e-20)
(0.004426797 -0.0015501465 -2.0015677e-20)
(0.0042674093 -0.0012641862 6.3710971e-20)
(0.0037086072 -0.00090256388 -4.0370745e-21)
(0.002579049 -0.00049588688 1.6314957e-20)
(0.00066419561 -0.00010536955 -2.2437413e-21)
(-0.0022189946 0.00015855603 3.2222966e-21)
(-0.0062467943 0.00013589177 -2.0102372e-21)
(-0.011781224 -0.00039317221 3.7510002e-21)
(-0.01874161 -0.0017420731 -1.1548205e-22)
(-0.026532928 -0.004082249 4.2235872e-20)
(-0.03472261 -0.0075005921 -1.6229739e-20)
(-0.042723822 -0.011958529 1.4604359e-20)
(-0.050087322 -0.017333737 -9.3595057e-20)
(-0.05636669 -0.023396833 -1.5063322e-20)
(-0.061283146 -0.029882932 1.3204684e-19)
(-0.064641856 -0.036495845 -1.1247027e-19)
(-0.066381986 -0.042949433 -2.1452491e-21)
(-0.066502356 -0.048955276 3.4186473e-20)
(-0.065125725 -0.0542883 -3.1125585e-20)
(-0.062351033 -0.058695972 -6.1001594e-21)
(-0.058393499 -0.062024312 -3.8740778e-21)
(-0.053488316 -0.064161098 -5.8393436e-21)
(-0.047820694 -0.0649569 -2.9276108e-21)
(-0.041663835 -0.064392321 6.0239647e-22)
(-0.035250487 -0.062435486 4.8695824e-20)
(-0.02882424 -0.059113929 -7.4390876e-20)
(-0.022614505 -0.054486157 -7.940939e-20)
(-0.016835601 -0.048645833 -3.2252061e-20)
(-0.01168161 -0.041718536 -7.3992032e-20)
(-0.0073218744 -0.03385799 1.6522618e-20)
(-0.0038947326 -0.025241188 2.4064883e-20)
(-0.0015135619 -0.016082489 -3.7444836e-20)
(-0.00023822254 -0.0065472184 -5.0090319e-21)
(-5.2358143e-06 -0.00077339394 -1.1115812e-21)
(-1.0196928e-05 -0.00037050274 -6.6069959e-23)
(7.1163982e-06 3.1073301e-05 -3.7831417e-21)
(4.5776894e-05 0.00042460928 1.265016e-20)
(0.00010601317 0.00080259686 -8.9030889e-21)
(0.00018562229 0.0011575756 -2.7123635e-20)
(0.00028210134 0.0014823991 5.1244086e-21)
(0.00039216013 0.0017704206 2.0246193e-20)
(0.00051180484 0.0020157924 -1.9035034e-20)
(0.00063648463 0.002213856 4.2582742e-20)
(0.00076124049 0.0023613531 7.733887e-22)
(0.00088120411 0.0024568055 -2.636e-20)
(0.00099159158 0.0025004795 -4.2933667e-20)
(0.0010883029 0.0024949839 3.483971e-20)
(0.0011680107 0.002444586 -3.666076e-20)
(0.0012289285 0.0023560623 -5.8983809e-20)
(0.001270623 0.0022373668 3.8645954e-20)
(0.0012947874 0.0020982969 -6.1997803e-20)
(0.0013054286 0.0019498973 -8.1994959e-20)
(0.0013088738 0.0018036655 5.3208902e-20)
(0.0013143553 0.0016716938 6.7852821e-20)
(0.0013336541 0.0015654542 6.0797899e-20)
(0.0013815979 0.0014958494 4.9972634e-20)
(0.0014748983 0.0014714097 1.1809035e-20)
(0.0016300112 0.0014962051 2.0107164e-20)
(0.0018587979 0.0015668007 -4.3045997e-21)
(0.0021640614 0.0016707952 3.8908702e-20)
(0.0025313983 0.0017841314 -1.0408317e-20)
(0.0029346118 0.001879827 -8.1837232e-21)
(0.0033375699 0.0019320946 5.6439462e-20)
(0.0037032419 0.0019232198 -7.3749931e-20)
(0.0040070435 0.0018494275 -2.2224112e-21)
(0.0042182546 0.0017094966 3.6727445e-20)
(0.0042670577 0.0014946349 1.9173039e-20)
(0.0040439818 0.0011987045 -6.1085494e-20)
(0.0033951419 0.00082752913 3.8751944e-21)
(0.0021452707 0.00041515968 1.1435989e-20)
(7.7847526e-05 2.7498078e-05 2.1595006e-21)
(-0.002988437 -0.0002193894 -3.1048338e-21)
(-0.0071986327 -0.00016044373 1.9387213e-21)
(-0.012916805 0.00042854633 -3.6184949e-21)
(-0.020027872 0.0018596434 2.9354708e-20)
(-0.027891527 0.0042892699 -4.0638843e-20)
(-0.036054059 0.0077862024 1.5569318e-20)
(-0.043946482 0.012299159 -1.395466e-20)
(-0.051142192 0.017697221 8.8965829e-20)
(-0.057190748 0.023736616 1.4223788e-20)
(-0.061843864 0.030154085 -1.2366682e-19)
(-0.064921797 0.036651623 1.0421463e-19)
(-0.066387396 0.042950636 1.9600422e-21)
(-0.06623507 0.048756167 -3.0607587e-20)
(-0.064633691 0.053875781 2.7032324e-20)
(-0.061636416 0.058020421 -4.0321162e-20)
(-0.057493813 0.061065985 2.7835244e-21)
(-0.052474657 0.062942116 -2.4037435e-21)
(-0.046707726 0.063441516 6.4909013e-21)
(-0.040502628 0.062593508 -7.8796038e-22)
(-0.034080008 0.060357317 -5.6860279e-20)
(-0.027684452 0.056770154 8.2588602e-20)
(-0.021543034 0.051896493 8.562004e-20)
(-0.015866332 0.045834074 3.4100733e-20)
(-0.010845009 0.038714552 7.7114136e-20)
(-0.0066433114 0.030693959 -1.7024545e-20)
(-0.0033946257 0.021955081 4.8706864e-20)
(-0.0012063191 0.012701882 3.7889146e-20)
(-0.00013802386 0.0031494758 5.0315039e-21)
)
;
    }
    frontAndBack
    {
        type            empty;
    }
}


// ************************************************************************* //
