/*--------------------------------*- C++ -*----------------------------------*\
  =========                 |
  \\      /  F ield         | OpenFOAM: The Open Source CFD Toolbox
   \\    /   O peration     | Website:  https://openfoam.org
    \\  /    A nd           | Version:  13
     \\/     M anipulation  |
\*---------------------------------------------------------------------------*/
FoamFile
{
    format      ascii;
    class       volVectorField;
    location    "21.599467";
    object      wallShearStress;
}
// * * * * * * * * * * * * * * * * * * * * * * * * * * * * * * * * * * * * * //

dimensions      [0 2 -2 0 0 0 0];

internalField   uniform (0 0 0);

boundaryField
{
    inlet
    {
        type            calculated;
        value           uniform (0 0 0);
    }
    outlet
    {
        type            calculated;
        value           uniform (0 0 0);
    }
    cylinder
    {
        type            calculated;
        value           nonuniform List<vector> 
132
(
(2.063532e-05 -0.0007509581 -2.1762199e-22)
(7.7922656e-05 -0.0016518316 6.1784625e-23)
(0.00018402732 -0.0025253435 3.4031501e-21)
(0.0003360734 -0.0033486939 -1.1393094e-20)
(0.00052860296 -0.0040988109 8.0263309e-21)
(0.00075352822 -0.0047532948 2.4485507e-20)
(0.001000253 -0.0052915393 -4.6333163e-21)
(0.0012559367 -0.0056958307 -1.8336605e-20)
(0.001505939 -0.0059526707 1.7267772e-20)
(0.0017350872 -0.006053757 -3.8683784e-20)
(0.0019280468 -0.0059971275 -7.0332149e-22)
(0.002070626 -0.0057877368 2.3984788e-20)
(0.0021513349 -0.0054386718 3.9063948e-20)
(0.0021626262 -0.0049706969 -3.167823e-20)
(0.0021019578 -0.0044112452 3.3290029e-20)
(0.0019722364 -0.0037922354 5.3458167e-20)
(0.0017829051 -0.0031495759 -3.4939745e-20)
(0.0015482828 -0.0025180519 5.5893156e-20)
(0.0012871506 -0.0019303007 7.3690682e-20)
(0.0010203894 -0.0014125328 -4.7665871e-20)
(0.0007712888 -0.00098598385 -6.0586101e-20)
(0.00056279853 -0.00066412298 2.1278378e-23)
(0.00042519577 -0.00046221072 8.7450476e-21)
(0.00038909256 -0.00038816974 -1.0447902e-20)
(0.00050082725 -0.00045786811 -1.7739619e-20)
(0.00078579249 -0.00065882979 3.7891058e-21)
(0.0012612838 -0.00096927204 -3.4185459e-20)
(0.0018717902 -0.0013151482 9.1382928e-21)
(0.0025116423 -0.0016059345 7.1846263e-21)
(0.0030895795 -0.0017869514 -4.9576457e-20)
(0.003531749 -0.0018336182 6.4805878e-20)
(0.0038454172 -0.001774706 1.9642011e-21)
(0.0040646937 -0.0016468797 1.4172864e-20)
(0.0041989306 -0.0014697248 -1.6810545e-20)
(0.0041673676 -0.0012333418 5.3479125e-20)
(0.0038255222 -0.00092898008 -3.3876633e-21)
(0.0030024781 -0.00057317521 1.3691167e-20)
(0.0014950519 -0.00021441808 -1.8840632e-21)
(-0.00088916576 5.1371313e-05 2.7097086e-21)
(-0.0043710441 8.9555741e-05 -1.6945734e-21)
(-0.0092859306 -0.00031403817 3.1740615e-21)
(-0.015651623 -0.0014583303 -9.8257139e-23)
(-0.022974246 -0.0035382321 3.61536e-20)
(-0.03084257 -0.0066660447 -1.3983744e-20)
(-0.038711523 -0.010838831 1.266245e-20)
(-0.046086101 -0.01595216 -8.1581794e-20)
(-0.052503753 -0.021797281 -1.3184786e-20)
(-0.057652319 -0.02811611 1.158288e-19)
(-0.061297416 -0.034610996 -9.8638072e-20)
(-0.063357836 -0.040995853 -1.8746098e-21)
(-0.063806103 -0.046973186 2.9611151e-20)
(-0.06275473 -0.052314292 -2.648782e-20)
(-0.060291519 -0.056759299 -5.0023095e-21)
(-0.056623568 -0.060146138 -2.8921488e-21)
(-0.051984374 -0.062358598 -2.5212938e-21)
(-0.04655993 -0.063245608 -5.5474414e-21)
(-0.040621267 -0.062781988 7.2706697e-22)
(-0.034402193 -0.060933675 5.374667e-20)
(-0.028147148 -0.057725671 -7.9102565e-20)
(-0.022086726 -0.053214497 -8.2757981e-20)
(-0.016436631 -0.047492408 -3.3198779e-20)
(-0.011392284 -0.040683793 -7.5536551e-20)
(-0.0071242842 -0.032941266 1.6768892e-20)
(-0.0037722154 -0.024441468 2.4317011e-20)
(-0.0014504854 -0.015396066 -3.7709816e-20)
(-0.00022077124 -0.0059751076 -5.0308181e-21)
(1.2788626e-05 0.0001637462 -1.0040792e-21)
(5.5166968e-05 0.0010874754 -6.0008261e-23)
(0.00014895336 0.0020075 -3.4571035e-21)
(0.0002933361 0.0029013332 1.1637351e-20)
(0.00048494523 0.0037453319 -8.2494558e-21)
(0.00071770037 0.0045157147 -2.5323786e-20)
(0.00098277406 0.0051894233 4.8220588e-21)
(0.0012686528 0.0057452837 1.9203421e-20)
(0.0015615591 0.0061651618 -1.8197231e-20)
(0.0018463537 0.0064351723 4.1018665e-20)
(0.0021068308 0.0065468154 7.5026121e-22)
(0.0023271033 0.0064984861 -2.5741125e-20)
(0.0024926078 0.006295478 -4.216824e-20)
(0.0025920424 0.005951904 3.4386928e-20)
(0.0026177182 0.0054879871 -3.632912e-20)
(0.0025679912 0.0049321972 -5.8629018e-20)
(0.0024475685 0.0043183292 3.8496624e-20)
(0.0022669127 0.0036817665 -6.1840978e-20)
(0.0020428667 0.0030588712 -8.1839967e-20)
(0.0017958529 0.0024814781 5.3112194e-20)
(0.0015501881 0.0019774016 6.7704958e-20)
(0.0013323022 0.0015684497 6.0624101e-20)
(0.0011720109 0.0012721511 4.9784636e-20)
(0.0011029557 0.0011020522 1.1752142e-20)
(0.0011598452 0.001064713 1.9987983e-20)
(0.0013705086 0.0011539602 -4.2746011e-21)
(0.0017328573 0.0013359094 3.8608885e-20)
(0.0022123088 0.0015572602 -1.0323947e-20)
(0.0027318093 0.0017485411 -8.1187633e-21)
(0.0032072341 0.0018560156 5.6014593e-20)
(0.0035895191 0.0018640826 -7.3229129e-20)
(0.0038732665 0.0017877748 -2.20713e-21)
(0.0040694335 0.0016491636 3.6471454e-20)
(0.0041315356 0.001446955 1.9033268e-20)
(0.0039550583 0.0011719441 -6.0610207e-20)
(0.0033872089 0.00082490973 3.8424175e-21)
(0.0022540876 0.00043471454 1.1329682e-20)
(0.00034355041 6.2090489e-05 2.1373261e-21)
(-0.0025271276 -0.00018314621 -3.0700112e-21)
(-0.006517798 -0.00014336334 1.9151924e-21)
(-0.011993266 0.00039919638 -3.5722277e-21)
(-0.01886946 0.0017532301 2.8972964e-20)
(-0.026548169 0.0040839431 -4.0121469e-20)
(-0.034600976 0.007473725 1.538304e-20)
(-0.042447624 0.011880845 -1.3801992e-20)
(-0.049644449 0.017180095 8.8112438e-20)
(-0.055752722 0.023141246 1.4110458e-20)
(-0.06050212 0.029501276 -1.2289571e-19)
(-0.063700168 0.035963287 1.0377494e-19)
(-0.065299752 0.042248208 1.9561708e-21)
(-0.065288016 0.048060188 -3.0635243e-20)
(-0.063820352 0.053198868 2.7156635e-20)
(-0.060958269 0.057383107 -4.0784758e-20)
(-0.056940903 0.060479614 2.8576235e-21)
(-0.052028492 0.062407822 -2.8758366e-21)
(-0.046364556 0.062976273 6.1496047e-21)
(-0.040247862 0.062200658 -7.6818591e-22)
(-0.033902465 0.060043813 -5.5916453e-20)
(-0.027572098 0.056540806 8.1582129e-20)
(-0.021484008 0.051755571 8.4826074e-20)
(-0.015848947 0.045785525 3.3860572e-20)
(-0.010857576 0.038761851 7.671672e-20)
(-0.0066741105 0.030840286 -1.6966466e-20)
(-0.0034319269 0.022203536 4.8624378e-20)
(-0.0012379804 0.013056045 3.7893041e-20)
(-0.00015099976 0.0036089777 5.0419055e-21)
)
;
    }
    frontAndBack
    {
        type            empty;
    }
}


// ************************************************************************* //
