/*--------------------------------*- C++ -*----------------------------------*\
  =========                 |
  \\      /  F ield         | OpenFOAM: The Open Source CFD Toolbox
   \\    /   O peration     | Website:  https://openfoam.org
    \\  /    A nd           | Version:  13
     \\/     M anipulation  |
\*---------------------------------------------------------------------------*/
FoamFile
{
    format      ascii;
    class       volVectorField;
    location    "28.299385";
    object      wallShearStress;
}
// * * * * * * * * * * * * * * * * * * * * * * * * * * * * * * * * * * * * * //

dimensions      [0 2 -2 0 0 0 0];

internalField   uniform (0 0 0);

boundaryField
{
    inlet
    {
        type            calculated;
        value           uniform (0 0 0);
    }
    outlet
    {
        type            calculated;
        value           uniform (0 0 0);
    }
    cylinder
    {
        type            calculated;
        value           nonuniform List<vector> 
132
(
(1.8411803e-06 0.00014885731 -2.4794962e-22)
(1.0984895e-05 -0.00017482731 7.0468678e-23)
(3.7825014e-05 -0.00049594854 3.8820046e-21)
(8.2478849e-05 -0.00080906884 -1.2992637e-20)
(0.00014403935 -0.0011084684 9.1460064e-21)
(0.00022111518 -0.0013884663 2.7867575e-20)
(0.00031167662 -0.0016435331 -5.2653287e-21)
(0.00041308332 -0.00186853 -2.0802971e-20)
(0.0005221439 -0.0020589181 1.9557167e-20)
(0.00063518012 -0.0022110148 -4.3744996e-20)
(0.00074825816 -0.0023221767 -7.9434697e-22)
(0.00085737037 -0.0023910309 2.7067399e-20)
(0.00095856638 -0.0024175788 4.4072727e-20)
(0.0010483274 -0.0024035109 -3.5751964e-20)
(0.0011236842 -0.0023518489 3.7606825e-20)
(0.0011827988 -0.002267583 6.0482074e-20)
(0.0012246048 -0.0021562682 -3.9611409e-20)
(0.0012499977 -0.0020256596 6.3519556e-20)
(0.0012612784 -0.0018839661 8.39719e-20)
(0.0012624977 -0.0017398849 -5.446816e-20)
(0.0012599063 -0.001602727 -6.9428684e-20)
(0.0012614465 -0.0014811704 2.4441608e-23)
(0.0012776536 -0.0013839727 1.0075256e-20)
(0.0013211527 -0.001318821 -1.206576e-20)
(0.0014067632 -0.001292084 -2.0531037e-20)
(0.0015492969 -0.0013065672 4.3917322e-21)
(0.0017610997 -0.001360031 -3.9654235e-20)
(0.002044392 -0.0014408463 1.059358e-20)
(0.0023923511 -0.0015320411 8.3159349e-21)
(0.0027804123 -0.001608852 -5.7245885e-20)
(0.0031715923 -0.0016462409 7.4648939e-20)
(0.0035380873 -0.0016319745 2.2573079e-21)
(0.0038542072 -0.0015607056 1.6255221e-20)
(0.0040785932 -0.0014268558 -1.9239577e-20)
(0.0041355545 -0.0012231961 6.1061143e-20)
(0.0038939077 -0.00094469144 -3.8577634e-21)
(0.0031879979 -0.00060721099 1.5548815e-20)
(0.0018066606 -0.00025556548 -2.1341342e-21)
(-0.00045648612 1.7492152e-05 3.0625052e-21)
(-0.0038349582 7.6022207e-05 -1.9116434e-21)
(-0.0086742161 -0.00029464883 3.5755897e-21)
(-0.014955511 -0.0013945194 -1.1054663e-22)
(-0.022163867 -0.0034141424 4.0644115e-20)
(-0.029860326 -0.0064540679 -1.5705613e-20)
(-0.03748052 -0.010494063 1.4207705e-20)
(-0.044527826 -0.015412447 -9.1460054e-20)
(-0.050564363 -0.020991126 -1.4775539e-20)
(-0.055315141 -0.026974978 1.2987372e-19)
(-0.058583382 -0.033077006 -1.1082802e-19)
(-0.060325935 -0.039032396 -2.1158635e-21)
(-0.060536476 -0.044564434 3.3714221e-20)
(-0.059353839 -0.049477583 -3.0658856e-20)
(-0.05686281 -0.053529795 -5.9845891e-21)
(-0.053262563 -0.056574476 -3.7644024e-21)
(-0.048791534 -0.058527132 -5.4353821e-21)
(-0.04361601 -0.059245319 -3.281157e-21)
(-0.037989863 -0.058713778 6.2115263e-22)
(-0.03212836 -0.056905061 4.9548762e-20)
(-0.026255511 -0.053845113 -7.5278929e-20)
(-0.020582196 -0.049588549 -8.0107265e-20)
(-0.015305011 -0.044221717 -3.2466696e-20)
(-0.010601827 -0.037860017 -7.4362417e-20)
(-0.0066276481 -0.030644024 1.6582074e-20)
(-0.0035094519 -0.022736193 2.4119639e-20)
(-0.0013502365 -0.014330064 -3.7480411e-20)
(-0.00020618308 -0.0055828074 -5.0066923e-21)
(1.0311529e-05 0.00047278107 -1.1423052e-21)
(3.645795e-05 0.00079741621 -6.8122048e-23)
(8.1047508e-05 0.0011204514 -3.9139184e-21)
(0.00014387372 0.00143625 1.3130528e-20)
(0.00022424463 0.0017388204 -9.2711856e-21)
(0.00032078724 0.0020220076 -2.8334221e-20)
(0.00043141548 0.002279677 5.3694242e-21)
(0.00055330795 0.0025059623 2.1275969e-20)
(0.00068296457 0.0026955192 -2.0058426e-20)
(0.00081642205 0.0028437657 4.498812e-20)
(0.00094921897 0.002947177 8.1900943e-22)
(0.0010766713 0.0030035855 -2.7976763e-20)
(0.001194129 0.0030124129 -4.5656882e-20)
(0.0012972789 0.0029748518 3.7114531e-20)
(0.0013825387 0.0028940911 -3.9113913e-20)
(0.0014473037 0.0027750809 -6.3012601e-20)
(0.0014903605 0.0026245782 4.1329561e-20)
(0.0015121383 0.0024508389 -6.6360162e-20)
(0.0015150833 0.0022634482 -8.782098e-20)
(0.0015039546 0.0020730368 5.7016042e-20)
(0.0014855682 0.0018902018 7.2728536e-20)
(0.0014693279 0.0017256861 6.5175176e-20)
(0.0014671796 0.0015896976 5.356944e-20)
(0.0014936106 0.001491391 1.2656756e-20)
(0.0015650108 0.0014378214 2.1543089e-20)
(0.0016973315 0.0014317593 -4.6094746e-21)
(0.0019034768 0.001470281 4.1632223e-20)
(0.0021858157 0.0015407862 -1.1125807e-20)
(0.002531906 0.0016216883 -8.7377214e-21)
(0.002912801 0.0016857283 6.0182177e-20)
(0.0032934427 0.0017097485 -7.8528864e-20)
(0.003642319 0.001680349 -2.3626907e-21)
(0.0039262239 0.001590274 3.8973024e-20)
(0.0040911954 0.0014318913 2.0300156e-20)
(0.0040441646 0.0011971604 -6.4517792e-20)
(0.0036389534 0.00088444887 4.0823919e-21)
(0.0027008828 0.00051735965 1.2018242e-20)
(0.0010072923 0.00015006002 2.2648947e-21)
(-0.0016364821 -0.0001124891 -3.2525386e-21)
(-0.0054247849 -0.00011556039 2.0302498e-21)
(-0.010717138 0.00035946861 -3.7923939e-21)
(-0.017400523 0.0016186503 3.082197e-20)
(-0.024882002 0.0038291813 -4.2775601e-20)
(-0.032709224 0.0070661994 1.643274e-20)
(-0.040281001 0.011274959 -1.4766675e-20)
(-0.047161298 0.01632113 9.4394606e-20)
(-0.052930359 0.021969532 1.5134021e-20)
(-0.057345328 0.027961411 -1.3200165e-19)
(-0.060249808 0.034014459 1.1170179e-19)
(-0.061619902 0.039866364 2.1129159e-21)
(-0.061468106 0.045247137 -3.3292039e-20)
(-0.059955108 0.049975778 2.9834502e-20)
(-0.057154535 0.053801315 -4.5826064e-20)
(-0.053288749 0.056599333 3.4043125e-21)
(-0.048609903 0.058306167 -5.3615719e-21)
(-0.043257552 0.058755049 4.7811084e-21)
(-0.037502896 0.057957492 -7.0566029e-22)
(-0.031556141 0.055887359 -5.3506447e-20)
(-0.025639633 0.05257708 7.9452436e-20)
(-0.019962001 0.04808811 8.339495e-20)
(-0.014715745 0.042510923 3.3476003e-20)
(-0.010074918 0.035966724 7.6108486e-20)
(-0.0061892879 0.028598744 -1.6867987e-20)
(-0.0031806589 0.020574644 4.8401591e-20)
(-0.0011459835 0.012081638 3.7739006e-20)
(-0.00013924105 0.0033127986 5.021026e-21)
)
;
    }
    frontAndBack
    {
        type            empty;
    }
}


// ************************************************************************* //
