/*--------------------------------*- C++ -*----------------------------------*\
  =========                 |
  \\      /  F ield         | OpenFOAM: The Open Source CFD Toolbox
   \\    /   O peration     | Website:  https://openfoam.org
    \\  /    A nd           | Version:  13
     \\/     M anipulation  |
\*---------------------------------------------------------------------------*/
FoamFile
{
    format      ascii;
    class       volVectorField;
    location    "37.898921";
    object      wallShearStress;
}
// * * * * * * * * * * * * * * * * * * * * * * * * * * * * * * * * * * * * * //

dimensions      [0 2 -2 0 0 0 0];

internalField   uniform (0 0 0);

boundaryField
{
    inlet
    {
        type            calculated;
        value           uniform (0 0 0);
    }
    outlet
    {
        type            calculated;
        value           uniform (0 0 0);
    }
    cylinder
    {
        type            calculated;
        value           nonuniform List<vector> 
132
(
(2.0578891e-05 -0.0012335362 -2.7946489e-22)
(6.6224175e-05 -0.0015299476 7.9766972e-23)
(0.00012934188 -0.0018239586 4.4120039e-21)
(0.00020945632 -0.0021104143 -1.4826209e-20)
(0.00030590526 -0.0023838797 1.0477711e-20)
(0.00041738871 -0.0026386375 3.2046004e-20)
(0.00054193788 -0.0028689531 -6.0767152e-21)
(0.00067682312 -0.0030692999 -2.4091107e-20)
(0.00081885419 -0.0032345749 2.2721513e-20)
(0.0009641905 -0.0033603478 -5.097554e-20)
(0.0011085802 -0.0034432217 -9.2817845e-22)
(0.0012475182 -0.0034809854 3.1708617e-20)
(0.0013765478 -0.0034730366 5.1747556e-20)
(0.0014914748 -0.0034203399 -4.2063221e-20)
(0.0015888412 -0.0033259122 4.4324741e-20)
(0.0016660923 -0.0031943919 7.1397165e-20)
(0.0017221196 -0.0030323987 -4.6822122e-20)
(0.0017575417 -0.0028481707 7.5166709e-20)
(0.0017749991 -0.0026512709 9.9461017e-20)
(0.0017797083 -0.0024526098 -6.4564344e-20)
(0.0017792794 -0.0022633628 -8.234857e-20)
(0.001784577 -0.0020953835 2.8997064e-23)
(0.00180896 -0.0019594982 1.196152e-20)
(0.001868647 -0.0018654397 -1.4330725e-20)
(0.0019804527 -0.0018192357 -2.4396262e-20)
(0.0021588152 -0.0018210078 5.2214267e-21)
(0.0024131684 -0.0018642003 -4.7178691e-20)
(0.0027418527 -0.0019331808 1.2614854e-20)
(0.0031261019 -0.0020028692 9.9135704e-21)
(0.0035306826 -0.0020439869 -6.8330694e-20)
(0.0039179767 -0.0020346854 8.9233758e-20)
(0.004248351 -0.0019607494 2.7028809e-21)
(0.0044739401 -0.0018131305 1.9501123e-20)
(0.0045193641 -0.0015830659 -2.3130791e-20)
(0.0042739939 -0.0012669397 7.3567733e-20)
(0.0035806894 -0.00087278645 -4.6565719e-21)
(0.0022588397 -0.00043713062 1.8790525e-20)
(8.4761081e-05 -2.9253039e-05 -2.5790906e-21)
(-0.003128969 0.0002297853 3.6941503e-21)
(-0.0075237632 0.00016785116 -2.297344e-21)
(-0.013475871 -0.0004469304 4.269549e-21)
(-0.020860379 -0.001936727 -1.3081776e-22)
(-0.029004443 -0.0044601803 4.7611868e-20)
(-0.037450813 -0.00808763 -1.8208343e-20)
(-0.045618633 -0.012766839 1.6316301e-20)
(-0.053055872 -0.018359168 -1.0420044e-19)
(-0.059317694 -0.024619357 -1.6729894e-20)
(-0.064149106 -0.031278175 1.4650178e-19)
(-0.067367416 -0.03803256 -1.2487103e-19)
(-0.068930622 -0.044596491 -2.3891322e-21)
(-0.068846291 -0.050679011 3.832625e-20)
(-0.067254194 -0.056061026 -3.5336938e-20)
(-0.064251749 -0.06048385 -7.0968835e-21)
(-0.060066731 -0.063800383 -4.7655995e-21)
(-0.054943171 -0.065905194 -8.8399617e-21)
(-0.049060466 -0.066640023 -5.7206802e-22)
(-0.042701382 -0.065995114 4.9125187e-22)
(-0.036098849 -0.063937488 4.4241782e-20)
(-0.02949916 -0.060497627 -7.0287708e-20)
(-0.0231333 -0.055735826 -7.6531e-20)
(-0.017216946 -0.049747626 -3.1447159e-20)
(-0.011945365 -0.042660654 -7.2684245e-20)
(-0.0074888224 -0.034630577 1.6311629e-20)
(-0.003986397 -0.025836365 2.3838757e-20)
(-0.0015520552 -0.016494944 -3.7178601e-20)
(-0.00024573853 -0.0067724117 -4.980759e-21)
(-8.9268152e-06 -0.0009366115 -1.2820264e-21)
(-2.2492244e-05 -0.00063870849 -7.6120433e-23)
(-1.9853621e-05 -0.0003411583 -4.3537152e-21)
(-1.3148159e-06 -4.9624148e-05 1.4538546e-20)
(3.271777e-05 0.00023157482 -1.0217201e-20)
(8.1025887e-05 0.00049797766 -3.10781e-20)
(0.00014260016 0.00074501158 5.8615016e-21)
(0.00021521956 0.0009687359 2.3116781e-20)
(0.00029650886 0.0011657758 -2.1693374e-20)
(0.00038383984 0.0013334869 4.8437483e-20)
(0.00047441955 0.0014701229 8.7806881e-22)
(0.00056545104 0.0015749685 -2.9870994e-20)
(0.00065427984 0.0016484596 -4.8564252e-20)
(0.00073872181 0.0016921561 3.9341473e-20)
(0.000817147 0.0017088366 -4.1332137e-20)
(0.00088869951 0.0017023391 -6.6404288e-20)
(0.00095361892 0.0016776681 4.3452265e-20)
(0.0010133326 0.0016406182 -6.9632089e-20)
(0.0010708871 0.0015979542 -9.2006594e-20)
(0.0011311217 0.0015570857 5.9661672e-20)
(0.0012007107 0.0015255496 7.603781e-20)
(0.0012887702 0.0015112808 6.81038e-20)
(0.0014059165 0.0015209214 5.5962774e-20)
(0.0015641196 0.0015595081 1.3222649e-20)
(0.0017745048 0.0016283462 2.2512935e-20)
(0.0020438624 0.0017227214 -4.8195899e-21)
(0.0023707995 0.0018306303 4.3562328e-20)
(0.002746866 0.001936338 -1.1651666e-20)
(0.003149216 0.0020176697 -9.1594516e-21)
(0.0035449898 0.0020524669 6.3147902e-20)
(0.0039077506 0.002029632 -8.2483133e-20)
(0.004208173 0.0019424557 -2.4845247e-21)
(0.0044023359 0.0017843907 4.1040965e-20)
(0.0044065172 0.0015439584 2.1414931e-20)
(0.0040987398 0.0012156989 -6.8190768e-20)
(0.0033146561 0.00080922713 4.3229594e-21)
(0.0018710862 0.00036506659 1.2745797e-20)
(-0.00045409603 -4.2005367e-05 2.403975e-21)
(-0.0038539495 -0.00028857459 -3.4505835e-21)
(-0.0084306633 -0.00019218335 2.1502925e-21)
(-0.014557967 0.00048061328 -4.0027328e-21)
(-0.022080826 0.0020482121 3.2365234e-20)
(-0.030276456 0.0046539397 -4.464724e-20)
(-0.038694618 0.0083544271 1.7046416e-20)
(-0.046758769 0.013084388 -1.5229554e-20)
(-0.054004578 0.018685857 9.681805e-20)
(-0.060024767 0.024910607 1.5450804e-20)
(-0.064585912 0.031488886 -1.3419815e-19)
(-0.067512904 0.038112424 1.131543e-19)
(-0.068799334 0.044509225 2.1333724e-21)
(-0.068436382 0.050374875 -3.3502628e-20)
(-0.066620987 0.055530777 2.9925779e-20)
(-0.063392511 0.059672046 -4.571157e-20)
(-0.059024815 0.062690924 3.369466e-21)
(-0.053794792 0.06452449 -5.0517361e-21)
(-0.047816521 0.064946551 5.032311e-21)
(-0.041416633 0.064005149 -7.2138882e-22)
(-0.034813256 0.06165514 -5.4290601e-20)
(-0.028254185 0.057937741 8.0312843e-20)
(-0.021967888 0.05291929 8.4085381e-20)
(-0.016166122 0.046699453 3.3685797e-20)
(-0.011040628 0.039412183 7.6451387e-20)
(-0.0067563815 0.031215487 -1.6915532e-20)
(-0.0034472922 0.022294317 4.8454845e-20)
(-0.0012211864 0.012854658 3.7711347e-20)
(-0.00013785794 0.0031141567 5.0070793e-21)
)
;
    }
    frontAndBack
    {
        type            empty;
    }
}


// ************************************************************************* //
