/*--------------------------------*- C++ -*----------------------------------*\
  =========                 |
  \\      /  F ield         | OpenFOAM: The Open Source CFD Toolbox
   \\    /   O peration     | Website:  https://openfoam.org
    \\  /    A nd           | Version:  13
     \\/     M anipulation  |
\*---------------------------------------------------------------------------*/
FoamFile
{
    format      ascii;
    class       volVectorField;
    location    "30.501039";
    object      wallShearStress;
}
// * * * * * * * * * * * * * * * * * * * * * * * * * * * * * * * * * * * * * //

dimensions      [0 2 -2 0 0 0 0];

internalField   uniform (0 0 0);

boundaryField
{
    inlet
    {
        type            calculated;
        value           uniform (0 0 0);
    }
    outlet
    {
        type            calculated;
        value           uniform (0 0 0);
    }
    cylinder
    {
        type            calculated;
        value           nonuniform List<vector> 
132
(
(-1.8946641e-06 0.00041259001 -2.506927e-22)
(-7.4520426e-07 0.00010608033 7.1397425e-23)
(1.8075207e-05 -0.00020522915 3.9414665e-21)
(5.3966052e-05 -0.00051666667 -1.3219712e-20)
(0.00010790827 -0.00082279017 9.3255449e-21)
(0.00017884889 -0.0011177851 2.8474879e-20)
(0.00026546266 -0.0013958408 -5.3915086e-21)
(0.00036574168 -0.001651166 -2.1346764e-20)
(0.00047700387 -0.0018782656 2.0111027e-20)
(0.00059590007 -0.0020721704 -4.5079025e-20)
(0.00071871894 -0.0022286963 -8.2026308e-22)
(0.0008412928 -0.0023446305 2.8009277e-20)
(0.00095934111 -0.0024181759 4.5698894e-20)
(0.0010686079 -0.0024488337 -3.7144447e-20)
(0.0011653799 -0.0024381103 3.9145819e-20)
(0.0012464337 -0.0023887287 6.3071618e-20)
(0.0013100175 -0.0023059555 -4.1377507e-20)
(0.0013552082 -0.0021956079 6.6457092e-20)
(0.0013832347 -0.0020657294 8.7980981e-20)
(0.0013970354 -0.0019250527 -5.7142778e-20)
(0.0014016624 -0.0017829661 -7.29198e-20)
(0.0014049104 -0.0016496903 2.5684437e-23)
(0.0014166841 -0.001534787 1.0600737e-20)
(0.0014497547 -0.001447543 -1.2703463e-20)
(0.0015190455 -0.0013956568 -2.1627141e-20)
(0.0016398488 -0.0013834285 4.6279616e-21)
(0.0018248246 -0.001409718 -4.179772e-20)
(0.0020803941 -0.0014666178 1.116773e-20)
(0.0024006241 -0.0015376285 8.7672028e-21)
(0.0027668323 -0.0016011348 -6.0350054e-20)
(0.003147855 -0.0016339674 7.8692895e-20)
(0.0035072252 -0.0016177735 2.3795077e-21)
(0.0038155938 -0.0015451157 1.7133441e-20)
(0.0040294406 -0.0014097605 -2.0275779e-20)
(0.0040662573 -0.0012029003 6.4331762e-20)
(0.003792802 -0.00092051231 -4.0624315e-21)
(0.0030439587 -0.00058043154 1.6361643e-20)
(0.0016070967 -0.00022905339 -2.2433133e-21)
(-0.00072134904 3.846625e-05 3.2144748e-21)
(-0.0041693836 8.4386452e-05 -2.0029044e-21)
(-0.0090830155 -0.00030786209 3.7377506e-21)
(-0.01542957 -0.001437935 -1.1524499e-22)
(-0.022680212 -0.0034929626 4.225711e-20)
(-0.030395787 -0.0065691254 -1.6286232e-20)
(-0.038009718 -0.010641597 1.4698434e-20)
(-0.045031635 -0.015586372 -9.443714e-20)
(-0.051029099 -0.021183434 -1.5233998e-20)
(-0.055732416 -0.027177902 1.3378326e-19)
(-0.058949895 -0.033283437 -1.1413445e-19)
(-0.060641519 -0.039236134 -2.1801985e-21)
(-0.060803408 -0.044760534 3.4799225e-20)
(-0.059575654 -0.049662125 -3.1759005e-20)
(-0.057043483 -0.053699553 -6.2457578e-21)
(-0.053407115 -0.056727723 -3.9992383e-21)
(-0.048904716 -0.058662627 -6.2351233e-21)
(-0.043701848 -0.05936166 -2.6430777e-21)
(-0.038052824 -0.05881084 5.903883e-22)
(-0.032172395 -0.056982814 4.8282245e-20)
(-0.026284322 -0.053903951 -7.4074566e-20)
(-0.020599165 -0.049629167 -7.9231572e-20)
(-0.015313168 -0.04424498 -3.2212379e-20)
(-0.010603909 -0.037867069 -7.3934079e-20)
(-0.0066260301 -0.030636002 1.6511166e-20)
(-0.0035062631 -0.022714558 2.4043598e-20)
(-0.0013472041 -0.014295782 -3.7395825e-20)
(-0.00020495048 -0.0055394477 -4.9991725e-21)
(1.3490813e-05 0.00071222261 -1.1525274e-21)
(4.4605725e-05 0.0010057129 -6.8585468e-23)
(9.2340336e-05 0.0012909308 -3.931823e-21)
(0.00015567287 0.0015626895 1.3160692e-20)
(0.00023342112 0.0018159227 -9.2709153e-21)
(0.00032383115 0.0020456308 -2.8266257e-20)
(0.00042459391 0.0022471219 5.3436299e-21)
(0.000532888 0.0024162 2.1122119e-20)
(0.00064539674 0.0025493571 -1.9864484e-20)
(0.00075858255 0.0026440114 4.4444026e-20)
(0.00086870488 0.0026985848 8.0716939e-22)
(0.00097205659 0.0027128629 -2.7505707e-20)
(0.0010651508 0.0026879273 -4.4784557e-20)
(0.0011450183 0.0026263716 3.6324792e-20)
(0.0012094849 0.0025323286 -3.8201557e-20)
(0.0012570266 0.0024105721 -6.1422716e-20)
(0.0012876878 0.0022678414 4.0214763e-20)
(0.0013030363 0.0021119589 -6.4465639e-20)
(0.0013061648 0.0019512272 -8.5191881e-20)
(0.0013019327 0.001794336 5.5240474e-20)
(0.0012970484 0.0016499811 7.0389491e-20)
(0.0013002686 0.0015266757 6.3024172e-20)
(0.0013226813 0.0014325972 5.1765143e-20)
(0.001377496 0.001374869 1.2223869e-20)
(0.0014796184 0.0013587906 2.0797937e-20)
(0.0016434906 0.0013858333 -4.4488388e-21)
(0.0018781924 0.0014503531 4.0174899e-20)
(0.0021863183 0.001540867 -1.0735231e-20)
(0.0025519877 0.0016344094 -8.4307106e-21)
(0.0029451558 0.0017043901 5.8065079e-20)
(0.0033348903 0.0017312374 -7.5764041e-20)
(0.003690786 0.0017026766 -2.2794395e-21)
(0.0039843969 0.0016137733 3.7600105e-20)
(0.0041621073 0.0014566066 1.958726e-20)
(0.0041322208 0.0012230375 -6.2264767e-20)
(0.0037517303 0.00091152204 3.9414068e-21)
(0.002843315 0.00054395176 1.1610418e-20)
(0.0011850918 0.00017378718 2.1900352e-21)
(-0.0014203204 -9.3611717e-05 -3.1489248e-21)
(-0.0051770365 -0.00010912454 1.9685971e-21)
(-0.010440611 0.00035095321 -3.6842028e-21)
(-0.01710628 0.0015918472 3.000751e-20)
(-0.024589375 0.0037846684 -4.1735761e-20)
(-0.032433323 0.0070070668 1.6065625e-20)
(-0.040033864 0.011206133 -1.4462246e-20)
(-0.046949761 0.016248225 9.2582963e-20)
(-0.052757855 0.021898324 1.4860088e-20)
(-0.057211498 0.0278965 -1.2970507e-19)
(-0.060151778 0.033959416 1.0979006e-19)
(-0.061553385 0.03982359 2.0762493e-21)
(-0.061428455 0.045218174 -3.2681926e-20)
(-0.059936952 0.049960838 2.9223198e-20)
(-0.057153674 0.053800678 -4.4670728e-20)
(-0.053301079 0.05661258 3.2769434e-21)
(-0.048631061 0.058331682 -4.7697887e-21)
(-0.043284665 0.058792003 5.1175251e-21)
(-0.037533015 0.058004162 -7.2159445e-22)
(-0.031586993 0.055942121 -5.4146199e-20)
(-0.025669349 0.052638145 8.0039679e-20)
(-0.019989133 0.048153619 8.3800149e-20)
(-0.01473925 0.042579009 3.3584451e-20)
(-0.010094105 0.036035474 7.6267922e-20)
(-0.0062038279 0.028666331 -1.688844e-20)
(-0.0031905057 0.020639146 4.8424688e-20)
(-0.0011514731 0.012141548 3.7731972e-20)
(-0.00014081099 0.0033645361 5.0168523e-21)
)
;
    }
    frontAndBack
    {
        type            empty;
    }
}


// ************************************************************************* //
