/*--------------------------------*- C++ -*----------------------------------*\
  =========                 |
  \\      /  F ield         | OpenFOAM: The Open Source CFD Toolbox
   \\    /   O peration     | Website:  https://openfoam.org
    \\  /    A nd           | Version:  13
     \\/     M anipulation  |
\*---------------------------------------------------------------------------*/
FoamFile
{
    format      ascii;
    class       labelList;
    note        "nPoints: 2576 nCells: 1208 nFaces: 4911 nInternalFaces: 2337";
    location    "constant/polyMesh";
    object      neighbour;
}
// * * * * * * * * * * * * * * * * * * * * * * * * * * * * * * * * * * * * * //


2337
(
1
26
2
27
3
28
4
29
5
30
6
31
7
32
8
33
9
34
10
35
11
36
12
37
13
38
14
39
15
40
16
41
17
42
18
43
19
44
20
45
21
46
22
47
23
48
24
49
25
50
51
702
27
52
28
53
29
54
30
55
31
56
32
57
33
58
34
59
35
60
36
61
37
62
38
63
39
64
40
65
41
66
42
67
43
68
44
69
45
70
46
71
47
72
48
73
49
74
50
75
51
76
77
712
53
78
54
79
55
80
56
81
57
82
58
83
59
84
60
85
61
86
62
87
63
88
64
89
65
90
66
91
67
92
68
93
69
94
70
95
71
96
72
97
73
98
74
99
75
100
76
101
77
102
103
722
79
104
80
105
81
106
82
107
83
108
84
109
85
110
86
111
87
112
88
113
89
114
90
115
91
116
92
117
93
118
94
119
95
120
96
121
97
122
98
123
99
124
100
125
101
126
102
127
103
128
129
732
105
130
106
131
107
132
108
133
109
134
110
135
111
136
112
137
113
138
114
139
115
140
116
141
117
142
118
143
119
144
120
145
121
146
122
147
123
148
124
149
125
150
126
151
127
152
128
153
129
154
155
742
131
156
132
157
133
158
134
159
135
160
136
161
137
162
138
163
139
164
140
165
141
166
142
167
143
168
144
169
145
170
146
171
147
172
148
173
149
174
150
175
151
176
152
177
153
178
154
179
155
180
181
752
157
182
158
183
159
184
160
185
161
186
162
187
163
188
164
189
165
190
166
191
167
192
168
193
169
194
170
195
171
196
172
197
173
198
174
199
175
200
176
201
177
202
178
203
179
204
180
205
181
206
207
762
183
208
184
209
185
210
186
211
187
212
188
213
189
214
190
215
191
216
192
217
193
218
194
219
195
220
196
221
197
222
198
223
199
224
200
225
201
226
202
227
203
228
204
229
205
230
206
231
207
232
233
772
209
234
210
235
211
236
212
237
213
238
214
239
215
240
216
241
217
242
218
243
219
244
220
245
221
246
222
247
223
248
224
249
225
250
226
251
227
252
228
253
229
254
230
255
231
256
232
257
233
258
259
782
235
260
236
261
237
262
238
263
239
264
240
265
241
266
242
267
243
268
244
269
245
270
246
271
247
272
248
273
249
274
250
275
251
276
252
277
253
278
254
279
255
280
256
281
257
282
258
283
259
284
285
792
261
286
262
287
263
288
264
289
265
290
266
291
267
292
268
293
269
294
270
295
271
296
272
297
273
298
274
299
275
300
276
301
277
302
278
303
279
304
280
305
281
306
282
307
283
308
284
309
285
310
311
802
287
312
288
313
289
314
290
315
291
316
292
317
293
318
294
319
295
320
296
321
297
322
298
323
299
324
300
325
301
326
302
327
303
328
304
329
305
330
306
331
307
332
308
333
309
334
310
335
311
336
337
812
313
338
314
339
315
340
316
341
317
342
318
343
319
344
320
345
321
346
322
347
323
348
324
349
325
350
326
351
327
352
328
353
329
354
330
355
331
356
332
357
333
358
334
359
335
360
336
361
337
362
363
822
339
364
340
365
341
366
342
367
343
368
344
369
345
370
346
371
347
372
348
373
349
374
350
375
351
376
352
377
353
378
354
379
355
380
356
381
357
382
358
383
359
384
360
385
361
386
362
387
363
388
389
832
365
390
366
391
367
392
368
393
369
394
370
395
371
396
372
397
373
398
374
399
375
400
376
401
377
402
378
403
379
404
380
405
381
406
382
407
383
408
384
409
385
410
386
411
387
412
388
413
389
414
415
842
391
416
392
417
393
418
394
419
395
420
396
421
397
422
398
423
399
424
400
425
401
426
402
427
403
428
404
429
405
430
406
431
407
432
408
433
409
434
410
435
411
436
412
437
413
438
414
439
415
440
441
852
417
442
418
443
419
444
420
445
421
446
422
447
423
448
424
449
425
450
426
451
427
452
428
453
429
454
430
455
431
456
432
457
433
458
434
459
435
460
436
461
437
462
438
463
439
464
440
465
441
466
467
1022
443
468
444
469
445
470
446
471
447
472
448
473
449
474
450
475
451
476
452
477
453
478
454
479
455
480
456
481
457
482
458
483
459
484
460
485
461
486
462
487
463
488
464
489
465
490
466
491
467
492
493
1028
469
494
470
495
471
496
472
497
473
498
474
499
475
500
476
501
477
502
478
503
479
504
480
505
481
506
482
507
483
508
484
509
485
510
486
511
487
512
488
513
489
514
490
515
491
516
492
517
493
518
519
1034
495
520
496
521
497
522
498
523
499
524
500
525
501
526
502
527
503
528
504
529
505
530
506
531
507
532
508
533
509
534
510
535
511
536
512
537
513
538
514
539
515
540
516
541
517
542
518
543
519
544
545
1040
521
546
522
547
523
548
524
549
525
550
526
551
527
552
528
553
529
554
530
555
531
556
532
557
533
558
534
559
535
560
536
561
537
562
538
563
539
564
540
565
541
566
542
567
543
568
544
569
545
570
571
1046
547
572
548
573
549
574
550
575
551
576
552
577
553
578
554
579
555
580
556
581
557
582
558
583
559
584
560
585
561
586
562
587
563
588
564
589
565
590
566
591
567
592
568
593
569
594
570
595
571
596
597
1052
573
598
574
599
575
600
576
601
577
602
578
603
579
604
580
605
581
606
582
607
583
608
584
609
585
610
586
611
587
612
588
613
589
614
590
615
591
616
592
617
593
618
594
619
595
620
596
621
597
622
623
1058
599
624
600
625
601
626
602
627
603
628
604
629
605
630
606
631
607
632
608
633
609
634
610
635
611
636
612
637
613
638
614
639
615
640
616
641
617
642
618
643
619
644
620
645
621
646
622
647
623
648
649
1064
625
650
626
651
627
652
628
653
629
654
630
655
631
656
632
657
633
658
634
659
635
660
636
661
637
662
638
663
639
664
640
665
641
666
642
667
643
668
644
669
645
670
646
671
647
672
648
673
649
674
675
1070
651
676
652
677
653
678
654
679
655
680
656
681
657
682
658
683
659
684
660
685
661
686
662
687
663
688
664
689
665
690
666
691
667
692
668
693
669
694
670
695
671
696
672
697
673
698
674
699
675
700
701
1076
677
678
679
680
681
682
683
684
685
686
687
688
689
690
691
692
693
694
695
696
697
698
699
700
701
1082
703
712
704
713
705
714
706
715
707
716
708
717
709
718
710
719
711
720
721
862
713
722
714
723
715
724
716
725
717
726
718
727
719
728
720
729
721
730
731
872
723
732
724
733
725
734
726
735
727
736
728
737
729
738
730
739
731
740
741
882
733
742
734
743
735
744
736
745
737
746
738
747
739
748
740
749
741
750
751
892
743
752
744
753
745
754
746
755
747
756
748
757
749
758
750
759
751
760
761
902
753
762
754
763
755
764
756
765
757
766
758
767
759
768
760
769
761
770
771
912
763
772
764
773
765
774
766
775
767
776
768
777
769
778
770
779
771
780
781
922
773
782
774
783
775
784
776
785
777
786
778
787
779
788
780
789
781
790
791
932
783
792
784
793
785
794
786
795
787
796
788
797
789
798
790
799
791
800
801
942
793
802
794
803
795
804
796
805
797
806
798
807
799
808
800
809
801
810
811
952
803
812
804
813
805
814
806
815
807
816
808
817
809
818
810
819
811
820
821
962
813
822
814
823
815
824
816
825
817
826
818
827
819
828
820
829
821
830
831
972
823
832
824
833
825
834
826
835
827
836
828
837
829
838
830
839
831
840
841
982
833
842
834
843
835
844
836
845
837
846
838
847
839
848
840
849
841
850
851
992
843
852
844
853
845
854
846
855
847
856
848
857
849
858
850
859
851
860
861
1002
853
1088
854
1089
855
1090
856
1091
857
1092
858
1093
859
1094
860
1095
861
1096
1012
1097
863
872
864
873
865
874
866
875
867
876
868
877
869
878
870
879
871
880
881
873
882
874
883
875
884
876
885
877
886
878
887
879
888
880
889
881
890
891
883
892
884
893
885
894
886
895
887
896
888
897
889
898
890
899
891
900
901
893
902
894
903
895
904
896
905
897
906
898
907
899
908
900
909
901
910
911
903
912
904
913
905
914
906
915
907
916
908
917
909
918
910
919
911
920
921
913
922
914
923
915
924
916
925
917
926
918
927
919
928
920
929
921
930
931
923
932
924
933
925
934
926
935
927
936
928
937
929
938
930
939
931
940
941
933
942
934
943
935
944
936
945
937
946
938
947
939
948
940
949
941
950
951
943
952
944
953
945
954
946
955
947
956
948
957
949
958
950
959
951
960
961
953
962
954
963
955
964
956
965
957
966
958
967
959
968
960
969
961
970
971
963
972
964
973
965
974
966
975
967
976
968
977
969
978
970
979
971
980
981
973
982
974
983
975
984
976
985
977
986
978
987
979
988
980
989
981
990
991
983
992
984
993
985
994
986
995
987
996
988
997
989
998
990
999
991
1000
1001
993
1002
994
1003
995
1004
996
1005
997
1006
998
1007
999
1008
1000
1009
1001
1010
1011
1003
1012
1004
1013
1005
1014
1006
1015
1007
1016
1008
1017
1009
1018
1010
1019
1011
1020
1021
1013
1148
1014
1149
1015
1150
1016
1151
1017
1152
1018
1153
1019
1154
1020
1155
1021
1156
1157
1023
1028
1088
1024
1029
1098
1025
1030
1108
1026
1031
1118
1027
1032
1128
1033
1138
1029
1034
1030
1035
1031
1036
1032
1037
1033
1038
1039
1035
1040
1036
1041
1037
1042
1038
1043
1039
1044
1045
1041
1046
1042
1047
1043
1048
1044
1049
1045
1050
1051
1047
1052
1048
1053
1049
1054
1050
1055
1051
1056
1057
1053
1058
1054
1059
1055
1060
1056
1061
1057
1062
1063
1059
1064
1060
1065
1061
1066
1062
1067
1063
1068
1069
1065
1070
1066
1071
1067
1072
1068
1073
1069
1074
1075
1071
1076
1072
1077
1073
1078
1074
1079
1075
1080
1081
1077
1082
1078
1083
1079
1084
1080
1085
1081
1086
1087
1083
1084
1085
1086
1087
1089
1098
1090
1099
1091
1100
1092
1101
1093
1102
1094
1103
1095
1104
1096
1105
1097
1106
1107
1148
1099
1108
1100
1109
1101
1110
1102
1111
1103
1112
1104
1113
1105
1114
1106
1115
1107
1116
1117
1158
1109
1118
1110
1119
1111
1120
1112
1121
1113
1122
1114
1123
1115
1124
1116
1125
1117
1126
1127
1168
1119
1128
1120
1129
1121
1130
1122
1131
1123
1132
1124
1133
1125
1134
1126
1135
1127
1136
1137
1178
1129
1138
1130
1139
1131
1140
1132
1141
1133
1142
1134
1143
1135
1144
1136
1145
1137
1146
1147
1188
1139
1140
1141
1142
1143
1144
1145
1146
1147
1198
1149
1158
1150
1159
1151
1160
1152
1161
1153
1162
1154
1163
1155
1164
1156
1165
1157
1166
1167
1159
1168
1160
1169
1161
1170
1162
1171
1163
1172
1164
1173
1165
1174
1166
1175
1167
1176
1177
1169
1178
1170
1179
1171
1180
1172
1181
1173
1182
1174
1183
1175
1184
1176
1185
1177
1186
1187
1179
1188
1180
1189
1181
1190
1182
1191
1183
1192
1184
1193
1185
1194
1186
1195
1187
1196
1197
1189
1198
1190
1199
1191
1200
1192
1201
1193
1202
1194
1203
1195
1204
1196
1205
1197
1206
1207
1199
1200
1201
1202
1203
1204
1205
1206
1207
)


// ************************************************************************* //
