/*--------------------------------*- C++ -*----------------------------------*\
  =========                 |
  \\      /  F ield         | OpenFOAM: The Open Source CFD Toolbox
   \\    /   O peration     | Website:  https://openfoam.org
    \\  /    A nd           | Version:  13
     \\/     M anipulation  |
\*---------------------------------------------------------------------------*/
FoamFile
{
    format      ascii;
    class       volVectorField;
    location    "6.696654";
    object      wallShearStress;
}
// * * * * * * * * * * * * * * * * * * * * * * * * * * * * * * * * * * * * * //

dimensions      [0 2 -2 0 0 0 0];

internalField   uniform (0 0 0);

boundaryField
{
    inlet
    {
        type            calculated;
        value           uniform (0 0 0);
    }
    outlet
    {
        type            calculated;
        value           uniform (0 0 0);
    }
    cylinder
    {
        type            calculated;
        value           nonuniform List<vector> 
132
(
(0.00011232153 -0.0016140364 -1.2479249e-22)
(0.00047460769 -0.0093952324 3.624546e-23)
(0.0012593662 -0.017001744 2.1190775e-21)
(0.0024391573 -0.024159015 -7.6913945e-21)
(0.0039557909 -0.030593017 5.970602e-21)
(0.0057207411 -0.036044438 2.0223362e-20)
(0.0076163592 -0.040285528 -4.2505027e-21)
(0.0095062234 -0.043134905 -1.8579562e-20)
(0.01124153 -0.04447371 1.9142049e-20)
(0.012671011 -0.044258719 -4.6345261e-20)
(0.013656195 -0.042534084 -8.9790044e-22)
(0.014087002 -0.039437043 3.2204722e-20)
(0.013898164 -0.035198641 5.4368797e-20)
(0.013084243 -0.030136244 -4.5099692e-20)
(0.011705849 -0.024625616 4.7909099e-20)
(0.0098916847 -0.019071142 7.6993894e-20)
(0.0078187917 -0.013854801 -4.9979084e-20)
(0.0056854478 -0.0092816774 7.9000197e-20)
(0.0036833109 -0.0055521667 1.0264647e-19)
(0.0019535558 -0.0027290484 -6.5402526e-20)
(0.0005817006 -0.00076852565 -8.1973328e-20)
(-0.00043579247 0.0004937087 2.8426673e-23)
(-0.0011327262 0.0012168557 1.1569088e-20)
(-0.001561669 0.0015558563 -1.3699671e-20)
(-0.0016275657 0.0014987847 -2.3061767e-20)
(-0.0013050462 0.0011126934 4.8828919e-21)
(-0.00018634719 0.00016242046 -4.3658836e-20)
(0.001463279 -0.0010141442 1.161415e-20)
(0.0030854182 -0.0019651572 9.1182613e-21)
(0.0042864837 -0.0024772082 -6.3043162e-20)
(0.0048683211 -0.0025286439 8.2595678e-20)
(0.0050998465 -0.002355347 2.5072023e-21)
(0.0052064559 -0.0021107656 1.8103289e-20)
(0.0052513596 -0.0018391017 -2.1486655e-20)
(0.0050767295 -0.0015036797 6.8422334e-20)
(0.00446355 -0.0010857498 -4.3403174e-21)
(0.0031926496 -0.00061273996 1.7571452e-20)
(0.0010178068 -0.00015517379 -2.4227212e-21)
(-0.0022590936 0.00015918811 3.4907708e-21)
(-0.0068414748 0.00014766686 -2.1861298e-21)
(-0.013107929 -0.00043795051 4.0967973e-21)
(-0.020922949 -0.0019448369 -1.2668241e-22)
(-0.029584351 -0.0045513107 4.650643e-20)
(-0.038581108 -0.0083332959 -1.7924842e-20)
(-0.047276293 -0.013231737 1.6168544e-20)
(-0.055178787 -0.019094484 -1.0380753e-19)
(-0.061815018 -0.025656539 -1.6730853e-20)
(-0.066914842 -0.032627099 1.4687906e-19)
(-0.070292237 -0.039683904 -1.2532315e-19)
(-0.071914122 -0.04652665 -2.3967211e-21)
(-0.071791868 -0.052847025 3.8353196e-20)
(-0.070091766 -0.058425929 -3.5181895e-20)
(-0.066906927 -0.062982693 -6.9895931e-21)
(-0.062492085 -0.066375868 -4.5868635e-21)
(-0.05711572 -0.068510469 -7.8519051e-21)
(-0.050949169 -0.069204617 -1.7415205e-21)
(-0.044299415 -0.068463894 5.7032784e-22)
(-0.03740716 -0.066253591 4.8647565e-20)
(-0.03052914 -0.062608568 -7.5800528e-20)
(-0.023905213 -0.057593925 -8.1708028e-20)
(-0.017758448 -0.051310046 -3.3366356e-20)
(-0.012290738 -0.043890944 -7.6789083e-20)
(-0.0076775117 -0.03549818 1.7177244e-20)
(-0.0040620637 -0.026318268 2.5038308e-20)
(-0.0015614282 -0.016573141 -3.8962507e-20)
(-0.00023788978 -0.0064418827 -5.2091567e-21)
(0.00017330469 0.0061532822 -5.7934361e-22)
(0.00065303381 0.013795037 -3.596564e-23)
(0.0015401238 0.021119588 -2.2065279e-21)
(0.0027955521 0.027858195 8.0757658e-21)
(0.0043506352 0.033750791 -6.2948826e-21)
(0.0061083351 0.038558091 -2.1320777e-20)
(0.0079446806 0.042079763 4.4670331e-21)
(0.0097236327 0.044166075 1.9421844e-20)
(0.011298575 0.044735311 -1.987682e-20)
(0.012526525 0.043783726 4.777297e-20)
(0.01328305 0.041396864 9.1874656e-22)
(0.013476527 0.0377492 -3.2706937e-20)
(0.013066677 0.033110806 -5.4838318e-20)
(0.01207041 0.027816327 4.5213863e-20)
(0.010574541 0.022257742 -4.7782209e-20)
(0.008722332 0.016825581 -7.6489565e-20)
(0.00669231 0.011866133 4.9515281e-20)
(0.0046782441 0.0076437371 -7.8152311e-20)
(0.0028441927 0.0042937687 -1.0149897e-19)
(0.0013117054 0.0018399283 6.4690659e-20)
(0.000122389 0.00018014729 8.1148467e-20)
(-0.00073182089 -0.00084434655 7.166488e-20)
(-0.0013095123 -0.0014106267 5.8171662e-20)
(-0.0016192652 -0.0016156099 1.359062e-20)
(-0.001538635 -0.0014203605 2.2877557e-20)
(-0.00092501012 -0.00079500704 -4.8465205e-21)
(0.00037728158 0.00027252833 4.3418845e-20)
(0.0020439314 0.0014250351 -1.1572417e-20)
(0.0035423482 0.0022605619 -9.1047883e-21)
(0.0045123989 0.0026102651 6.3008627e-20)
(0.0049445913 0.0025693808 -8.258296e-20)
(0.0051108286 0.0023607323 -2.4926216e-21)
(0.0052074332 0.0021113522 4.1218583e-20)
(0.0052084222 0.001824613 2.153114e-20)
(0.0049324891 0.0014620174 -6.8676316e-20)
(0.0041545152 0.001012408 4.3645014e-21)
(0.0026607222 0.00051433272 1.2911562e-20)
(0.00020043362 4.7028246e-05 2.4457753e-21)
(-0.0034170705 -0.0002499001 -3.5294247e-21)
(-0.0083416578 -0.0001855758 2.212671e-21)
(-0.014962786 0.00049606607 -4.1470724e-21)
(-0.023081646 0.0021424041 3.3773738e-20)
(-0.031915404 0.0049068846 -4.6905011e-20)
(-0.040962432 0.008844734 1.8017001e-20)
(-0.049591623 0.013877284 -1.61817e-20)
(-0.057306321 0.01982825 1.0334947e-19)
(-0.063677218 0.026426286 1.6562128e-20)
(-0.068466782 0.033380708 -1.4442699e-19)
(-0.0715027 0.04036431 1.2229053e-19)
(-0.072790137 0.047090524 2.3169056e-21)
(-0.072333534 0.053242939 -3.6622374e-20)
(-0.07034569 0.058634874 3.3028536e-20)
(-0.066883707 0.062957844 -5.1347886e-20)
(-0.062229866 0.066094519 3.940055e-21)
(-0.056678479 0.067982933 -7.3413668e-21)
(-0.050360105 0.068401085 4.025216e-21)
(-0.043609522 0.067393901 -6.9252681e-22)
(-0.036656891 0.064920341 -5.4147274e-20)
(-0.029759316 0.061024503 8.1425648e-20)
(-0.023153895 0.055777064 8.6034399e-20)
(-0.017059921 0.049282764 3.4669911e-20)
(-0.011675598 0.041681288 7.9011873e-20)
(-0.0071712559 0.033136749 -1.753725e-20)
(-0.0036851523 0.023840917 5.0364447e-20)
(-0.0013283677 0.014008084 3.9283989e-20)
(-0.0001616582 0.0038570117 5.2263489e-21)
)
;
    }
    frontAndBack
    {
        type            empty;
    }
}


// ************************************************************************* //
