/*--------------------------------*- C++ -*----------------------------------*\
  =========                 |
  \\      /  F ield         | OpenFOAM: The Open Source CFD Toolbox
   \\    /   O peration     | Website:  https://openfoam.org
    \\  /    A nd           | Version:  13
     \\/     M anipulation  |
\*---------------------------------------------------------------------------*/
FoamFile
{
    format      ascii;
    class       volVectorField;
    location    "12.402295";
    object      wallShearStress;
}
// * * * * * * * * * * * * * * * * * * * * * * * * * * * * * * * * * * * * * //

dimensions      [0 2 -2 0 0 0 0];

internalField   uniform (0 0 0);

boundaryField
{
    inlet
    {
        type            calculated;
        value           uniform (0 0 0);
    }
    outlet
    {
        type            calculated;
        value           uniform (0 0 0);
    }
    cylinder
    {
        type            calculated;
        value           nonuniform List<vector> 
132
(
(6.9650899e-05 -0.00046768224 -8.3617295e-23)
(0.00030533799 -0.0059155842 2.4102054e-23)
(0.00083872792 -0.011271498 1.403875e-21)
(0.0016546552 -0.01635874 -5.0924873e-21)
(0.0027179143 -0.020997298 3.962916e-21)
(0.003973391 -0.025015613 1.3488034e-20)
(0.0053463882 -0.028259006 -2.8532532e-21)
(0.0067475764 -0.030597834 -1.2566535e-20)
(0.0080776339 -0.031937053 1.3053629e-20)
(0.0092318611 -0.032226288 -3.187538e-20)
(0.010109266 -0.031466937 -6.2281611e-22)
(0.010622211 -0.029717832 2.2532563e-20)
(0.010706755 -0.027097367 3.8348263e-20)
(0.010335036 -0.023786587 -3.2044094e-20)
(0.0095218025 -0.020015087 3.4252149e-20)
(0.0083311192 -0.016049682 5.5307967e-20)
(0.0068695559 -0.012161608 -3.6008654e-20)
(0.0052718106 -0.0085966865 5.6978584e-20)
(0.0036829362 -0.0055427331 7.3985348e-20)
(0.0022335287 -0.0031094707 -4.7040883e-20)
(0.0010115997 -0.0013095964 -5.8788585e-20)
(6.7076639e-05 -9.6165109e-05 2.0298311e-23)
(-0.00062227532 0.00066340287 8.2482968e-21)
(-0.0010932304 0.0010854979 -9.7455392e-21)
(-0.0014173389 0.0013001586 -1.6394392e-20)
(-0.0015270815 0.0012906518 3.467655e-21)
(-0.0013561454 0.0010556938 -3.0959923e-20)
(-0.00058571044 0.00042635766 8.1737138e-21)
(0.00070838048 -0.00043987975 6.3769189e-21)
(0.0020844545 -0.0011962386 -4.3832962e-20)
(0.0031668721 -0.0016395211 5.7369158e-20)
(0.0037147098 -0.0017132373 1.7415905e-21)
(0.0039411161 -0.0015968702 1.2572079e-20)
(0.0040692097 -0.0014237202 -1.4883492e-20)
(0.0042097792 -0.001243893 4.7217396e-20)
(0.0042311304 -0.0010238426 -2.9829483e-21)
(0.0039341399 -0.00074442546 1.2033517e-20)
(0.0031005927 -0.0004260298 -1.6551072e-21)
(0.0015064815 -0.00013572625 2.3845935e-21)
(-0.0010878019 9.6949922e-06 -1.4980556e-21)
(-0.0050894965 -0.00017319001 2.8285603e-21)
(-0.010621703 -0.0009970689 -8.8659973e-23)
(-0.017316524 -0.0026739586 3.3107629e-20)
(-0.024773123 -0.0053609236 -1.3004586e-20)
(-0.032413924 -0.009081777 1.1954172e-20)
(-0.039738243 -0.013759847 -7.8103636e-20)
(-0.046218882 -0.019192665 -1.2776905e-20)
(-0.051498293 -0.02511972 1.1343349e-19)
(-0.055332787 -0.031247156 -9.7449994e-20)
(-0.0576214 -0.037287365 -1.8659529e-21)
(-0.058341419 -0.042952796 2.9664184e-20)
(-0.057602642 -0.048021468 -2.6695128e-20)
(-0.055499526 -0.052249653 -5.0739629e-21)
(-0.052220757 -0.055470578 -2.9615183e-21)
(-0.048007983 -0.057589571 -2.7347896e-21)
(-0.043044421 -0.058470876 -5.4451549e-21)
(-0.037579493 -0.058081169 7.2761567e-22)
(-0.031841637 -0.056398563 5.4110672e-20)
(-0.026060093 -0.05344541 -7.9891512e-20)
(-0.020452554 -0.049277011 -8.3757565e-20)
(-0.015221486 -0.043980931 -3.3650691e-20)
(-0.010549722 -0.037674207 -7.6654147e-20)
(-0.0065964996 -0.0304999 1.703311e-20)
(-0.003492128 -0.022623313 2.4719884e-20)
(-0.0013420318 -0.014240823 -3.8361308e-20)
(-0.00020408423 -0.0055143958 -5.1210651e-21)
(0.00013013484 0.0049572339 -3.9195797e-22)
(0.00048346187 0.010295397 -2.4602433e-23)
(0.0011229516 0.015427484 -1.5265189e-21)
(0.0020241014 0.020180095 5.6466003e-21)
(0.0031431707 0.024383822 -4.4434174e-21)
(0.0044180733 0.027882904 -1.5176184e-20)
(0.0057681667 0.030541935 3.2035178e-21)
(0.0071037191 0.032253254 1.4024047e-20)
(0.0083258497 0.032950086 -1.4446172e-20)
(0.0093346874 0.032610714 3.4940079e-20)
(0.010037921 0.031265817 6.7603839e-22)
(0.010360589 0.029003353 -2.4214111e-20)
(0.010255009 0.0259687 -4.0829497e-20)
(0.0097120273 0.022364977 3.3831816e-20)
(0.0087649063 0.018434198 -3.5902597e-20)
(0.0074939198 0.014443858 -5.763284e-20)
(0.0060131909 0.010651395 3.7361491e-20)
(0.0044581506 0.0072747781 -5.895711e-20)
(0.0029640961 0.0044655007 -7.6456134e-20)
(0.0016407933 0.0022897223 4.8607282e-20)
(0.00055925429 0.00073408681 6.0791133e-20)
(-0.00025645216 -0.00028651173 5.3526245e-20)
(-0.00083777507 -0.00089869879 4.3344271e-20)
(-0.0012321234 -0.0012255691 1.011194e-20)
(-0.0014750117 -0.0013546286 1.7020275e-20)
(-0.0014772854 -0.0012505816 -3.6007655e-21)
(-0.0011294027 -0.00088267748 3.21665e-20)
(-0.00016077211 -0.00012778756 -8.5097071e-21)
(0.0012089475 0.00076133769 -6.6560191e-21)
(0.0024935807 0.0014351271 4.5866149e-20)
(0.003372318 0.0017481595 -6.0079572e-20)
(0.0037669184 0.0017383445 -1.812985e-21)
(0.0039347713 0.0015944904 2.9936188e-20)
(0.0040699971 0.0014240039 1.5582302e-20)
(0.0041918179 0.001238939 -4.9479401e-20)
(0.0041296858 0.0010001294 3.1295958e-21)
(0.003684815 0.00069870945 9.218597e-21)
(0.0026388422 0.00036536856 1.7406735e-21)
(0.00077050838 7.7964715e-05 -2.5099616e-21)
(-0.0021734908 -3.5469482e-05 1.5770545e-21)
(-0.006572348 0.00022336442 -2.9754652e-21)
(-0.012482174 0.0011680571 2.4526989e-20)
(-0.019476399 0.003004167 -3.4588931e-20)
(-0.027106287 0.005862585 1.3510933e-20)
(-0.034777487 0.009740877 -1.2339985e-20)
(-0.042016064 0.014546075 8.0058194e-20)
(-0.048293861 0.020051849 1.2994495e-20)
(-0.053298248 0.025994422 -1.1444143e-19)
(-0.056818694 0.0320831 9.7432387e-20)
(-0.058777101 0.038032215 1.8468447e-21)
(-0.059168368 0.043558721 -2.8985265e-20)
(-0.058131414 0.048459509 2.5631632e-20)
(-0.05574456 0.052477438 -3.8054574e-20)
(-0.052221293 0.055468417 2.557684e-21)
(-0.047817574 0.057358252 -1.4350416e-21)
(-0.042688334 0.057984031 7.0439255e-21)
(-0.037106521 0.05734674 -8.1650684e-22)
(-0.031290591 0.055418604 -5.8228243e-20)
(-0.025470272 0.052231098 8.4198598e-20)
(-0.019860576 0.047844899 8.712941e-20)
(-0.014660308 0.042351735 3.4680885e-20)
(-0.010048712 0.035874025 7.8429892e-20)
(-0.0061801449 0.02855734 -1.732308e-20)
(-0.0031800691 0.020571853 4.9599066e-20)
(-0.0011482788 0.012108042 3.8622742e-20)
(-0.00014058511 0.0033611265 5.1355735e-21)
)
;
    }
    frontAndBack
    {
        type            empty;
    }
}


// ************************************************************************* //
