/*--------------------------------*- C++ -*----------------------------------*\
  =========                 |
  \\      /  F ield         | OpenFOAM: The Open Source CFD Toolbox
   \\    /   O peration     | Website:  https://openfoam.org
    \\  /    A nd           | Version:  13
     \\/     M anipulation  |
\*---------------------------------------------------------------------------*/
FoamFile
{
    format      ascii;
    class       volVectorField;
    location    "36.59996";
    object      wallShearStress;
}
// * * * * * * * * * * * * * * * * * * * * * * * * * * * * * * * * * * * * * //

dimensions      [0 2 -2 0 0 0 0];

internalField   uniform (0 0 0);

boundaryField
{
    inlet
    {
        type            calculated;
        value           uniform (0 0 0);
    }
    outlet
    {
        type            calculated;
        value           uniform (0 0 0);
    }
    cylinder
    {
        type            calculated;
        value           nonuniform List<vector> 
132
(
(-4.064096e-06 0.0005596595 -2.6413861e-22)
(-8.0594299e-06 0.00028525714 7.5256283e-23)
(3.2702039e-06 4.0858373e-06 4.1556543e-21)
(3.0587421e-05 -0.00028018608 -1.3941793e-20)
(7.4613091e-05 -0.000562574 9.837104e-21)
(0.00013471318 -0.00083805303 3.0042266e-20)
(0.00020995044 -0.0011012819 -5.6890783e-21)
(0.00029878885 -0.0013469292 -2.252733e-20)
(0.00039905499 -0.0015697843 2.122491e-20)
(0.0005079357 -0.001765046 -4.7578493e-20)
(0.00062223413 -0.0019284784 -8.6578034e-22)
(0.00073828594 -0.0020566856 2.9564649e-20)
(0.00085221406 -0.002147388 4.8238398e-20)
(0.0009601266 -0.0021995688 -3.9210305e-20)
(0.0010584309 -0.0022137623 4.1325334e-20)
(0.0011440707 -0.002192015 6.6587919e-20)
(0.0012149367 -0.0021380977 -4.3688237e-20)
(0.0012701477 -0.0020573482 7.0175556e-20)
(0.0013101074 -0.0019561116 9.2915016e-20)
(0.001337361 -0.0018424475 -6.0355032e-20)
(0.001356536 -0.0017252212 -7.7029506e-20)
(0.0013745062 -0.0016136826 2.7137923e-23)
(0.0014006887 -0.0015171956 1.1201196e-20)
(0.0014469981 -0.0014445814 -1.3424669e-20)
(0.0015275101 -0.0014032923 -2.2857675e-20)
(0.0016565464 -0.001397446 4.8917336e-21)
(0.0018460198 -0.0014260877 -4.4183239e-20)
(0.0021027126 -0.001482398 1.1805454e-20)
(0.0024197468 -0.0015499619 9.267815e-21)
(0.0027790485 -0.0016082835 -6.3790653e-20)
(0.0031545737 -0.0016375017 8.3165837e-20)
(0.0035105821 -0.001619348 2.5141978e-21)
(0.0038159692 -0.0015453067 1.8098277e-20)
(0.0040219746 -0.0014072391 -2.1410272e-20)
(0.0040419161 -0.0011958664 6.7899552e-20)
(0.0037409048 -0.00090820806 -4.2850235e-21)
(0.002951028 -0.00056327403 1.7243688e-20)
(0.0014567379 -0.00020921165 -2.3616651e-21)
(-0.0009448447 5.5448026e-05 3.379366e-21)
(-0.0044768045 9.1942145e-05 -2.1021663e-21)
(-0.0094907958 -0.00032082338 3.9150915e-21)
(-0.015937197 -0.0014846046 -1.2043025e-22)
(-0.023273912 -0.0035838129 4.4058622e-20)
(-0.031057251 -0.0067115003 -1.6943351e-20)
(-0.038706238 -0.010836093 1.5261735e-20)
(-0.04574189 -0.01583178 -9.7908092e-20)
(-0.051732349 -0.021474776 -1.5776127e-20)
(-0.056410617 -0.027508078 1.3847236e-19)
(-0.059592245 -0.033645602 -1.1814843e-19)
(-0.06123831 -0.039621803 -2.2591449e-21)
(-0.061350203 -0.045162635 3.614212e-20)
(-0.060068391 -0.050072477 -3.3129081e-20)
(-0.057481124 -0.054111192 -6.5725301e-21)
(-0.053790869 -0.057135024 -4.2937584e-21)
(-0.049235575 -0.059059209 -7.2386192e-21)
(-0.043981622 -0.059741414 -1.8431138e-21)
(-0.038284518 -0.059168669 5.5187028e-22)
(-0.032359478 -0.057313925 4.6697333e-20)
(-0.026430768 -0.054204044 -7.2563929e-20)
(-0.020709377 -0.049894455 -7.812408e-20)
(-0.015391866 -0.044472104 -3.1884557e-20)
(-0.010656121 -0.038053218 -7.33611e-20)
(-0.0066570025 -0.030778813 1.6409812e-20)
(-0.0035214443 -0.022812253 2.3921978e-20)
(-0.0013521508 -0.014346965 -3.7232864e-20)
(-0.00020532227 -0.0055438661 -4.9794196e-21)
(1.458203e-05 0.00082539594 -1.2138441e-21)
(4.738226e-05 0.001083444 -7.2200633e-23)
(9.4749944e-05 0.0013319223 -4.1369251e-21)
(0.00015560643 0.0015663575 1.3839197e-20)
(0.00022875184 0.0017824752 -9.7426916e-21)
(0.00031250762 0.0019761478 -2.9684258e-20)
(0.00040474378 0.0021435896 5.60758e-21)
(0.00050292934 0.0022815274 2.2148346e-20)
(0.00060416732 0.0023873232 -2.0812887e-20)
(0.00070539355 0.0024592279 4.6527749e-20)
(0.00080345493 0.0024963204 8.4432449e-22)
(0.00089531026 0.0024989659 -2.8747878e-20)
(0.00097808875 0.0024683973 -4.6769624e-20)
(0.0010495407 0.0024074466 3.7905721e-20)
(0.001107874 0.0023195722 -3.9835363e-20)
(0.0011524175 0.0022098706 -6.4006538e-20)
(0.0011834542 0.0020841076 4.1881138e-20)
(0.0012025491 0.0019488698 -6.7100568e-20)
(0.0012129272 0.0018116745 -8.8632739e-20)
(0.001219025 0.001679761 5.7448787e-20)
(0.0012273789 0.001561011 7.3179682e-20)
(0.0012461538 0.0014627753 6.5505373e-20)
(0.0012859316 0.0013924302 5.3792578e-20)
(0.0013591417 0.0013562119 1.2700847e-20)
(0.001479692 0.0013585779 2.1607571e-20)
(0.0016605795 0.0014000423 -4.6217953e-21)
(0.0019100644 0.0014748608 4.1735729e-20)
(0.0022278198 0.0015700971 -1.1152154e-20)
(0.0025994997 0.0016648682 -8.7576934e-21)
(0.0029946756 0.0017331092 6.0313338e-20)
(0.0033835292 0.0017565416 -7.8687174e-20)
(0.0037392854 0.001725099 -2.3670168e-21)
(0.0040300807 0.0016323341 3.9037518e-20)
(0.0042015225 0.001470477 2.0331315e-20)
(0.0041586255 0.0012309845 -6.461348e-20)
(0.0037524461 0.00091192387 4.0887077e-21)
(0.0028048453 0.0005370373 1.2039214e-20)
(0.0010899009 0.00016138775 2.2696755e-21)
(-0.0015892267 -0.00010772227 -3.2611674e-21)
(-0.0054318308 -0.00011531053 2.0370503e-21)
(-0.010797951 0.00036240097 -3.8083232e-21)
(-0.017568145 0.0016343706 3.0980393e-20)
(-0.02514011 0.0038689756 -4.3034266e-20)
(-0.033051859 0.0071402407 1.6545584e-20)
(-0.040696348 0.011391189 -1.4878956e-20)
(-0.047636355 0.016485475 9.5175243e-20)
(-0.053445681 0.022183334 1.526837e-20)
(-0.05788305 0.028223493 -1.3325839e-19)
(-0.060794293 0.034321725 1.1284566e-19)
(-0.062156583 0.040213449 2.1365314e-21)
(-0.061985943 0.045628185 -3.3708564e-20)
(-0.060444593 0.050383656 3.0271589e-20)
(-0.057608453 0.054228474 -4.6680994e-20)
(-0.053702747 0.05703894 3.5015938e-21)
(-0.048980959 0.058751137 -5.8244643e-21)
(-0.043583322 0.059197442 4.5112877e-21)
(-0.037783036 0.058390355 -6.9246341e-22)
(-0.031791354 0.056303884 -5.2949623e-20)
(-0.025831657 0.052970829 7.8898617e-20)
(-0.020113519 0.048453138 8.2960006e-20)
(-0.014830221 0.042841709 3.3333143e-20)
(-0.010156535 0.036258285 7.582005e-20)
(-0.0062428589 0.028846692 -1.6806676e-20)
(-0.0032114955 0.020775052 4.8220973e-20)
(-0.0011599559 0.012231675 3.7585796e-20)
(-0.00014231923 0.0034074522 4.997813e-21)
)
;
    }
    frontAndBack
    {
        type            empty;
    }
}


// ************************************************************************* //
