/*--------------------------------*- C++ -*----------------------------------*\
  =========                 |
  \\      /  F ield         | OpenFOAM: The Open Source CFD Toolbox
   \\    /   O peration     | Website:  https://openfoam.org
    \\  /    A nd           | Version:  13
     \\/     M anipulation  |
\*---------------------------------------------------------------------------*/
FoamFile
{
    format      ascii;
    class       volVectorField;
    location    "49.298613";
    object      wallShearStress;
}
// * * * * * * * * * * * * * * * * * * * * * * * * * * * * * * * * * * * * * //

dimensions      [0 2 -2 0 0 0 0];

internalField   uniform (0 0 0);

boundaryField
{
    inlet
    {
        type            calculated;
        value           uniform (0 0 0);
    }
    outlet
    {
        type            calculated;
        value           uniform (0 0 0);
    }
    cylinder
    {
        type            calculated;
        value           nonuniform List<vector> 
132
(
(5.384788e-05 -0.0036844792 -3.1923325e-22)
(0.00016595582 -0.0039653327 9.104295e-23)
(0.00029453292 -0.0042223907 5.0311136e-21)
(0.00043730794 -0.0044496282 -1.6889371e-20)
(0.0005917346 -0.0046415237 1.1921958e-20)
(0.00075454455 -0.0047927924 3.6415747e-20)
(0.00092198628 -0.0048989658 -6.8952266e-21)
(0.001089816 -0.0049563592 -2.7291457e-20)
(0.0012534403 -0.0049626154 2.5693517e-20)
(0.0014080822 -0.0049166214 -5.7529962e-20)
(0.001549117 -0.0048191096 -1.0453538e-21)
(0.0016722065 -0.0046722768 3.5630049e-20)
(0.0017737481 -0.0044803658 5.8011349e-20)
(0.0018510576 -0.0042492496 -4.7041548e-20)
(0.0019027334 -0.0039865074 4.9450599e-20)
(0.0019290374 -0.003701402 7.9462953e-20)
(0.0019318806 -0.003404042 -5.199018e-20)
(0.0019153471 -0.0031056703 8.3278813e-20)
(0.0018854747 -0.002817588 1.0996832e-19)
(0.0018508241 -0.0025514886 -7.1252018e-20)
(0.0018221448 -0.0023183665 -9.0729107e-20)
(0.0018131832 -0.0021290768 3.1921108e-23)
(0.0018397217 -0.0019925909 1.31453e-20)
(0.0019200548 -0.0019162564 -1.5735027e-20)
(0.0020714222 -0.0019021255 -2.6770557e-20)
(0.0023069145 -0.0019452164 5.7275519e-21)
(0.0026309004 -0.002031797 -5.1746744e-20)
(0.0030316166 -0.0021371023 1.3837565e-20)
(0.003478461 -0.0022285145 1.0877457e-20)
(0.0039259432 -0.0022729458 -7.500052e-20)
(0.0043309462 -0.0022494381 9.797795e-20)
(0.0046569784 -0.0021496954 2.9688047e-21)
(0.004859816 -0.0019699088 2.1428254e-20)
(0.0048536751 -0.0017006804 -2.5429547e-20)
(0.0045125864 -0.0013383973 8.0929226e-20)
(0.0036639547 -0.00089427336 -5.1262465e-21)
(0.0021148096 -0.00041184702 2.070165e-20)
(-0.00036755871 2.9052095e-05 -2.8434478e-21)
(-0.0039831627 0.00029760402 4.0747469e-21)
(-0.0088322269 0.00020078161 -2.534678e-21)
(-0.015306196 -0.0005055268 4.7096435e-21)
(-0.023228596 -0.0021547464 -1.4417712e-22)
(-0.031836849 -0.0048938226 5.2409293e-20)
(-0.040668124 -0.0087805105 -2.0014797e-20)
(-0.049118301 -0.013744463 1.7908962e-20)
(-0.056711715 -0.019622407 -1.142286e-19)
(-0.063030474 -0.02615816 -1.8329253e-20)
(-0.067834001 -0.033072805 1.6052737e-19)
(-0.070948811 -0.040052549 -1.3701813e-19)
(-0.072356883 -0.046811469 -2.6294167e-21)
(-0.072073044 -0.053052741 4.2419779e-20)
(-0.070253052 -0.058559436 -3.9497158e-20)
(-0.067000353 -0.063070128 -8.0781231e-21)
(-0.062553032 -0.066440297 -5.6341938e-21)
(-0.057161717 -0.068565669 -1.1719665e-20)
(-0.051009965 -0.069287604 1.6340789e-21)
(-0.04438582 -0.068598219 3.907702e-22)
(-0.03752649 -0.06646622 4.0418616e-20)
(-0.030681912 -0.062923782 -6.7023615e-20)
(-0.024086378 -0.058033216 -7.4489416e-20)
(-0.017958553 -0.051892427 -3.0971465e-20)
(-0.012496143 -0.044631036 -7.2123971e-20)
(-0.0078719156 -0.036408205 1.6267994e-20)
(-0.0042265982 -0.027404312 2.3859754e-20)
(-0.0016762266 -0.017844963 -3.730437e-20)
(-0.00027983055 -0.0078822447 -5.0063105e-21)
(-4.2008936e-05 -0.0033828393 -1.4655651e-21)
(-0.00012146694 -0.0030602037 -8.7081565e-23)
(-0.0001834689 -0.002718533 -4.9840802e-21)
(-0.00022645754 -0.0023626644 1.6655436e-20)
(-0.00024943533 -0.0019985222 -1.1713595e-20)
(-0.00025186522 -0.0016312775 -3.5657686e-20)
(-0.00023406797 -0.0012679691 6.7311204e-21)
(-0.00019682828 -0.00091422525 2.6572161e-20)
(-0.00014165432 -0.00057603045 -2.4962988e-20)
(-7.0510696e-05 -0.0002587816 5.5804803e-20)
(1.3918769e-05 3.2940558e-05 1.0129357e-21)
(0.00010876635 0.00029554264 -3.4510171e-20)
(0.00021129455 0.00052644547 -5.6194115e-20)
(0.00031834961 0.00072451485 4.5597923e-20)
(0.00042738121 0.00088995341 -4.7988308e-20)
(0.00053644642 0.0010244746 -7.723496e-20)
(0.00064443009 0.0011311353 5.0629834e-20)
(0.00075154334 0.0012145866 -8.1276295e-20)
(0.00085932671 0.0012804052 -1.0757428e-19)
(0.0009714251 0.0013356547 6.9866707e-20)
(0.0010930226 0.0013873834 8.9173302e-20)
(0.0012316959 0.0014432543 7.9970628e-20)
(0.0013961793 0.001509561 6.5786264e-20)
(0.0015953954 0.0015901573 1.5557476e-20)
(0.0018370772 0.0016855322 2.6506036e-20)
(0.0021239805 0.0017902879 -5.6769174e-21)
(0.0024528176 0.0018942115 5.1321577e-20)
(0.0028134081 0.0019836173 -1.3726307e-20)
(0.0031878453 0.002042785 -1.0787009e-20)
(0.0035539597 0.0020579417 7.4330978e-20)
(0.0038914142 0.0020213632 -9.7024364e-20)
(0.0041648921 0.0019227484 -2.9202402e-21)
(0.0043148444 0.0017493977 4.819275e-20)
(0.004241476 0.0014869495 2.5116235e-20)
(0.0038105198 0.001131621 -7.9848808e-20)
(0.0028459552 0.00069743024 5.0513139e-21)
(0.0011591702 0.00023294635 1.4852032e-20)
(-0.0014743294 -0.00017725398 2.7913101e-21)
(-0.0052531806 -0.00039969064 -3.9888401e-21)
(-0.010222516 -0.0002392804 2.4725724e-21)
(-0.016779426 0.00055038504 -4.5737155e-21)
(-0.02469727 0.0022880531 3.6715186e-20)
(-0.033200315 0.005100693 -5.028334e-20)
(-0.041837447 0.0090303506 1.9063597e-20)
(-0.049980622 0.013983766 -1.6920236e-20)
(-0.057212165 0.019793715 1.0697584e-19)
(-0.063134637 0.026198504 1.6990985e-20)
(-0.06752784 0.032920689 -1.4708409e-19)
(-0.070244259 0.039651957 1.2376203e-19)
(-0.07128927 0.046117869 2.3328906e-21)
(-0.07066391 0.052012466 -3.6717987e-20)
(-0.068588163 0.057168589 3.3014246e-20)
(-0.065088609 0.06126669 -5.1186395e-20)
(-0.060456592 0.064209907 3.9296611e-21)
(-0.054986816 0.065952543 -7.3926644e-21)
(-0.048772463 0.066243163 3.8720753e-21)
(-0.042159585 0.065151446 -6.7580821e-22)
(-0.035363573 0.062627719 -5.2897148e-20)
(-0.028635579 0.058717473 7.9497216e-20)
(-0.022205912 0.053489808 8.390268e-20)
(-0.016287671 0.047046828 3.3764108e-20)
(-0.011073925 0.039525711 7.6827287e-20)
(-0.0067304645 0.031087236 -1.7022518e-20)
(-0.0033917381 0.021919631 4.8789926e-20)
(-0.0011658318 0.012230042 3.7970564e-20)
(-0.00011388334 0.0022518806 5.0386158e-21)
)
;
    }
    frontAndBack
    {
        type            empty;
    }
}


// ************************************************************************* //
