/*--------------------------------*- C++ -*----------------------------------*\
  =========                 |
  \\      /  F ield         | OpenFOAM: The Open Source CFD Toolbox
   \\    /   O peration     | Website:  https://openfoam.org
    \\  /    A nd           | Version:  13
     \\/     M anipulation  |
\*---------------------------------------------------------------------------*/
FoamFile
{
    format      ascii;
    class       volVectorField;
    location    "14.398669";
    object      wallShearStress;
}
// * * * * * * * * * * * * * * * * * * * * * * * * * * * * * * * * * * * * * //

dimensions      [0 2 -2 0 0 0 0];

internalField   uniform (0 0 0);

boundaryField
{
    inlet
    {
        type            calculated;
        value           uniform (0 0 0);
    }
    outlet
    {
        type            calculated;
        value           uniform (0 0 0);
    }
    cylinder
    {
        type            calculated;
        value           nonuniform List<vector> 
132
(
(3.7437617e-05 0.0014723756 -1.021611e-22)
(0.00019690757 -0.0034065525 2.9092369e-23)
(0.00062308637 -0.0082361322 1.6555055e-21)
(0.0013070395 -0.012855429 -5.8316363e-21)
(0.0022185348 -0.017101199 4.3953949e-21)
(0.0033106583 -0.020819184 1.4502466e-20)
(0.0045188281 -0.023866106 -2.9828357e-21)
(0.0057642302 -0.026124991 -1.282652e-20)
(0.0069611392 -0.027511981 1.306509e-20)
(0.008017714 -0.027979168 -3.141681e-20)
(0.0088443689 -0.027522185 -6.0684093e-22)
(0.0093609713 -0.026182749 2.1772886e-20)
(0.0095056352 -0.024051885 3.6855614e-20)
(0.0092467621 -0.02127706 -3.0702329e-20)
(0.0085902659 -0.018052895 3.2777314e-20)
(0.0075854842 -0.014610192 5.2936168e-20)
(0.0063209595 -0.011187928 -3.4503637e-20)
(0.0049137056 -0.0080107222 5.4690145e-20)
(0.0034921556 -0.0052539535 7.1150902e-20)
(0.0021742813 -0.0030251931 -4.5323046e-20)
(0.0010449049 -0.0013504464 -5.6731924e-20)
(0.0001539422 -0.00019731313 1.9606672e-23)
(-0.00050831425 0.00054024941 7.9765699e-21)
(-0.00096907631 0.00096163288 -9.4302419e-21)
(-0.0012801113 0.001174096 -1.586836e-20)
(-0.0013855272 0.0011710415 3.3580493e-21)
(-0.001221014 0.00095056656 -2.9997578e-20)
(-0.00053285689 0.00038771562 7.9279637e-21)
(0.0006302333 -0.00039099527 6.1873738e-21)
(0.0019073231 -0.0010942976 -4.2535025e-20)
(0.0029389474 -0.0015211468 5.5645452e-20)
(0.0034985405 -0.0016131979 1.6887038e-21)
(0.003743169 -0.0015164866 1.2187374e-20)
(0.0038762464 -0.0013561653 -1.4425553e-20)
(0.004010107 -0.0011848737 4.5749451e-20)
(0.0040366557 -0.00097672525 -2.8888851e-21)
(0.0037645931 -0.00071225033 1.1646735e-20)
(0.0029831 -0.00040974648 -1.6006663e-21)
(0.00147322 -0.00013237353 2.3039811e-21)
(-0.00099868991 8.1680817e-06 -1.4459033e-21)
(-0.0048297354 -0.00016438273 2.7270259e-21)
(-0.010160376 -0.00095406966 -8.5393919e-23)
(-0.016642115 -0.0025701853 3.1862626e-20)
(-0.023901196 -0.0051727188 -1.2510021e-20)
(-0.031386145 -0.0087943307 1.1496308e-20)
(-0.03857739 -0.013358406 -7.5087507e-20)
(-0.04498435 -0.018680619 -1.2281149e-20)
(-0.050232686 -0.024503065 1.0895302e-19)
(-0.05406784 -0.030533517 -9.3504025e-20)
(-0.056393809 -0.036493626 -1.7867014e-21)
(-0.057170339 -0.042091211 2.8306151e-20)
(-0.056507879 -0.047109342 -2.5311373e-20)
(-0.054492751 -0.051302313 -4.7493645e-21)
(-0.051310103 -0.054503653 -2.677046e-21)
(-0.047196855 -0.056616895 -1.8106205e-21)
(-0.04233612 -0.057508994 -6.1325786e-21)
(-0.036971954 -0.057142354 7.5754081e-22)
(-0.031331931 -0.055495827 5.517172e-20)
(-0.025643132 -0.052590223 -8.0697673e-20)
(-0.020121801 -0.048479884 -8.4161373e-20)
(-0.014969085 -0.043251163 -3.3702666e-20)
(-0.01036677 -0.037019986 -7.6604823e-20)
(-0.0064731428 -0.029927919 1.699614e-20)
(-0.003417875 -0.022139276 2.4638945e-20)
(-0.0013057572 -0.013847697 -3.8205057e-20)
(-0.00019487597 -0.0052183111 -5.0972381e-21)
(0.00014214916 0.006294652 -4.7956461e-22)
(0.00050478313 0.010997748 -2.9812233e-23)
(0.0011184308 0.015472096 -1.816507e-21)
(0.0019566728 0.019566614 6.5578163e-21)
(0.0029774697 0.023135741 -5.0237148e-21)
(0.0041227251 0.026046053 -1.6703865e-20)
(0.0053198886 0.028187604 3.438122e-21)
(0.0064899747 0.02948057 1.4714491e-20)
(0.0075469592 0.029877749 -1.4862959e-20)
(0.0084052462 0.029371204 3.5358642e-20)
(0.0089858941 0.027994649 6.750208e-22)
(0.0092249016 0.025828506 -2.3913438e-20)
(0.0090835261 0.023005649 -3.9986335e-20)
(0.0085571849 0.019708417 3.2929317e-20)
(0.0076797028 0.016154097 -3.479687e-20)
(0.0065249643 0.012577736 -5.5715328e-20)
(0.0051958378 0.0092049487 3.6076157e-20)
(0.0038121893 0.0062220412 -5.6925544e-20)
(0.002490484 0.0037535717 -7.3872259e-20)
(0.0013246199 0.0018505737 4.7017981e-20)
(0.00037264615 0.00049401596 5.8878014e-20)
(-0.0003485588 -0.00039633511 5.1906203e-20)
(-0.00086616078 -0.00093043373 4.2073618e-20)
(-0.0012203439 -0.0012143864 9.8231878e-21)
(-0.0014324686 -0.0013159646 1.6542062e-20)
(-0.0014045312 -0.001189648 -3.5007867e-21)
(-0.0010119944 -0.0007919551 3.1292023e-20)
(-7.3125801e-05 -6.515505e-05 -8.2901997e-21)
(0.001214382 0.00076571686 -6.4883118e-21)
(0.0024212833 0.0013939024 4.4739901e-20)
(0.0032475662 0.0016835467 -5.8597571e-20)
(0.0036361698 0.0016779365 -1.7682782e-21)
(0.0038077302 0.0015429339 2.9194621e-20)
(0.0039459377 0.001380562 1.5196528e-20)
(0.0040667546 0.0012019335 -4.8249541e-20)
(0.0040151349 0.00097231015 3.051391e-21)
(0.0035965544 0.00068184141 8.9860002e-21)
(0.0025996749 0.0003596874 1.6962025e-21)
(0.00080558429 8.0229397e-05 -2.4448305e-21)
(-0.0020328725 -3.2596911e-05 1.5354453e-21)
(-0.0062924988 0.00021387271 -2.8957186e-21)
(-0.012042173 0.0011272312 2.3863105e-20)
(-0.018877864 0.0029122376 -3.3650601e-20)
(-0.026366945 0.0057031211 1.3146398e-20)
(-0.033925876 0.0095028391 -1.2010563e-20)
(-0.041090527 0.014226123 7.7951217e-20)
(-0.047331315 0.019652669 1.2656929e-20)
(-0.052331551 0.025523579 -1.1149638e-19)
(-0.055876831 0.031551891 9.4924206e-20)
(-0.057880995 0.037452983 1.7985905e-21)
(-0.058335335 0.042946031 -2.8197075e-20)
(-0.05737124 0.047826361 2.4874939e-20)
(-0.055066783 0.051839921 -3.6729778e-20)
(-0.05162867 0.054839434 2.4270035e-21)
(-0.047308465 0.05674804 -9.2489499e-22)
(-0.042263154 0.057406986 7.2642514e-21)
(-0.036761326 0.056813741 -8.2288411e-22)
(-0.031020097 0.05494005 -5.8281978e-20)
(-0.025267832 0.051816533 8.4018365e-20)
(-0.019718174 0.047502524 8.6802139e-20)
(-0.014569004 0.042088839 3.451928e-20)
(-0.0099986718 0.035696608 7.8025463e-20)
(-0.0061608762 0.028470277 -1.7229713e-20)
(-0.0031805715 0.020578659 4.9329661e-20)
(-0.0011571789 0.012211611 3.8417323e-20)
(-0.00014596203 0.0035594604 5.1095595e-21)
)
;
    }
    frontAndBack
    {
        type            empty;
    }
}


// ************************************************************************* //
