/*--------------------------------*- C++ -*----------------------------------*\
  =========                 |
  \\      /  F ield         | OpenFOAM: The Open Source CFD Toolbox
   \\    /   O peration     | Website:  https://openfoam.org
    \\  /    A nd           | Version:  13
     \\/     M anipulation  |
\*---------------------------------------------------------------------------*/
FoamFile
{
    format      ascii;
    class       volVectorField;
    location    "37.503363";
    object      wallShearStress;
}
// * * * * * * * * * * * * * * * * * * * * * * * * * * * * * * * * * * * * * //

dimensions      [0 2 -2 0 0 0 0];

internalField   uniform (0 0 0);

boundaryField
{
    inlet
    {
        type            calculated;
        value           uniform (0 0 0);
    }
    outlet
    {
        type            calculated;
        value           uniform (0 0 0);
    }
    cylinder
    {
        type            calculated;
        value           nonuniform List<vector> 
132
(
(1.0775585e-05 -0.00052042707 -2.7778031e-22)
(3.7225571e-05 -0.00082164669 7.9292206e-23)
(8.1271228e-05 -0.001126032 4.3861949e-21)
(0.00014303802 -0.0014286457 -1.4741436e-20)
(0.00022234207 -0.0017240127 1.0419565e-20)
(0.00031836775 -0.0020062893 3.1874932e-20)
(0.00042960894 -0.0022694299 -6.0458552e-21)
(0.00055380146 -0.0025074432 -2.3976246e-20)
(0.00068801735 -0.0027145999 2.2621553e-20)
(0.000828734 -0.0028857205 -5.0772884e-20)
(0.00097183829 -0.003016434 -9.2492317e-22)
(0.0011128695 -0.0031035718 3.1614529e-20)
(0.0012472006 -0.0031452906 5.1623637e-20)
(0.0013704232 -0.0031415796 -4.1988124e-20)
(0.0014785346 -0.0030940503 4.4273569e-20)
(0.0015685813 -0.0030066462 7.1360941e-20)
(0.001638664 -0.0028847975 -4.6828306e-20)
(0.0016887663 -0.0027361913 7.5224228e-20)
(0.0017207743 -0.0025698557 9.9596801e-20)
(0.0017390225 -0.0023962131 -6.4688787e-20)
(0.0017506177 -0.0022266588 -8.2549415e-20)
(0.0017656065 -0.0020729423 2.9077373e-23)
(0.0017968764 -0.0019463159 1.2000747e-20)
(0.0018599964 -0.0018567798 -1.4382284e-20)
(0.0019711884 -0.0018107636 -2.4490196e-20)
(0.0021446009 -0.0018091002 5.2424443e-21)
(0.0023897094 -0.0018461786 -4.7373694e-20)
(0.002706616 -0.0019084261 1.2667361e-20)
(0.0030779324 -0.0019720801 9.954714e-21)
(0.0034695406 -0.002008626 -6.8609462e-20)
(0.0038485709 -0.0019986326 8.9586722e-20)
(0.0041748822 -0.0019268233 2.7132421e-21)
(0.0043978184 -0.0017822726 1.957286e-20)
(0.0044425834 -0.0015561806 -2.3211205e-20)
(0.004198677 -0.0012446584 7.3804386e-20)
(0.0035094849 -0.00085553937 -4.6699798e-21)
(0.0021958977 -0.00042522442 1.8836696e-20)
(3.5677326e-05 -2.2715914e-05 -2.5840796e-21)
(-0.003159308 0.00023297807 3.6990098e-21)
(-0.00752804 0.00016831341 -2.2988239e-21)
(-0.013446938 -0.0004459136 4.2690974e-21)
(-0.020793629 -0.0019305472 -1.3070075e-22)
(-0.028899966 -0.0044441708 4.7533796e-20)
(-0.037309817 -0.0080572649 -1.8166222e-20)
(-0.045445268 -0.012718454 1.6268315e-20)
(-0.052856938 -0.018290471 -1.0383446e-19)
(-0.05909874 -0.024528591 -1.6661891e-20)
(-0.063916648 -0.031164934 1.4582488e-19)
(-0.067126963 -0.0378969 -1.2421758e-19)
(-0.068687691 -0.04443939 -2.374894e-21)
(-0.068604804 -0.05050129 3.806127e-20)
(-0.067019009 -0.055864999 -3.5045042e-20)
(-0.064024841 -0.060270212 -7.0220021e-21)
(-0.059850642 -0.063570798 -4.6941391e-21)
(-0.054741595 -0.065663283 -8.5828096e-21)
(-0.048873828 -0.066386322 -7.864283e-22)
(-0.042531473 -0.065732258 5.019527e-22)
(-0.035946523 -0.06366733 4.4693261e-20)
(-0.029365066 -0.060222127 -7.0722863e-20)
(-0.02301785 -0.055456982 -7.6847535e-20)
(-0.017120235 -0.049467214 -3.1537659e-20)
(-0.011867336 -0.042380551 -7.2830938e-20)
(-0.007429139 -0.034352277 1.6334243e-20)
(-0.0039446224 -0.025561614 2.3859912e-20)
(-0.0015274784 -0.01622393 -3.719647e-20)
(-0.00023798313 -0.0065095522 -4.981396e-21)
(5.7974565e-07 -0.00022410112 -1.2742149e-21)
(6.336034e-06 6.8066412e-05 -7.5653208e-23)
(2.7608334e-05 0.00035400561 -4.3267289e-21)
(6.4422049e-05 0.00062904732 1.4447479e-20)
(0.00011561132 0.00088855417 -1.0152383e-20)
(0.00017970687 0.0011281147 -3.0877328e-20)
(0.00025480679 0.0013436684 5.8228746e-21)
(0.00033856985 0.0015316829 2.2960684e-20)
(0.00042834733 0.0016893435 -2.1542513e-20)
(0.00052127358 0.0018146826 4.8088807e-20)
(0.0006144172 0.0019067414 8.7150013e-22)
(0.00070490216 0.0019656614 -2.9637372e-20)
(0.00079022895 0.001992759 -4.8166106e-20)
(0.00086834885 0.0019904982 3.9002448e-20)
(0.00093791126 0.0019625249 -4.0957377e-20)
(0.00099846223 0.0019135317 -6.5770317e-20)
(0.0010506485 0.0018491494 4.3016173e-20)
(0.0010965437 0.0017759881 -6.8898095e-20)
(0.0011397489 0.0017012517 -9.0991741e-20)
(0.0011857005 0.0016326643 5.8974785e-20)
(0.0012418274 0.0015781498 7.5128334e-20)
(0.0013177206 0.0015455031 6.7260925e-20)
(0.001424942 0.0015416896 5.5249642e-20)
(0.0015761969 0.0015716523 1.305002e-20)
(0.0017832927 0.0016364326 2.2213373e-20)
(0.0020541724 0.001731366 -4.7545884e-21)
(0.0023875162 0.001843454 4.2970391e-20)
(0.0027734875 0.0019550141 -1.1493063e-20)
(0.0031867956 0.0020416779 -9.0352905e-21)
(0.0035921339 0.0020797184 6.2298859e-20)
(0.0039630698 0.0020583364 -8.1385509e-20)
(0.0042694728 0.0019707395 -2.4519443e-21)
(0.0044670882 0.0018106209 4.0512466e-20)
(0.0044747226 0.0015678083 2.1145271e-20)
(0.0041715964 0.0012372059 -6.7357185e-20)
(0.0033924286 0.00082800409 4.2721454e-21)
(0.0019537205 0.00038060956 1.2603485e-20)
(-0.00036773431 -3.0356997e-05 2.3788249e-21)
(-0.0037638155 -0.00028123662 -3.4173462e-21)
(-0.0083410141 -0.00018954641 2.1315484e-21)
(-0.01447301 0.0004781406 -3.9719642e-21)
(-0.022004109 0.0020413671 3.2151622e-20)
(-0.030213198 0.0046444755 -4.4399261e-20)
(-0.038647891 0.008344578 1.6968382e-20)
(-0.046730565 0.01307668 -1.5173171e-20)
(-0.05399605 0.018683072 9.6537531e-20)
(-0.060035466 0.024915257 1.5417212e-20)
(-0.064614787 0.031503156 -1.3399741e-19)
(-0.067557943 0.038138023 1.1305855e-19)
(-0.068858224 0.044547483 2.1329759e-21)
(-0.068507429 0.050427315 -3.3522222e-20)
(-0.066700198 0.055596933 2.9970944e-20)
(-0.063479641 0.059754203 -4.5853941e-20)
(-0.059117145 0.062789106 3.3907642e-21)
(-0.053888283 0.064636752 -5.1807985e-21)
(-0.047910877 0.065074849 4.9419366e-21)
(-0.041509337 0.064148571 -7.162716e-22)
(-0.034902619 0.0618136 -5.4048971e-20)
(-0.028338434 0.058110761 8.0055764e-20)
(-0.022045409 0.053106401 8.3880316e-20)
(-0.016235368 0.046900041 3.3621838e-20)
(-0.011100153 0.039625583 7.6338431e-20)
(-0.0068048134 0.03144091 -1.6896547e-20)
(-0.0034833723 0.02253087 4.8415985e-20)
(-0.0012437361 0.013101921 3.7692544e-20)
(-0.0001453446 0.0033681702 5.0060795e-21)
)
;
    }
    frontAndBack
    {
        type            empty;
    }
}


// ************************************************************************* //
