/*--------------------------------*- C++ -*----------------------------------*\
  =========                 |
  \\      /  F ield         | OpenFOAM: The Open Source CFD Toolbox
   \\    /   O peration     | Website:  https://openfoam.org
    \\  /    A nd           | Version:  13
     \\/     M anipulation  |
\*---------------------------------------------------------------------------*/
FoamFile
{
    format      ascii;
    class       volVectorField;
    location    "37.502511";
    object      wallShearStress;
}
// * * * * * * * * * * * * * * * * * * * * * * * * * * * * * * * * * * * * * //

dimensions      [0 2 -2 0 0 0 0];

internalField   uniform (0 0 0);

boundaryField
{
    inlet
    {
        type            calculated;
        value           uniform (0 0 0);
    }
    outlet
    {
        type            calculated;
        value           uniform (0 0 0);
    }
    cylinder
    {
        type            calculated;
        value           nonuniform List<vector> 
132
(
(1.0851402e-05 -0.00054426894 -2.671907e-22)
(3.6551922e-05 -0.00081429718 7.6213941e-23)
(7.8063108e-05 -0.0010852835 4.2128597e-21)
(0.00013521019 -0.0013527252 -1.4148477e-20)
(0.00020766776 -0.0016117887 9.9930919e-21)
(0.00029455261 -0.001857366 3.0547864e-20)
(0.00039438224 -0.0020842396 -5.7899213e-21)
(0.00050501364 -0.0022873015 -2.2944771e-20)
(0.00062376592 -0.0024617143 2.1633049e-20)
(0.00074743919 -0.0026031662 -4.8520782e-20)
(0.00087234753 -0.0027080745 -8.8331517e-22)
(0.00099452713 -0.0027739238 3.0172677e-20)
(0.0011098897 -0.0027993488 4.9239129e-20)
(0.0012145557 -0.0027845729 -4.0025631e-20)
(0.0013050052 -0.0027311967 4.2181541e-20)
(0.0013786414 -0.0026428386 6.7955244e-20)
(0.0014337171 -0.0025242628 -4.4573233e-20)
(0.0014700157 -0.0023820375 7.1572189e-20)
(0.0014889113 -0.0022238748 9.4726522e-20)
(0.001493808 -0.0020586458 -6.1505115e-20)
(0.0014903644 -0.0018959849 -7.8463136e-20)
(0.0014864056 -0.0017455266 2.7630767e-23)
(0.0014924755 -0.0016170077 1.1400308e-20)
(0.0015215276 -0.0015192956 -1.3658527e-20)
(0.0015887152 -0.0014597452 -2.3249053e-20)
(0.0017094843 -0.001442241 4.9743727e-21)
(0.0018970704 -0.0014655798 -4.4922859e-20)
(0.0021586337 -0.001521819 1.2002199e-20)
(0.0024854922 -0.0015920512 9.4223996e-21)
(0.002856634 -0.0016531707 -6.486065e-20)
(0.0032425675 -0.0016831905 8.4573681e-20)
(0.003605642 -0.0016632332 2.5572335e-21)
(0.0039135927 -0.0015848976 1.8411927e-20)
(0.0041163185 -0.001440318 -2.1786389e-20)
(0.0041272182 -0.001221175 6.9110467e-20)
(0.003810039 -0.00092506922 -4.3627673e-21)
(0.0029938726 -0.00057155793 1.756257e-20)
(0.0014606507 -0.00021003364 -2.4062358e-21)
(-0.00099294261 5.8811083e-05 3.4444525e-21)
(-0.0045883622 9.4468285e-05 -2.1434234e-21)
(-0.0096803015 -0.00032702735 3.9931934e-21)
(-0.016208195 -0.0015096474 -1.228601e-22)
(-0.023620363 -0.0036369385 4.4955237e-20)
(-0.031468385 -0.006800092 -1.7290033e-20)
(-0.039162214 -0.010963474 1.5575892e-20)
(-0.046228562 -0.015999961 -9.9946835e-20)
(-0.052234921 -0.021683112 -1.6110754e-20)
(-0.056915957 -0.027754238 1.4150356e-19)
(-0.060091201 -0.033927074 -1.2086064e-19)
(-0.061722306 -0.039934753 -2.3147712e-21)
(-0.061814243 -0.045504074 3.712712e-20)
(-0.060506966 -0.050437948 -3.4172964e-20)
(-0.057892397 -0.054498293 -6.8309418e-21)
(-0.054172304 -0.057540148 -4.5344691e-21)
(-0.049584445 -0.059477726 -8.0859612e-21)
(-0.044298111 -0.060171427 -1.147943e-21)
(-0.038567797 -0.05960668 5.1757338e-22)
(-0.032609543 -0.057757153 4.5260161e-20)
(-0.026647897 -0.054649814 -7.1181926e-20)
(-0.020894089 -0.050340192 -7.7115731e-20)
(-0.015544969 -0.044915548 -3.1593542e-20)
(-0.010778548 -0.038492101 -7.2880646e-20)
(-0.0067499437 -0.031211418 1.6333353e-20)
(-0.0035861443 -0.023236557 2.3845999e-20)
(-0.0013900724 -0.014763158 -3.7159784e-20)
(-0.00021729554 -0.0059463876 -4.9749112e-21)
(-4.5228146e-07 -0.00027683179 -1.2265232e-21)
(2.6117799e-06 -1.1213619e-05 -7.2874833e-23)
(2.020105e-05 0.00025061649 -4.170946e-21)
(5.2060958e-05 0.00050453991 1.3937778e-20)
(9.7365734e-05 0.00074627292 -9.8016674e-21)
(0.00015500752 0.00097162868 -2.9833509e-20)
(0.00022333216 0.0011766487 5.6303606e-21)
(0.00030030744 0.001357767 2.2218622e-20)
(0.00038354002 0.0015119646 -2.086221e-20)
(0.00047037064 0.0016369262 4.6605266e-20)
(0.00055796997 0.0017311778 8.4523039e-22)
(0.00064352399 0.0017942364 -2.8764937e-20)
(0.00072441443 0.0018266083 -4.6780479e-20)
(0.00079837359 0.0018299946 3.7905259e-20)
(0.00086361978 0.0018070549 -3.9829621e-20)
(0.00091920378 0.0017616989 -6.3995527e-20)
(0.00096494729 0.0016984666 4.1876729e-20)
(0.0010019411 0.0016230117 -6.7103378e-20)
(0.001032565 0.0015416004 -8.8655142e-20)
(0.0010606644 0.0014609251 5.7478049e-20)
(0.0010918436 0.0013880607 7.3237907e-20)
(0.001133465 0.0013299737 6.5576894e-20)
(0.0011950548 0.001293562 5.3867118e-20)
(0.0012880245 0.0012848565 1.2721906e-20)
(0.0014249339 0.0013080045 2.164865e-20)
(0.0016172115 0.0013632873 -4.631478e-21)
(0.0018716927 0.0014451469 4.182867e-20)
(0.0021867995 0.001541182 -1.1177661e-20)
(0.0025503223 0.001633399 -8.7773172e-21)
(0.002935051 0.0016986293 6.0440885e-20)
(0.0033142427 0.0017205753 -7.8837735e-20)
(0.0036640601 0.0016903738 -2.3709512e-21)
(0.0039524021 0.0016008434 3.9090877e-20)
(0.0041238819 0.0014432857 2.0352159e-20)
(0.004082829 0.0012085555 -6.4654227e-20)
(0.0036810082 0.00089461185 4.0893381e-21)
(0.0027412265 0.00052499506 1.2034281e-20)
(0.0010385273 0.00015436915 2.2672536e-21)
(-0.0016238653 -0.00011103873 -3.2552726e-21)
(-0.005444121 -0.00011579459 2.0317547e-21)
(-0.010783061 0.00036178467 -3.7951756e-21)
(-0.017523633 0.0016301747 3.0846418e-20)
(-0.025066939 0.0038576876 -4.2812981e-20)
(-0.032952643 0.0071188011 1.6447875e-20)
(-0.040574677 0.011357171 -1.4780259e-20)
(-0.04749572 0.01643685 9.4473797e-20)
(-0.053290277 0.022118835 1.514375e-20)
(-0.057716624 0.028142342 -1.3204926e-19)
(-0.060619692 0.034223141 1.116942e-19)
(-0.06197735 0.040097465 2.1115656e-21)
(-0.061803368 0.045493746 -3.3242407e-20)
(-0.06026303 0.050232256 2.9754422e-20)
(-0.057427486 0.054058007 -4.5596805e-20)
(-0.053523947 0.056848909 3.371207e-21)
(-0.048808835 0.058544508 -5.1634009e-21)
(-0.0434175 0.058971973 4.9187394e-21)
(-0.037625698 0.05814689 -7.1331151e-22)
(-0.031643968 0.056042434 -5.3853065e-20)
(-0.025695755 0.052691569 7.9793827e-20)
(-0.019990676 0.048156402 8.3630189e-20)
(-0.01472197 0.042527811 3.3530244e-20)
(-0.01006444 0.035927676 7.6148171e-20)
(-0.0061684866 0.028499908 -1.6858234e-20)
(-0.0031563741 0.020412756 4.8317032e-20)
(-0.0011256473 0.011853812 3.7623918e-20)
(-0.00013096606 0.0030189884 4.9981926e-21)
)
;
    }
    frontAndBack
    {
        type            empty;
    }
}


// ************************************************************************* //
