/*--------------------------------*- C++ -*----------------------------------*\
  =========                 |
  \\      /  F ield         | OpenFOAM: The Open Source CFD Toolbox
   \\    /   O peration     | Website:  https://openfoam.org
    \\  /    A nd           | Version:  13
     \\/     M anipulation  |
\*---------------------------------------------------------------------------*/
FoamFile
{
    format      ascii;
    class       volVectorField;
    location    "45.899199";
    object      wallShearStress;
}
// * * * * * * * * * * * * * * * * * * * * * * * * * * * * * * * * * * * * * //

dimensions      [0 2 -2 0 0 0 0];

internalField   uniform (0 0 0);

boundaryField
{
    inlet
    {
        type            calculated;
        value           uniform (0 0 0);
    }
    outlet
    {
        type            calculated;
        value           uniform (0 0 0);
    }
    cylinder
    {
        type            calculated;
        value           nonuniform List<vector> 
132
(
(-1.0045803e-05 0.00099042587 -2.9592312e-22)
(-2.6398634e-05 0.000723097 8.3914527e-23)
(-2.823401e-05 0.00045566877 4.6114062e-21)
(-1.5719702e-05 0.00019348762 -1.5394575e-20)
(1.0601335e-05 -5.947584e-05 1.0807975e-20)
(4.9517121e-05 -0.00029913543 3.2841149e-20)
(0.00010029562 -0.00052138569 -6.187478e-21)
(0.00016087717 -0.00072267536 -2.4376131e-20)
(0.00022912028 -0.00090000294 2.2850222e-20)
(0.00030265891 -0.0010510296 -5.0964516e-20)
(0.00037899901 -0.0011742495 -9.2287954e-22)
(0.00045564758 -0.0012690626 3.136058e-20)
(0.00053025723 -0.0013358938 5.0931099e-20)
(0.00060080871 -0.0013761293 -4.1215346e-20)
(0.00066577875 -0.0013922323 4.3256689e-20)
(0.00072431999 -0.0013874539 6.9428089e-20)
(0.00077647848 -0.0013660643 -4.538851e-20)
(0.00082316891 -0.0013328073 7.2670459e-20)
(0.00086662899 -0.0012932734 9.5941498e-20)
(0.00091022478 -0.0012531488 -6.2164643e-20)
(0.00095898745 -0.0012186138 -7.9169371e-20)
(0.0010194986 -0.001195729 2.7876191e-23)
(0.0011003666 -0.0011905877 1.1475361e-20)
(0.001211831 -0.0012084292 -1.3737854e-20)
(0.0013654192 -0.0012530224 -2.3371205e-20)
(0.0015720621 -0.0013249578 4.9986724e-21)
(0.001837565 -0.0014185988 -4.5131103e-20)
(0.0021620495 -0.0015235899 1.2055386e-20)
(0.0025337512 -0.0016226616 9.4618964e-21)
(0.002929083 -0.0016950417 -6.5111396e-20)
(0.0033230704 -0.0017250239 8.486052e-20)
(0.0036891986 -0.0017018135 2.5644444e-21)
(0.0040026342 -0.0016209456 1.8452868e-20)
(0.0042146723 -0.0014746885 -2.1822835e-20)
(0.0042325684 -0.0012522985 6.9193628e-20)
(0.0039131935 -0.00095007276 -4.3665045e-21)
(0.0030803276 -0.00058801515 1.7574151e-20)
(0.0015099026 -0.00021700047 -2.4077925e-21)
(-0.0010059708 5.9368899e-05 3.4473258e-21)
(-0.0046945167 9.6581543e-05 -2.1460168e-21)
(-0.0099155354 -0.00033496766 4.0002089e-21)
(-0.016595297 -0.0015456495 -1.231505e-22)
(-0.02416989 -0.0037214562 4.5085588e-20)
(-0.03217345 -0.0069522682 -1.7345685e-20)
(-0.039991235 -0.011195348 1.5627396e-20)
(-0.047157363 -0.016321197 -1.0026653e-19)
(-0.053228737 -0.022095272 -1.6154713e-20)
(-0.057939392 -0.028252901 1.4179126e-19)
(-0.061115952 -0.034505216 -1.2097418e-19)
(-0.062719912 -0.040579778 -2.3134523e-21)
(-0.062764415 -0.046203096 3.702488e-20)
(-0.06139124 -0.051174617 -3.3967156e-20)
(-0.058696569 -0.055254862 -6.7520103e-21)
(-0.05488987 -0.05830189 -4.4325173e-21)
(-0.050210832 -0.060228627 -7.6120175e-21)
(-0.044828973 -0.060892001 -1.6414574e-21)
(-0.03900402 -0.060280301 5.4760606e-22)
(-0.032954409 -0.058367316 4.6783898e-20)
(-0.026907091 -0.055180575 -7.2927511e-20)
(-0.021075745 -0.050776829 -7.8616026e-20)
(-0.015659204 -0.045244208 -3.209943e-20)
(-0.010837486 -0.038700488 -7.3851976e-20)
(-0.0067673589 -0.031288494 1.6513041e-20)
(-0.0035772959 -0.023173281 2.4055615e-20)
(-0.0013715803 -0.014550861 -3.7403343e-20)
(-0.00020722287 -0.0055809639 -4.9954727e-21)
(2.0497471e-05 0.0012564579 -1.366223e-21)
(6.5534584e-05 0.0015214413 -8.1638608e-23)
(0.00012621791 0.0017835315 -4.6994979e-21)
(0.00020205453 0.0020379381 1.5793889e-20)
(0.00029235144 0.0022795894 -1.1169812e-20)
(0.00039581762 0.0025031613 -3.4186707e-20)
(0.00051045453 0.0027033604 6.4869344e-21)
(0.00063379786 0.0028750687 2.5733156e-20)
(0.00076272645 0.0030136122 -2.4283884e-20)
(0.00089361157 0.0031150253 5.4508558e-20)
(0.0010224594 0.0031763201 9.9296006e-22)
(0.0011450983 0.0031957369 -3.3935589e-20)
(0.0012574177 0.0031729655 -5.5401457e-20)
(0.0013556941 0.0031094183 4.5046894e-20)
(0.0014368097 0.003008093 -4.7481031e-20)
(0.0014987362 0.0028739136 -7.6497211e-20)
(0.0015406702 0.0027132565 5.0175535e-20)
(0.0015634021 0.0025338888 -8.0561313e-20)
(0.0015697497 0.0023449915 -1.0661148e-19)
(0.0015645808 0.0021564034 6.9212173e-20)
(0.0015551019 0.0019784161 8.8282866e-20)
(0.0015510971 0.0018214209 7.9112772e-20)
(0.0015646855 0.0016950281 6.5026049e-20)
(0.0016105967 0.0016079084 1.5364372e-20)
(0.0017041418 0.0015654221 2.6154195e-20)
(0.0018600413 0.0015689123 -5.5968499e-21)
(0.0020870657 0.0016121443 5.0558766e-20)
(0.0023851671 0.0016814897 -1.3513302e-20)
(0.00274016 0.0017553466 -1.0613999e-20)
(0.0031209267 0.0018064566 7.3105351e-20)
(0.0034997874 0.0018171133 -9.5379652e-20)
(0.0038418044 0.0017726552 -2.8691124e-21)
(0.0041014317 0.0016616376 4.7311408e-20)
(0.004210003 0.001474102 2.4632329e-20)
(0.0040575713 0.0012021343 -7.8230507e-20)
(0.0034811066 0.00084777295 4.9447036e-21)
(0.002293123 0.0004426164 1.4533124e-20)
(0.00025586836 5.1331371e-05 2.732437e-21)
(-0.0028258164 -0.00020568713 -3.9109652e-21)
(-0.0071007699 -0.00015682277 2.4310111e-21)
(-0.012945607 0.00043024307 -4.5159572e-21)
(-0.020179301 0.0018739776 3.6460179e-20)
(-0.028099632 0.0043212006 -5.0241552e-20)
(-0.036234266 0.0078247117 1.9170508e-20)
(-0.044001094 0.012313765 -1.712387e-20)
(-0.050937399 0.017625521 1.0890642e-19)
(-0.056653519 0.023511874 1.7402349e-20)
(-0.060939377 0.029711026 -1.5154207e-19)
(-0.063646301 0.035929397 1.2836356e-19)
(-0.064782862 0.041910373 2.438235e-21)
(-0.064366173 0.047378326 -3.8775358e-20)
(-0.06257775 0.052160006 3.5365097e-20)
(-0.059489251 0.055997358 -5.628402e-20)
(-0.055340146 0.058776723 4.5527773e-21)
(-0.050388794 0.060438604 -1.0639342e-20)
(-0.044769407 0.060807397 1.8288518e-21)
(-0.038763833 0.05990518 -5.6868545e-22)
(-0.032583276 0.057705625 -4.8136456e-20)
(-0.026452912 0.054244123 7.4639666e-20)
(-0.0205836 0.04958502 8.0136311e-20)
(-0.01516937 0.043821048 3.2606328e-20)
(-0.010385792 0.037076499 7.4781634e-20)
(-0.0063836188 0.029497157 -1.6671728e-20)
(-0.0032854729 0.021253787 4.8032072e-20)
(-0.0011886923 0.012536713 3.75536e-20)
(-0.00014707969 0.0035412325 5.0050907e-21)
)
;
    }
    frontAndBack
    {
        type            empty;
    }
}


// ************************************************************************* //
