/*--------------------------------*- C++ -*----------------------------------*\
  =========                 |
  \\      /  F ield         | OpenFOAM: The Open Source CFD Toolbox
   \\    /   O peration     | Website:  https://openfoam.org
    \\  /    A nd           | Version:  13
     \\/     M anipulation  |
\*---------------------------------------------------------------------------*/
FoamFile
{
    format      ascii;
    class       volVectorField;
    location    "7.500178";
    object      wallShearStress;
}
// * * * * * * * * * * * * * * * * * * * * * * * * * * * * * * * * * * * * * //

dimensions      [0 2 -2 0 0 0 0];

internalField   uniform (0 0 0);

boundaryField
{
    inlet
    {
        type            calculated;
        value           uniform (0 0 0);
    }
    outlet
    {
        type            calculated;
        value           uniform (0 0 0);
    }
    cylinder
    {
        type            calculated;
        value           nonuniform List<vector> 
132
(
(0.00010790824 -0.001748186 -1.1883915e-22)
(0.00045187728 -0.008991309 3.4535519e-23)
(0.0011894004 -0.016073232 2.0171407e-21)
(0.0022957192 -0.022744948 -7.3077063e-21)
(0.003718219 -0.028757986 5.6592963e-21)
(0.0053766228 -0.033876007 1.9122884e-20)
(0.0071639698 -0.037889904 -4.010738e-21)
(0.0089553906 -0.040631273 -1.7503571e-20)
(0.010614439 -0.041987517 1.8015268e-20)
(0.012001297 -0.041913336 -4.3599224e-20)
(0.012986359 -0.040441046 -8.4480891e-22)
(0.013464531 -0.037687278 3.0320427e-20)
(0.013369407 -0.033852204 5.1240937e-20)
(0.012688318 -0.029217083 -4.2560518e-20)
(0.011467105 -0.024116473 4.5277331e-20)
(0.0098151352 -0.018917808 7.2866579e-20)
(0.0078888315 -0.013973723 -4.7357601e-20)
(0.0058684967 -0.0095758571 7.49216e-20)
(0.0039353125 -0.0059276718 9.7395058e-20)
(0.0022291989 -0.0031087986 -6.2060886e-20)
(0.00084394189 -0.0011026665 -7.7768586e-20)
(-0.0002070364 0.00022431445 2.6942001e-23)
(-0.00094256382 0.0010099004 1.096547e-20)
(-0.0014292514 0.0014222353 -1.2980792e-20)
(-0.0015982015 0.0014702272 -2.1850186e-20)
(-0.0013696679 0.0011653292 4.6241136e-21)
(-0.00043912403 0.00035574358 -4.134326e-20)
(0.0010538556 -0.00072584828 1.0983767e-20)
(0.0026678143 -0.0016965984 8.6160083e-21)
(0.0039585736 -0.0022858598 -5.9526047e-20)
(0.0046628778 -0.0024209097 7.8002121e-20)
(0.0049477799 -0.0022847844 2.3683862e-21)
(0.0050651545 -0.0020533808 1.7103106e-20)
(0.0051246098 -0.0017944642 -2.0295379e-20)
(0.0050058412 -0.0014821423 6.4608429e-20)
(0.0044961537 -0.001092733 -4.0969453e-21)
(0.0033766771 -0.00064617898 1.6581504e-20)
(0.0014061777 -0.00020604385 -2.2858574e-21)
(-0.0016205886 0.0001062435 3.293928e-21)
(-0.0059241723 0.00012505017 -2.0637845e-21)
(-0.011878885 -0.00039893077 3.8714527e-21)
(-0.019390389 -0.0018040777 -1.1991289e-22)
(-0.027816886 -0.0042811218 4.4113415e-20)
(-0.036654096 -0.0079187614 -1.7042448e-20)
(-0.045259118 -0.012668678 1.5408218e-20)
(-0.053162932 -0.018398401 -9.9147583e-20)
(-0.059857072 -0.024845694 -1.6009729e-20)
(-0.065056611 -0.031722761 1.4075797e-19)
(-0.068570012 -0.038713189 -1.2020114e-19)
(-0.070339549 -0.045509379 -2.2990175e-21)
(-0.07037921 -0.051808443 3.6751581e-20)
(-0.068836067 -0.057380378 -3.3615823e-20)
(-0.065812344 -0.061953376 -6.6367944e-21)
(-0.061548413 -0.065374431 -4.2874392e-21)
(-0.056310544 -0.067545467 -6.9112196e-21)
(-0.050278459 -0.068294314 -2.4216954e-21)
(-0.043749382 -0.067614459 5.9919292e-22)
(-0.036967246 -0.065475003 4.9650938e-20)
(-0.030187205 -0.061907833 -7.6555932e-20)
(-0.023649148 -0.056977448 -8.2093548e-20)
(-0.017575999 -0.050783312 -3.3424445e-20)
(-0.012169478 -0.04345833 -7.6783244e-20)
(-0.0076049892 -0.035163324 1.7156359e-20)
(-0.0040257749 -0.026083807 2.4990216e-20)
(-0.0015488452 -0.016440944 -3.8872305e-20)
(-0.00023655041 -0.0064127998 -5.1963178e-21)
(0.00015811488 0.0054860703 -5.5070927e-22)
(0.00059870978 0.012612772 -3.4087932e-23)
(0.0014202384 0.019459646 -2.0838603e-21)
(0.0025882503 0.025782091 7.5988647e-21)
(0.0040412813 0.03134271 -5.9037566e-21)
(0.0056916501 0.035920413 -1.9944532e-20)
(0.0074267915 0.03932823 4.1712167e-21)
(0.0091218899 0.04142438 1.8118356e-20)
(0.010641902 0.042126694 -1.8538976e-20)
(0.011853629 0.041423047 4.4577697e-20)
(0.012639078 0.039381131 8.5813114e-22)
(0.012908466 0.03614927 -3.059391e-20)
(0.012616695 0.031962036 -5.1384732e-20)
(0.011770091 0.027116121 4.2446123e-20)
(0.010438082 0.021963442 -4.494189e-20)
(0.0087429787 0.016859315 -7.2064247e-20)
(0.0068455901 0.012132459 4.6713261e-20)
(0.0049233838 0.0080393356 -7.3797333e-20)
(0.0031363022 0.0047294701 -9.5882981e-20)
(0.0016055644 0.0022452122 6.1114741e-20)
(0.00039229346 0.00052427934 7.6636893e-20)
(-0.00050706752 -0.00057946414 6.7656574e-20)
(-0.0011270695 -0.0012120718 5.4886461e-20)
(-0.0014879957 -0.0014833164 1.2820156e-20)
(-0.0014968743 -0.0013795771 2.1583248e-20)
(-0.0011034298 -0.00094292744 -4.5709639e-21)
(3.147554e-05 6.4103737e-06 4.0892345e-20)
(0.0016259942 0.0011302556 -1.0889165e-20)
(0.0031449592 0.0020045988 -8.5565839e-21)
(0.0042367872 0.0024492801 5.9203288e-20)
(0.00475848 0.0024719104 -7.7603599e-20)
(0.004966548 0.0022938628 -2.3431433e-21)
(0.0050678682 0.0020546335 3.87463e-20)
(0.005097763 0.0017855027 2.0236136e-20)
(0.004890951 0.0014490476 -6.4526712e-20)
(0.0042318765 0.0010301062 4.0997834e-21)
(0.0029044272 0.00055890328 1.2126408e-20)
(0.00066328771 0.0001078311 2.2971309e-21)
(-0.0026842077 -0.00019275837 -3.3162053e-21)
(-0.0073221048 -0.00016013587 2.0805457e-21)
(-0.013629224 0.00045389264 -3.9045618e-21)
(-0.021451307 0.0019928079 3.18617e-20)
(-0.0300634 0.0046238942 -4.4353637e-20)
(-0.038962763 0.0084146763 1.7078687e-20)
(-0.047523141 0.013299971 -1.5376263e-20)
(-0.055245708 0.019116745 9.8427254e-20)
(-0.061683252 0.025600571 1.5801098e-20)
(-0.06658045 0.032462718 -1.3796786e-19)
(-0.069753777 0.039378554 1.1687959e-19)
(-0.0711933 0.046058866 2.2134611e-21)
(-0.070897295 0.052187002 -3.4920463e-20)
(-0.069069261 0.05757203 3.1358477e-20)
(-0.065762822 0.061903716 -4.8289457e-20)
(-0.061261875 0.065067291 3.6174165e-21)
(-0.055854066 0.066994836 -5.9231492e-21)
(-0.049667874 0.067461504 4.7748088e-21)
(-0.043039635 0.066513744 -7.2490098e-22)
(-0.036197888 0.064107885 -5.5299689e-20)
(-0.029399716 0.060287469 8.2326074e-20)
(-0.022881888 0.055122081 8.6527123e-20)
(-0.01686348 0.04871546 3.4759203e-20)
(-0.011542567 0.04120643 7.9057851e-20)
(-0.0070893587 0.032758201 -1.7524576e-20)
(-0.0036420506 0.023561709 5.0284931e-20)
(-0.0013116334 0.013830226 3.9200934e-20)
(-0.00015897223 0.0037822524 5.2138171e-21)
)
;
    }
    frontAndBack
    {
        type            empty;
    }
}


// ************************************************************************* //
