/*--------------------------------*- C++ -*----------------------------------*\
  =========                 |
  \\      /  F ield         | OpenFOAM: The Open Source CFD Toolbox
   \\    /   O peration     | Website:  https://openfoam.org
    \\  /    A nd           | Version:  13
     \\/     M anipulation  |
\*---------------------------------------------------------------------------*/
FoamFile
{
    format      ascii;
    class       volVectorField;
    location    "32.102564";
    object      wallShearStress;
}
// * * * * * * * * * * * * * * * * * * * * * * * * * * * * * * * * * * * * * //

dimensions      [0 2 -2 0 0 0 0];

internalField   uniform (0 0 0);

boundaryField
{
    inlet
    {
        type            calculated;
        value           uniform (0 0 0);
    }
    outlet
    {
        type            calculated;
        value           uniform (0 0 0);
    }
    cylinder
    {
        type            calculated;
        value           nonuniform List<vector> 
132
(
(1.7039863e-05 -0.00095576037 -2.6025892e-22)
(5.578397e-05 -0.0012705858 7.4236435e-23)
(0.00011294151 -0.001583578 4.1037009e-21)
(0.00018804389 -0.0018892459 -1.3782454e-20)
(0.00028043778 -0.0021818861 9.7350868e-21)
(0.00038880694 -0.0024555307 2.976092e-20)
(0.00051114245 -0.0027042073 -5.6410954e-21)
(0.00064469199 -0.0029221541 -2.2356132e-20)
(0.00078608767 -0.0031040795 2.1078867e-20)
(0.00093142895 -0.0032453777 -4.7278717e-20)
(0.0010763374 -0.003342488 -8.6070013e-22)
(0.0012161637 -0.0033930625 2.9399177e-20)
(0.0013463099 -0.003396432 4.7973754e-20)
(0.0014623822 -0.0033534041 -3.8993362e-20)
(0.0015608282 -0.0032671269 4.1088443e-20)
(0.001638791 -0.0031419664 6.6184312e-20)
(0.0016951258 -0.0029848308 -4.340389e-20)
(0.0017302311 -0.002803921 6.968141e-20)
(0.0017465321 -0.0026087921 9.2205541e-20)
(0.0017491095 -0.0024105133 -5.9856731e-20)
(0.0017453591 -0.002220309 -7.6346328e-20)
(0.0017458254 -0.0020499955 2.6882296e-23)
(0.0017638604 -0.0019107634 1.1089984e-20)
(0.001815463 -0.0018124553 -1.3286487e-20)
(0.0019180625 -0.0017619976 -2.2617936e-20)
(0.0020872739 -0.0017606834 4.8406184e-21)
(0.0023334446 -0.0018025927 -4.3735818e-20)
(0.0026540185 -0.001871192 1.1693856e-20)
(0.0030335427 -0.0019434461 9.1895444e-21)
(0.0034410296 -0.0019919495 -6.3342263e-20)
(0.0038309316 -0.0019893793 8.272838e-20)
(0.0041642126 -0.0019218031 2.5061724e-21)
(0.0044022018 -0.0017838822 1.8085087e-20)
(0.0044740655 -0.001566931 -2.1456633e-20)
(0.004274034 -0.0012665317 6.8268158e-20)
(0.0036508969 -0.00088916881 -4.3233799e-21)
(0.0024290759 -0.00046840108 1.7458672e-20)
(0.0003885663 -6.9153741e-05 -2.3986292e-21)
(-0.0026533871 0.00019216893 3.4402069e-21)
(-0.0068584119 0.00015091101 -2.1428148e-21)
(-0.01259592 -0.00041906935 3.9903923e-21)
(-0.019761569 -0.001835841 -1.2256063e-22)
(-0.02772432 -0.0042644815 4.4715348e-20)
(-0.036030994 -0.007782146 -1.7141009e-20)
(-0.044103017 -0.01234368 1.5392015e-20)
(-0.051498847 -0.017821371 -9.8469943e-20)
(-0.057762601 -0.023975126 -1.5827661e-20)
(-0.062630495 -0.030538864 1.3866838e-19)
(-0.065915294 -0.037213807 -1.1813865e-19)
(-0.067563614 -0.043713024 -2.2565785e-21)
(-0.067580611 -0.049748174 3.6073407e-20)
(-0.066096662 -0.055096893 -3.3044019e-20)
(-0.0632102 -0.059504044 -6.5540049e-21)
(-0.059142243 -0.062818974 -4.2804819e-21)
(-0.054133116 -0.064933971 -7.2099956e-21)
(-0.048363993 -0.065694341 -1.8473786e-21)
(-0.042113121 -0.065086202 5.5111129e-22)
(-0.035612914 -0.063076949 4.6621067e-20)
(-0.029108103 -0.059695646 -7.2453209e-20)
(-0.022828659 -0.055001699 -7.8023211e-20)
(-0.016989326 -0.049089578 -3.1853556e-20)
(-0.01178459 -0.042085834 -7.3318992e-20)
(-0.007384051 -0.034144936 1.6408106e-20)
(-0.0039262848 -0.025444781 2.3933093e-20)
(-0.0015248174 -0.016200424 -3.727518e-20)
(-0.0002395845 -0.0065784554 -4.9891064e-21)
(-4.5178082e-06 -0.00064103941 -1.1947216e-21)
(-9.3242644e-06 -0.00032568526 -7.0990046e-23)
(3.038957e-06 -1.2190728e-05 -4.0632926e-21)
(3.2131739e-05 0.00029471836 1.3579962e-20)
(7.8079449e-05 0.00058977798 -9.5516042e-21)
(0.00013928329 0.00086787715 -2.9078508e-20)
(0.00021402057 0.0011241585 5.489289e-21)
(0.00030004195 0.0013541476 2.1668549e-20)
(0.00039464516 0.0015539574 -2.0352912e-20)
(0.00049478 0.0017205094 4.5485652e-20)
(0.000597155 0.0018516898 8.2528136e-22)
(0.00069845458 0.0019465578 -2.8099747e-20)
(0.00079556867 0.0020053592 -4.5721928e-20)
(0.00088575776 0.0020297529 3.7067351e-20)
(0.00096687474 0.0020226578 -3.8970524e-20)
(0.0010377194 0.001988455 -6.2650226e-20)
(0.0010981413 0.0019325645 4.101912e-20)
(0.0011494784 0.0018616817 -6.576544e-20)
(0.0011946714 0.0017833093 -8.693386e-20)
(0.0012385206 0.0017055825 5.6391615e-20)
(0.0012881684 0.0016373191 7.1889739e-20)
(0.0013528179 0.0015870163 6.4401821e-20)
(0.001444113 0.0015628186 5.2928329e-20)
(0.0015749328 0.0015707797 1.2506842e-20)
(0.0017580039 0.0016135693 2.1295252e-20)
(0.0020032005 0.0016886637 -4.5590162e-21)
(0.0023117747 0.0017851382 4.1208278e-20)
(0.0026750615 0.0018857164 -1.1022669e-20)
(0.0030695942 0.0019666006 -8.6659952e-21)
(0.0034623362 0.0020045165 5.9755463e-20)
(0.0038288316 0.001988518 -7.8066023e-20)
(0.0041369977 0.0019094888 -2.3521481e-21)
(0.0043403527 0.0017591402 3.8867095e-20)
(0.0043642708 0.0015289449 2.0287533e-20)
(0.0040948699 0.0012141977 -6.4627935e-20)
(0.0033708221 0.00082229919 4.0992065e-21)
(0.0020134916 0.00039120987 1.2093994e-20)
(-0.00019704439 -8.1956284e-06 2.2828865e-21)
(-0.0034478417 -0.00025653187 -3.2801823e-21)
(-0.0078606067 -0.00017750542 2.0466228e-21)
(-0.013803694 0.0004567485 -3.8155689e-21)
(-0.02113997 0.0019618546 3.0907566e-20)
(-0.029182774 0.0044867674 -4.2716753e-20)
(-0.037481458 0.0080934305 1.6338982e-20)
(-0.045466141 0.012723514 -1.4621791e-20)
(-0.052681487 0.018228891 9.3088477e-20)
(-0.058708035 0.024365177 1.487109e-20)
(-0.063306349 0.030866015 -1.2924333e-19)
(-0.066296729 0.037426779 1.0897396e-19)
(-0.067662412 0.043774544 2.0528177e-21)
(-0.067394038 0.049608389 -3.2168826e-20)
(-0.065676272 0.054744014 2.8605291e-20)
(-0.062555699 0.058885003 -4.3285893e-20)
(-0.058294105 0.061915353 3.1097435e-21)
(-0.053163811 0.063768141 -3.9035735e-21)
(-0.047287332 0.064228226 5.6475561e-21)
(-0.040981765 0.063333491 -7.484625e-22)
(-0.034466521 0.061041415 -5.5285073e-20)
(-0.027987468 0.057391136 8.1136516e-20)
(-0.021772178 0.052448153 8.4591693e-20)
(-0.016031547 0.046311046 3.3806256e-20)
(-0.010956574 0.039112581 7.6613429e-20)
(-0.0067116625 0.031009604 -1.6937301e-20)
(-0.0034303128 0.022185845 4.849807e-20)
(-0.0012199756 0.012846233 3.7743157e-20)
(-0.00014013632 0.0032060609 5.0125939e-21)
)
;
    }
    frontAndBack
    {
        type            empty;
    }
}


// ************************************************************************* //
