/*--------------------------------*- C++ -*----------------------------------*\
  =========                 |
  \\      /  F ield         | OpenFOAM: The Open Source CFD Toolbox
   \\    /   O peration     | Website:  https://openfoam.org
    \\  /    A nd           | Version:  13
     \\/     M anipulation  |
\*---------------------------------------------------------------------------*/
FoamFile
{
    format      ascii;
    class       volVectorField;
    location    "15.501653";
    object      wallShearStress;
}
// * * * * * * * * * * * * * * * * * * * * * * * * * * * * * * * * * * * * * //

dimensions      [0 2 -2 0 0 0 0];

internalField   uniform (0 0 0);

boundaryField
{
    inlet
    {
        type            calculated;
        value           uniform (0 0 0);
    }
    outlet
    {
        type            calculated;
        value           uniform (0 0 0);
    }
    cylinder
    {
        type            calculated;
        value           nonuniform List<vector> 
132
(
(3.4025175e-05 0.0011009006 -1.2818414e-22)
(0.00017526819 -0.003085263 3.6620907e-23)
(0.00054559781 -0.0072276207 2.0657148e-21)
(0.0011372501 -0.011192786 -7.160141e-21)
(0.0019250533 -0.01484274 5.2777774e-21)
(0.002870258 -0.018051291 1.6971126e-20)
(0.0039198102 -0.020701356 -3.3994893e-21)
(0.0050081154 -0.022695634 -1.4254432e-20)
(0.0060639195 -0.023962542 1.4195746e-20)
(0.0070090381 -0.024455214 -3.3486014e-20)
(0.0077649434 -0.02415908 -6.3689675e-22)
(0.0082574549 -0.023092336 2.2573555e-20)
(0.0084273387 -0.02132008 3.7873541e-20)
(0.0082401754 -0.018957997 -3.1361821e-20)
(0.0076960675 -0.016171356 3.3361797e-20)
(0.0068323169 -0.01315785 5.3799901e-20)
(0.0057246748 -0.01013134 -3.5068044e-20)
(0.0044752587 -0.00729521 5.5655894e-20)
(0.0031979328 -0.0048109192 7.2548188e-20)
(0.0020019197 -0.002785118 -4.6320666e-20)
(0.00096589061 -0.0012482653 -5.8114647e-20)
(0.00013937709 -0.00017908544 2.0127256e-23)
(-0.00048229002 0.000512647 8.2029877e-21)
(-0.00091933528 0.00091232955 -9.7121978e-21)
(-0.0012057894 0.0011062044 -1.636082e-20)
(-0.0012752383 0.0010782615 3.4661143e-21)
(-0.0010904069 0.00084973796 -3.1000266e-20)
(-0.00038130731 0.00028056991 8.2035581e-21)
(0.00074607896 -0.00046607519 6.4119382e-21)
(0.0019367403 -0.0011122366 -4.4105264e-20)
(0.0028899936 -0.0014962851 5.7690713e-20)
(0.0034073139 -0.0015712619 1.7496135e-21)
(0.0036445168 -0.0014764902 1.2619651e-20)
(0.0037812078 -0.0013228657 -1.4929339e-20)
(0.0039138965 -0.0011564833 4.7327537e-20)
(0.0039268148 -0.00095027924 -2.9866307e-21)
(0.0036371941 -0.00068839471 1.2030199e-20)
(0.0028362178 -0.00039006289 -1.6513305e-21)
(0.0013093566 -0.00011917024 2.3731097e-21)
(-0.0011796883 1.2432687e-05 -1.4863402e-21)
(-0.0050166319 -0.00017067238 2.7964148e-21)
(-0.010337165 -0.00097007494 -8.7314561e-23)
(-0.016794422 -0.0025932281 3.2487436e-20)
(-0.024015326 -0.0051969999 -1.2721103e-20)
(-0.031450131 -0.0088118921 1.1662338e-20)
(-0.038587767 -0.01336177 -7.6023463e-20)
(-0.044944176 -0.018663753 -1.241494e-20)
(-0.050147843 -0.024461436 1.100149e-19)
(-0.053947365 -0.030465288 -9.4350037e-20)
(-0.056247365 -0.036398708 -1.8024478e-21)
(-0.057008026 -0.041971597 2.8566551e-20)
(-0.056338125 -0.04696774 -2.557695e-20)
(-0.054323832 -0.051143232 -4.8149775e-21)
(-0.051148077 -0.054331505 -2.7399455e-21)
(-0.047046323 -0.056436303 -2.0462556e-21)
(-0.042201314 -0.057325877 -5.9217004e-21)
(-0.036854909 -0.056961469 7.4594474e-22)
(-0.031233933 -0.055322283 5.4620223e-20)
(-0.025564376 -0.052428755 -8.0087185e-20)
(-0.020061578 -0.048334861 -8.3641566e-20)
(-0.014925922 -0.043126556 -3.3524989e-20)
(-0.010338515 -0.036919253 -7.6250571e-20)
(-0.0064570928 -0.029853991 1.6926082e-20)
(-0.0034108889 -0.022094485 2.4547743e-20)
(-0.0013043244 -0.013833798 -3.8078003e-20)
(-0.00019526312 -0.0052365295 -5.0821274e-21)
(0.00011961966 0.0052445213 -5.9486016e-22)
(0.00042748355 0.0092963565 -3.6251849e-23)
(0.00095228988 0.013165584 -2.1530466e-21)
(0.0016726394 0.016721159 7.5488124e-21)
(0.0025540134 0.019841188 -5.6112401e-21)
(0.0035484006 0.022412865 -1.8129091e-20)
(0.0045950476 0.024341253 3.6354821e-21)
(0.0056270814 0.025555225 1.5213873e-20)
(0.0065705025 0.026006588 -1.508357e-20)
(0.0073500135 0.025678825 3.535527e-20)
(0.0078929122 0.024585288 6.6739907e-22)
(0.0081383519 0.022782825 -2.3447015e-20)
(0.0080467795 0.020377213 -3.8987926e-20)
(0.0076096212 0.017524082 3.1999639e-20)
(0.0068523762 0.014412523 -3.3763184e-20)
(0.0058386465 0.011254079 -5.405532e-20)
(0.0046591959 0.0082540122 3.5035185e-20)
(0.0034205669 0.0055829873 -5.5373656e-20)
(0.0022302336 0.0033615883 -7.2000654e-20)
(0.0011733418 0.0016398037 4.5920875e-20)
(0.00030568552 0.00040714013 5.7612733e-20)
(-0.00035823682 -0.00040868388 5.0874797e-20)
(-0.00083731037 -0.00089975421 4.128903e-20)
(-0.0011665778 -0.0011610777 9.6498667e-21)
(-0.0013527822 -0.0012431053 1.6261112e-20)
(-0.0012942707 -0.0010970557 -3.4435502e-21)
(-0.00085060857 -0.00066740452 3.0802674e-20)
(8.9320897e-05 4.9963733e-05 -8.1711442e-21)
(0.0013240077 0.00083679389 -6.3996119e-21)
(0.0024611203 0.0014177442 4.4153914e-20)
(0.00322154 0.0016704509 -5.7822561e-20)
(0.0035851258 0.0016544919 -1.7447045e-21)
(0.0037502288 0.0015196106 2.8801275e-20)
(0.0038939963 0.001362349 1.4992655e-20)
(0.0040149659 0.0011866311 -4.760808e-20)
(0.0039604682 0.00095911914 3.0113857e-21)
(0.0035382145 0.00067087147 8.8697037e-21)
(0.0025416642 0.00035184838 1.6745508e-21)
(0.00075324211 7.5930319e-05 -2.413962e-21)
(-0.0020713775 -3.3642931e-05 1.5162139e-21)
(-0.006305461 0.00021430422 -2.8595645e-21)
(-0.012017167 0.0011247445 2.356393e-20)
(-0.018806148 0.002901061 -3.3225025e-20)
(-0.026244214 0.0056764884 1.2977863e-20)
(-0.033752917 0.009454331 -1.1853859e-20)
(-0.040872188 0.014150506 7.6911304e-20)
(-0.047076286 0.019546766 1.2483063e-20)
(-0.052049813 0.025386171 -1.0990449e-19)
(-0.055578964 0.031383715 9.3495249e-20)
(-0.057576924 0.037256262 1.769447e-21)
(-0.058034158 0.042724348 -2.7688933e-20)
(-0.05708027 0.047583846 2.4349422e-20)
(-0.054792573 0.051581829 -3.5720988e-20)
(-0.051376074 0.054571176 2.3159236e-21)
(-0.047080321 0.056474414 -4.1939913e-22)
(-0.042061923 0.057133685 7.5390449e-21)
(-0.036588035 0.056545951 -8.3496316e-22)
(-0.030874785 0.054682699 -5.8712356e-20)
(-0.025149681 0.05157424 8.4344182e-20)
(-0.019625573 0.047279411 8.6960573e-20)
(-0.014499711 0.041888589 3.4535929e-20)
(-0.0099498969 0.035522341 7.7989185e-20)
(-0.0061294038 0.02832458 -1.7209487e-20)
(-0.0031628375 0.020463471 4.9244186e-20)
(-0.0011494121 0.012128226 3.8333006e-20)
(-0.00014430962 0.0035085703 5.0962982e-21)
)
;
    }
    frontAndBack
    {
        type            empty;
    }
}


// ************************************************************************* //
