/*--------------------------------*- C++ -*----------------------------------*\
  =========                 |
  \\      /  F ield         | OpenFOAM: The Open Source CFD Toolbox
   \\    /   O peration     | Website:  https://openfoam.org
    \\  /    A nd           | Version:  13
     \\/     M anipulation  |
\*---------------------------------------------------------------------------*/
FoamFile
{
    format      ascii;
    class       volVectorField;
    location    "36.802191";
    object      wallShearStress;
}
// * * * * * * * * * * * * * * * * * * * * * * * * * * * * * * * * * * * * * //

dimensions      [0 2 -2 0 0 0 0];

internalField   uniform (0 0 0);

boundaryField
{
    inlet
    {
        type            calculated;
        value           uniform (0 0 0);
    }
    outlet
    {
        type            calculated;
        value           uniform (0 0 0);
    }
    cylinder
    {
        type            calculated;
        value           nonuniform List<vector> 
132
(
(-6.8012646e-06 0.0007774093 -2.7505193e-22)
(-1.5619803e-05 0.00047535364 7.8416526e-23)
(-7.3015906e-06 0.00016317533 4.3329162e-21)
(1.9040425e-05 -0.0001547272 -1.4545789e-20)
(6.3641188e-05 -0.00047297046 1.0270166e-20)
(0.00012697998 -0.00078611768 3.1385546e-20)
(0.00020788736 -0.0010879937 -5.9473929e-21)
(0.0003048495 -0.0013725156 -2.3565784e-20)
(0.00041562364 -0.0016336381 2.221798e-20)
(0.00053720789 -0.0018657429 -4.9837201e-20)
(0.00066615554 -0.0020637842 -9.0745893e-22)
(0.00079847021 -0.002223667 3.100787e-20)
(0.0009298687 -0.0023424829 5.062444e-20)
(0.0010560576 -0.002418832 -4.1174373e-20)
(0.0011730147 -0.0024529615 4.342016e-20)
(0.0012773887 -0.0024470215 7.0001339e-20)
(0.0013668338 -0.0024049999 -4.595113e-20)
(0.0014405104 -0.0023328836 7.3845434e-20)
(0.0014992675 -0.0022381152 9.7816396e-20)
(0.0015463913 -0.0021299691 -6.3564213e-20)
(0.0015875432 -0.0020185269 -8.1154862e-20)
(0.0016314019 -0.0019147634 2.8601271e-23)
(0.001689309 -0.001829292 1.1809076e-20)
(0.0017750244 -0.0017715591 -1.4158204e-20)
(0.0019031778 -0.0017480169 -2.4116462e-20)
(0.0020861685 -0.0017596645 5.1636965e-21)
(0.002332451 -0.0018019093 -4.6668917e-20)
(0.0026419956 -0.0018629027 1.2479422e-20)
(0.0029996304 -0.0019219705 9.8064609e-21)
(0.0033770604 -0.001955123 -6.7577235e-20)
(0.0037446107 -0.0019446437 8.8219127e-20)
(0.0040648914 -0.0018760193 2.6711283e-21)
(0.0042895114 -0.0017383123 1.9263493e-20)
(0.0043428264 -0.0015211597 -2.2837016e-20)
(0.004114623 -0.0012196551 7.2588341e-20)
(0.0034510075 -0.00084117201 -4.5911495e-21)
(0.0021746587 -0.00042091226 1.8510318e-20)
(6.5393253e-05 -2.6204179e-05 -2.5380901e-21)
(-0.0030639028 0.00022528375 3.6314561e-21)
(-0.0073572183 0.00016417622 -2.2558115e-21)
(-0.013189297 -0.00043752861 4.1874988e-21)
(-0.020446061 -0.0018984269 -1.2816084e-22)
(-0.028474312 -0.0043788762 4.6598181e-20)
(-0.036817751 -0.0079511636 -1.7804434e-20)
(-0.044900987 -0.012566313 1.5940641e-20)
(-0.052283142 -0.018092116 -1.0171162e-19)
(-0.058509837 -0.024284385 -1.6312973e-20)
(-0.063325251 -0.030876786 1.4266741e-19)
(-0.066545414 -0.037568769 -1.2138864e-19)
(-0.068123627 -0.044074614 -2.316898e-21)
(-0.068064676 -0.050103827 3.7033153e-20)
(-0.066509077 -0.055440045 -3.3956306e-20)
(-0.063546752 -0.05982021 -6.7520956e-21)
(-0.059406662 -0.063099258 -4.4430096e-21)
(-0.054335948 -0.065176691 -7.6989146e-21)
(-0.048505603 -0.065886075 -1.5108244e-21)
(-0.042201795 -0.06522259 5.3763762e-22)
(-0.035655306 -0.06315128 4.6185419e-20)
(-0.029112002 -0.059702739 -7.2152983e-20)
(-0.022802347 -0.054937145 -7.7885946e-20)
(-0.01694139 -0.048949474 -3.1835164e-20)
(-0.011724113 -0.041867459 -7.331654e-20)
(-0.0073202241 -0.03384578 1.6410088e-20)
(-0.0038686451 -0.025064014 2.3932707e-20)
(-0.0014828104 -0.01573487 -3.7261264e-20)
(-0.00022381969 -0.0060356358 -4.984344e-21)
(1.8166947e-05 0.0010678963 -1.2631796e-21)
(5.8450041e-05 0.0013477536 -7.5086798e-23)
(0.00011446577 0.0016147604 -4.2994334e-21)
(0.000184832 0.0018640851 1.4373146e-20)
(0.00026805156 0.0020911712 -1.0111671e-20)
(0.00036211868 0.0022917061 -3.078716e-20)
(0.00046457027 0.0024618809 5.8118654e-21)
(0.0005725468 0.0025985064 2.2939133e-20)
(0.00068288555 0.0026992314 -2.1540876e-20)
(0.00079223872 0.0027626747 4.8121749e-20)
(0.0008973436 0.0027885594 8.7266154e-22)
(0.00099506788 0.0027778072 -2.9692572e-20)
(0.0010826737 0.0027326258 -4.8275447e-20)
(0.0011580305 0.0026564828 3.9102073e-20)
(0.0012198674 0.0025541339 -4.1068938e-20)
(0.0012679768 0.0024314469 -6.5953238e-20)
(0.0013033781 0.0022951787 4.3134117e-20)
(0.0013287058 0.0021530993 -6.9078403e-20)
(0.0013482438 0.0020134607 -9.1212087e-20)
(0.001368229 0.0018849177 5.9103095e-20)
(0.001397004 0.0017761938 7.5270574e-20)
(0.001445324 0.0016959186 6.7368215e-20)
(0.0015260676 0.0016517457 5.5321144e-20)
(0.0016537679 0.0016495116 1.3063206e-20)
(0.0018420357 0.0016907014 2.2230284e-20)
(0.0021006144 0.001770723 -4.757274e-21)
(0.0024297871 0.0018761764 4.2989759e-20)
(0.0028197235 0.0019876022 -1.1498078e-20)
(0.0032430801 0.0020776973 -9.0400501e-21)
(0.0036603957 0.0021192059 6.2343071e-20)
(0.004041107 0.002098862 -8.1463755e-20)
(0.0043526033 0.0020091344 -2.4550716e-21)
(0.0045505754 0.0018444898 4.0578465e-20)
(0.0045553258 0.001596062 2.1187927e-20)
(0.0042462191 0.0012593178 -6.7523287e-20)
(0.0034573072 0.00084376102 4.2848927e-21)
(0.0020041347 0.00039019586 1.2648521e-20)
(-0.00033725226 -2.6126874e-05 2.3888972e-21)
(-0.0037583591 -0.000280682 -3.4342303e-21)
(-0.0083653752 -0.00019003279 2.1436672e-21)
(-0.01453176 0.00048005597 -3.9976065e-21)
(-0.022098977 0.0020500826 3.2384048e-20)
(-0.030340891 0.0046639854 -4.4752488e-20)
(-0.038804955 0.0083783497 1.7114945e-20)
(-0.046911818 0.013127216 -1.5314635e-20)
(-0.054196214 0.01875215 9.7507131e-20)
(-0.060249843 0.025004094 1.5584771e-20)
(-0.064838834 0.031612282 -1.355864e-19)
(-0.067788486 0.038268089 1.1454493e-19)
(-0.069091146 0.044698123 2.1647395e-21)
(-0.068741626 0.0505997 -3.4107941e-20)
(-0.066930532 0.055788956 3.0614583e-20)
(-0.063707407 0.05996873 -4.7191871e-20)
(-0.059339973 0.06302592 3.5504663e-21)
(-0.054100755 0.064891836 -5.9867476e-21)
(-0.048114536 0.065351811 4.4472905e-21)
(-0.04170131 0.064445703 -6.9102037e-22)
(-0.03508152 0.062131063 -5.2956164e-20)
(-0.028502592 0.058448229 7.8972017e-20)
(-0.022193127 0.053463416 8.3066413e-20)
(-0.016365007 0.047276211 3.3380852e-20)
(-0.011210019 0.040020318 7.5932224e-20)
(-0.0068932176 0.031853574 -1.6831223e-20)
(-0.0035486511 0.022960662 4.8288284e-20)
(-0.0012842213 0.013549062 3.7634726e-20)
(-0.00015867594 0.0038267003 5.0036344e-21)
)
;
    }
    frontAndBack
    {
        type            empty;
    }
}


// ************************************************************************* //
