/*--------------------------------*- C++ -*----------------------------------*\
  =========                 |
  \\      /  F ield         | OpenFOAM: The Open Source CFD Toolbox
   \\    /   O peration     | Website:  https://openfoam.org
    \\  /    A nd           | Version:  13
     \\/     M anipulation  |
\*---------------------------------------------------------------------------*/
FoamFile
{
    format      ascii;
    class       volVectorField;
    location    "25.004283";
    object      wallShearStress;
}
// * * * * * * * * * * * * * * * * * * * * * * * * * * * * * * * * * * * * * //

dimensions      [0 2 -2 0 0 0 0];

internalField   uniform (0 0 0);

boundaryField
{
    inlet
    {
        type            calculated;
        value           uniform (0 0 0);
    }
    outlet
    {
        type            calculated;
        value           uniform (0 0 0);
    }
    cylinder
    {
        type            calculated;
        value           nonuniform List<vector> 
132
(
(3.998006e-06 9.1022667e-05 -2.3780538e-22)
(2.0092282e-05 -0.00036169922 6.7823728e-23)
(6.1594328e-05 -0.00081731101 3.7498221e-21)
(0.00012884101 -0.0012672898 -1.2597711e-20)
(0.00022105841 -0.0017024173 8.9026157e-21)
(0.00033648673 -0.0021132279 2.7234515e-20)
(0.00047226688 -0.0024902284 -5.1666915e-21)
(0.00062445189 -0.0028243158 -2.0497198e-20)
(0.00078796216 -0.0031071646 1.9349152e-20)
(0.00095703193 -0.0033316755 -4.3456271e-20)
(0.0011251761 -0.0034923048 -7.9221521e-22)
(0.0012855939 -0.0035857389 2.7100643e-20)
(0.0014314871 -0.003610912 4.4289787e-20)
(0.0015567552 -0.0035698949 -3.6053042e-20)
(0.0016561603 -0.0034671261 3.8045819e-20)
(0.0017264486 -0.0033107429 6.1368295e-20)
(0.0017658411 -0.0031102582 -4.0297917e-20)
(0.0017755093 -0.0028783138 6.4771068e-20)
(0.0017594253 -0.0026291133 8.5798573e-20)
(0.0017244025 -0.0023775003 -5.5748368e-20)
(0.0016809938 -0.0021393726 -7.1161596e-20)
(0.0016424134 -0.0019293487 2.5058178e-23)
(0.0016257514 -0.0017617053 1.0348613e-20)
(0.0016502237 -0.0016477655 -1.2402911e-20)
(0.0017360544 -0.0015947912 -2.1119377e-20)
(0.0018997066 -0.0016022355 4.5207146e-21)
(0.0021486013 -0.0016594668 -4.0850835e-20)
(0.0024747374 -0.0017444797 1.0923646e-20)
(0.0028544236 -0.0018285098 8.5853195e-21)
(0.0032490306 -0.0018807496 -5.9183991e-20)
(0.0036191733 -0.0018793966 7.7301822e-20)
(0.0039371782 -0.0018169693 2.341831e-21)
(0.0041735293 -0.0016910751 1.6898787e-20)
(0.0042668804 -0.0014941179 -2.004795e-20)
(0.0041162989 -0.0012194119 6.3781788e-20)
(0.0035764685 -0.00087044143 -4.0389075e-21)
(0.0024782789 -0.00047665214 1.6308766e-20)
(0.00061063084 -9.7789381e-05 -2.2405958e-21)
(-0.0022096946 0.00015816879 3.2139583e-21)
(-0.0061568164 0.00013405156 -2.0024315e-21)
(-0.011593565 -0.00038690096 3.7311979e-21)
(-0.018447569 -0.0017148111 -1.1470814e-22)
(-0.026138318 -0.0040216777 4.1899473e-20)
(-0.034243095 -0.0073972058 -1.6082345e-20)
(-0.042176627 -0.011805613 1.4457221e-20)
(-0.04949102 -0.017127642 -9.2568253e-20)
(-0.05574217 -0.023137891 -1.4884917e-20)
(-0.060647739 -0.029573373 1.3035947e-19)
(-0.064010204 -0.036139486 -1.1090866e-19)
(-0.065766425 -0.042551396 -2.1123947e-21)
(-0.06591098 -0.048520136 3.3592921e-20)
(-0.064566812 -0.053822554 -3.0487706e-20)
(-0.061827574 -0.058203286 -5.9402785e-21)
(-0.057908672 -0.061509386 -3.7240771e-21)
(-0.05304613 -0.063630656 -5.3081776e-21)
(-0.047420807 -0.064413599 -3.3649258e-21)
(-0.041307202 -0.063840918 6.2401478e-22)
(-0.034936894 -0.061879693 4.9602586e-20)
(-0.028553103 -0.058557325 -7.526297e-20)
(-0.022384914 -0.053932175 -8.004571e-20)
(-0.016646265 -0.048097515 -3.2435873e-20)
(-0.011531074 -0.041178974 -7.4296463e-20)
(-0.0072083272 -0.033329598 1.6571521e-20)
(-0.0038162964 -0.024726862 2.4114544e-20)
(-0.0014679591 -0.015582237 -3.7495514e-20)
(-0.00022397366 -0.0060693661 -5.01284e-21)
(1.2441285e-05 0.00053713775 -1.0918868e-21)
(4.5022878e-05 0.00097645264 -6.4902404e-23)
(0.00010175913 0.0014047239 -3.7167612e-21)
(0.00018161609 0.0018132909 1.2429467e-20)
(0.00028269336 0.0021933986 -8.7488912e-21)
(0.00040209949 0.0025364914 -2.6656769e-20)
(0.00053598867 0.0028345602 5.0365455e-21)
(0.0006796455 0.0030805067 1.9899144e-20)
(0.00082758955 0.0032685075 -1.8707289e-20)
(0.00097386984 0.0033944548 4.1842112e-20)
(0.0011124046 0.0034561413 7.5971883e-22)
(0.0012372264 0.0034537728 -2.5882594e-20)
(0.0013428627 0.0033898578 -4.2132269e-20)
(0.0014249157 0.0032696932 3.4165591e-20)
(0.0014803212 0.0031008115 -3.5921663e-20)
(0.0015080259 0.0028933815 -5.7740947e-20)
(0.0015090543 0.002659175 3.7792707e-20)
(0.0014868588 0.0024113015 -6.0563333e-20)
(0.0014478217 0.0021641156 -8.0007638e-20)
(0.0014005646 0.0019313459 5.1861001e-20)
(0.0013568053 0.0017267981 6.6061134e-20)
(0.001330957 0.0015631558 5.9130552e-20)
(0.0013407738 0.0014522277 4.8554823e-20)
(0.001406144 0.0014030708 1.1463928e-20)
(0.0015473673 0.0014202723 1.9504763e-20)
(0.0017792476 0.0014994244 -4.1731299e-21)
(0.0021031309 0.0016232902 3.7704589e-20)
(0.0025030789 0.0017636802 -1.0083986e-20)
(0.0029460367 0.0018867451 -7.9285774e-21)
(0.003383337 0.0019583597 5.4689332e-20)
(0.0037691729 0.001957384 -7.1482624e-20)
(0.0040815876 0.0018838107 -2.1546565e-21)
(0.0043002693 0.0017426758 3.5617551e-20)
(0.0043620699 0.0015277734 1.8600011e-20)
(0.0041592049 0.0012325907 -5.928758e-20)
(0.0035379026 0.00086182217 3.7635509e-21)
(0.0023224513 0.00044825882 1.1115996e-20)
(0.00029509264 5.6424702e-05 2.1013931e-21)
(-0.0027242126 -0.00019808191 -3.0255157e-21)
(-0.0068926432 -0.00015213752 1.8922413e-21)
(-0.012573246 0.00041794601 -3.5385913e-21)
(-0.019657356 0.0018258501 2.8768978e-20)
(-0.027514207 0.0042318249 -3.9916062e-20)
(-0.035691934 0.0077085444 1.5324852e-20)
(-0.043616325 0.012207166 -1.3762387e-20)
(-0.050853236 0.017597604 8.7897639e-20)
(-0.056952979 0.023638446 1.4075396e-20)
(-0.061660276 0.03006505 -1.2254825e-19)
(-0.064792177 0.036578893 1.0340058e-19)
(-0.066308416 0.042899957 1.9468643e-21)
(-0.066203289 0.04873317 -3.0433115e-20)
(-0.064640665 0.053881971 2.6902538e-20)
(-0.061679508 0.058061395 -4.017574e-20)
(-0.057566427 0.061143489 2.7773817e-21)
(-0.052566665 0.063052888 -2.427545e-21)
(-0.046816638 0.063589917 6.4482048e-21)
(-0.040621547 0.06277782 -7.8453399e-22)
(-0.034203953 0.060577474 -5.6665412e-20)
(-0.027808451 0.057025238 8.23569e-20)
(-0.021662487 0.052185325 8.5422613e-20)
(-0.015977034 0.04615537 3.4037168e-20)
(-0.010943036 0.039066763 7.7002129e-20)
(-0.0067250593 0.031075474 -1.7006651e-20)
(-0.0034567748 0.022364049 4.8675529e-20)
(-0.0012458171 0.013137526 3.7880879e-20)
(-0.00015127132 0.0036041452 5.0326788e-21)
)
;
    }
    frontAndBack
    {
        type            empty;
    }
}


// ************************************************************************* //
