/*--------------------------------*- C++ -*----------------------------------*\
  =========                 |
  \\      /  F ield         | OpenFOAM: The Open Source CFD Toolbox
   \\    /   O peration     | Website:  https://openfoam.org
    \\  /    A nd           | Version:  13
     \\/     M anipulation  |
\*---------------------------------------------------------------------------*/
FoamFile
{
    format      ascii;
    class       volVectorField;
    location    "20.703133";
    object      wallShearStress;
}
// * * * * * * * * * * * * * * * * * * * * * * * * * * * * * * * * * * * * * //

dimensions      [0 2 -2 0 0 0 0];

internalField   uniform (0 0 0);

boundaryField
{
    inlet
    {
        type            calculated;
        value           uniform (0 0 0);
    }
    outlet
    {
        type            calculated;
        value           uniform (0 0 0);
    }
    cylinder
    {
        type            calculated;
        value           nonuniform List<vector> 
132
(
(5.2099873e-05 -0.0027229596 -2.0953434e-22)
(0.0001724587 -0.0038834134 5.9656587e-23)
(0.00035736403 -0.0049963226 3.2965723e-21)
(0.0006004351 -0.0060305524 -1.1075123e-20)
(0.00089334484 -0.0069552431 7.8316202e-21)
(0.0012241144 -0.0077399575 2.3984102e-20)
(0.0015773019 -0.0083567092 -4.5559975e-21)
(0.001934082 -0.0087816353 -1.8098e-20)
(0.0022740927 -0.0089968808 1.7101829e-20)
(0.0025755285 -0.0089922949 -3.8428378e-20)
(0.0028169595 -0.0087671797 -7.0043234e-22)
(0.0029791255 -0.0083314931 2.3932069e-20)
(0.0030472233 -0.0077073206 3.9026881e-20)
(0.0030127305 -0.0069280269 -3.1666463e-20)
(0.0028744257 -0.0060354775 3.3275519e-20)
(0.0026398794 -0.0050788209 5.3399987e-20)
(0.0023254398 -0.0041103611 -3.4862346e-20)
(0.001953639 -0.0031795391 5.5685952e-20)
(0.0015530564 -0.0023312273 7.3291767e-20)
(0.0011521668 -0.0015971134 -4.7321514e-20)
(0.00078090378 -0.0010005271 -6.0039025e-20)
(0.00046345516 -0.00054934203 2.1054713e-23)
(0.00023329557 -0.00025570635 8.6363973e-21)
(0.00011684634 -0.00011716911 -1.0300979e-20)
(0.00017979807 -0.00016292523 -1.7463308e-20)
(0.00044966444 -0.00037494567 3.724548e-21)
(0.00095736023 -0.00073344146 -3.355912e-20)
(0.0016525132 -0.0011590421 8.9638855e-21)
(0.0024002362 -0.0015332217 7.0455609e-21)
(0.0030791188 -0.0017800451 -4.8628708e-20)
(0.0035799975 -0.0018583551 6.3598492e-20)
(0.0039100811 -0.0018045378 1.9284723e-21)
(0.0041262933 -0.0016718875 1.3919055e-20)
(0.0042603799 -0.0014911891 -1.651146e-20)
(0.004243806 -0.0012557717 5.2533481e-20)
(0.0039328392 -0.00095466022 -3.3283145e-21)
(0.0031534125 -0.00060125253 1.3455207e-20)
(0.0017010708 -0.00024181517 -1.8524075e-21)
(-0.00062009653 2.9680456e-05 2.6660625e-21)
(-0.0040368763 8.1123105e-05 -1.6686759e-21)
(-0.0088849989 -0.00030153436 3.129399e-21)
(-0.01519565 -0.0014166458 -9.7029546e-23)
(-0.022491288 -0.0034646116 3.5766225e-20)
(-0.03035897 -0.0065622511 -1.3860356e-20)
(-0.038252513 -0.010711022 1.2575288e-20)
(-0.045678358 -0.015811589 -8.1179497e-20)
(-0.052161341 -0.021655717 -1.3144878e-20)
(-0.057382739 -0.027985339 1.1570225e-19)
(-0.061103677 -0.034502254 -9.8724278e-20)
(-0.063235426 -0.040917254 -1.8803101e-21)
(-0.063750085 -0.046932514 2.9777694e-20)
(-0.062754979 -0.052315037 -2.6728684e-20)
(-0.060341422 -0.056806818 -5.0775065e-21)
(-0.056712439 -0.060241041 -2.9746717e-21)
(-0.052100898 -0.062498902 -2.8544556e-21)
(-0.046697792 -0.063433453 -5.242663e-21)
(-0.040771831 -0.063015333 7.1064818e-22)
(-0.034558338 -0.061210999 5.3008077e-20)
(-0.028302407 -0.058045021 -7.8353295e-20)
(-0.022235223 -0.053573498 -8.219158e-20)
(-0.016573251 -0.047888858 -3.3033287e-20)
(-0.011512356 -0.04111512 -7.526955e-20)
(-0.0072237742 -0.033405471 1.6730015e-20)
(-0.003847384 -0.024935911 2.4287441e-20)
(-0.0014981098 -0.015921147 -3.7703161e-20)
(-0.00023688034 -0.0065228169 -5.0352181e-21)
(-6.0784981e-06 -0.0015331899 -9.6446381e-22)
(8.3936738e-07 -0.00031989029 -5.7538771e-23)
(7.706861e-05 0.00089940445 -3.3095334e-21)
(0.00021792941 0.002095942 1.1130147e-20)
(0.00042366043 0.0032379635 -7.8857632e-21)
(0.00068552437 0.0042920668 -2.4205628e-20)
(0.00099225153 0.00522569 4.6106771e-21)
(0.001328749 0.0060079377 1.8373626e-20)
(0.0016763102 0.006611916 -1.7426519e-20)
(0.0020142051 0.0070164707 3.9321859e-20)
(0.0023203073 0.0072083803 7.1996892e-22)
(0.0025727353 0.0071840882 -2.4726283e-20)
(0.0027519133 0.006951196 -4.0538088e-20)
(0.0028425083 0.0065286846 3.307624e-20)
(0.0028359278 0.0059477377 -3.4953899e-20)
(0.0027307508 0.0052475218 -5.6409556e-20)
(0.0025361601 0.0044776096 3.7028482e-20)
(0.0022681619 0.0036869121 -5.9454003e-20)
(0.0019503364 0.0029234343 -7.8628757e-20)
(0.0016113179 0.0022292829 5.0990804e-20)
(0.0012813141 0.0016369522 6.4950276e-20)
(0.00099066772 0.0011683776 5.8115027e-20)
(0.00077371131 0.0008412066 4.7689453e-20)
(0.00066622547 0.00066605924 1.1250276e-20)
(0.0007154817 0.00065606648 1.9121767e-20)
(0.00095080214 0.00079878733 -4.087379e-21)
(0.0013840862 0.0010648596 3.6901551e-20)
(0.0019564546 0.0013754379 -9.8678368e-21)
(0.0025553319 0.0016344674 -7.7609814e-21)
(0.0030871625 0.0017859891 5.3562171e-20)
(0.0034873213 0.0018108669 -7.0032671e-20)
(0.0037653819 0.0017380117 -2.110802e-21)
(0.0039497259 0.0016006404 3.4871187e-20)
(0.0040211566 0.0014081363 1.8191969e-20)
(0.0038811751 0.0011497334 -5.7909206e-20)
(0.0033768554 0.00082186469 3.6698812e-21)
(0.0023336855 0.00044898785 1.0817514e-20)
(0.00054281522 8.8078715e-05 2.0402491e-21)
(-0.0021795101 -0.00015631327 -2.9304279e-21)
(-0.0060073129 -0.00013087626 1.8283732e-21)
(-0.011299865 0.00037713952 -3.4118519e-21)
(-0.01799604 0.0016729661 2.7693698e-20)
(-0.025529074 0.0039281108 -3.8389517e-20)
(-0.03348091 0.007232756 1.4734835e-20)
(-0.04127253 0.011552824 -1.3232655e-20)
(-0.048453229 0.016768717 8.4537035e-20)
(-0.054581781 0.02265623 1.3541251e-20)
(-0.059376995 0.028953589 -1.1789338e-19)
(-0.06263833 0.035364648 9.9422872e-20)
(-0.064312452 0.04161018 1.8692683e-21)
(-0.064379747 0.047392225 -2.9133564e-20)
(-0.062994075 0.05251064 2.560027e-20)
(-0.06021171 0.05668073 -3.7742415e-20)
(-0.056271091 0.059768471 2.5118842e-21)
(-0.051433692 0.061694535 -1.2198358e-21)
(-0.045840044 0.062263861 7.1199407e-21)
(-0.039789867 0.061492718 -8.156281e-22)
(-0.033507031 0.059343131 -5.7891384e-20)
(-0.027235378 0.055849708 8.3475433e-20)
(-0.02120238 0.051076148 8.6209192e-20)
(-0.015618975 0.045119624 3.4262424e-20)
(-0.010676018 0.038111179 7.7390118e-20)
(-0.0065379059 0.030206515 -1.7076555e-20)
(-0.0033380877 0.021588319 4.8852957e-20)
(-0.0011836256 0.012459869 3.8015878e-20)
(-0.00013416324 0.0030393271 5.0520166e-21)
)
;
    }
    frontAndBack
    {
        type            empty;
    }
}


// ************************************************************************* //
