/*--------------------------------*- C++ -*----------------------------------*\
  =========                 |
  \\      /  F ield         | OpenFOAM: The Open Source CFD Toolbox
   \\    /   O peration     | Website:  https://openfoam.org
    \\  /    A nd           | Version:  13
     \\/     M anipulation  |
\*---------------------------------------------------------------------------*/
FoamFile
{
    format      ascii;
    class       volVectorField;
    location    "48.998914";
    object      wallShearStress;
}
// * * * * * * * * * * * * * * * * * * * * * * * * * * * * * * * * * * * * * //

dimensions      [0 2 -2 0 0 0 0];

internalField   uniform (0 0 0);

boundaryField
{
    inlet
    {
        type            calculated;
        value           uniform (0 0 0);
    }
    outlet
    {
        type            calculated;
        value           uniform (0 0 0);
    }
    cylinder
    {
        type            calculated;
        value           nonuniform List<vector> 
132
(
(4.9757666e-05 -0.0033727538 -3.1904811e-22)
(0.00015400431 -0.0036690175 9.1142309e-23)
(0.00027585526 -0.0039477976 5.0448876e-21)
(0.00041355486 -0.0042028335 -1.6963948e-20)
(0.00056504143 -0.0044280317 1.1994688e-20)
(0.0007274438 -0.0046173173 3.6699327e-20)
(0.00089732248 -0.0047651185 -6.9605209e-21)
(0.0010705801 -0.0048665019 -2.7595412e-20)
(0.0012425844 -0.0049176053 2.6021962e-20)
(0.0014083503 -0.0049158258 -5.8358169e-20)
(0.0015628111 -0.0048602349 -1.0620163e-21)
(0.0017010512 -0.004751629 3.6252775e-20)
(0.0018186797 -0.0045928246 5.9108724e-20)
(0.0019121021 -0.0043885436 -4.7995815e-20)
(0.0019789373 -0.0041455045 5.0516505e-20)
(0.0020184578 -0.0038724866 8.1269059e-20)
(0.0020317258 -0.0035796333 -5.3227029e-20)
(0.0020220078 -0.0032784232 8.5339052e-20)
(0.0019948706 -0.0029810076 1.1278021e-19)
(0.0019584643 -0.0026999476 -7.3124889e-20)
(0.0019235484 -0.0024475712 -9.3168445e-20)
(0.00190387 -0.0022358513 3.2785504e-23)
(0.001915589 -0.0020751295 1.3510327e-20)
(0.0019772941 -0.0019737957 -1.6176625e-20)
(0.0021068894 -0.0019351048 -2.7527369e-20)
(0.0023189468 -0.0019557184 5.8901871e-21)
(0.0026202118 -0.0020238226 -5.3218695e-20)
(0.0029983381 -0.0021138427 1.4231301e-20)
(0.0034260544 -0.0021950363 1.1186425e-20)
(0.003862255 -0.0022360967 -7.7125773e-20)
(0.0042601472 -0.0022126697 1.0074724e-19)
(0.0045808318 -0.0021145611 3.052356e-21)
(0.0047764591 -0.0019361801 2.2027688e-20)
(0.004759128 -0.0016676733 -2.6134317e-20)
(0.0044039777 -0.0013063985 8.3141237e-20)
(0.0035387069 -0.00086410607 -5.2635751e-21)
(0.0019715965 -0.00038499236 2.1241135e-20)
(-0.0005287326 5.0688197e-05 -2.9149074e-21)
(-0.004163723 0.00031219555 4.1725012e-21)
(-0.0090239314 0.00020621935 -2.5921515e-21)
(-0.015502615 -0.00051142035 4.8093167e-21)
(-0.023420965 -0.0021721214 -1.4699043e-22)
(-0.032014808 -0.0049207478 5.3351826e-20)
(-0.040825103 -0.0088140058 -2.0346211e-20)
(-0.04924623 -0.01377995 1.8183434e-20)
(-0.056808727 -0.01965571 -1.158661e-19)
(-0.06309695 -0.02618542 -1.8577906e-20)
(-0.067871356 -0.033090731 1.6262617e-19)
(-0.070960836 -0.040059086 -1.3877985e-19)
(-0.072347241 -0.046805016 -2.6635567e-21)
(-0.072045736 -0.053032457 4.2994136e-20)
(-0.070212414 -0.058525406 -4.0080227e-20)
(-0.066949406 -0.063022037 -8.2168081e-21)
(-0.062495542 -0.066379131 -5.7595356e-21)
(-0.057101176 -0.06849296 -1.2148272e-20)
(-0.05094812 -0.069203525 1.9783242e-21)
(-0.044325315 -0.068504647 3.7407292e-22)
(-0.037469041 -0.066364413 3.9727761e-20)
(-0.03062906 -0.062815337 -6.636483e-20)
(-0.024039306 -0.057919735 -7.4011228e-20)
(-0.017918115 -0.051775476 -3.0833904e-20)
(-0.012462945 -0.044512283 -7.1897509e-20)
(-0.007846237 -0.036289062 1.6232243e-20)
(-0.0042085447 -0.027286418 2.3824897e-20)
(-0.0016655538 -0.01772888 -3.7273146e-20)
(-0.00027646879 -0.0077719403 -5.0049641e-21)
(-3.7573092e-05 -0.0030619185 -1.4623043e-21)
(-0.00010818072 -0.0027364151 -8.6743529e-23)
(-0.00016145841 -0.0023985751 -4.9562253e-21)
(-0.00019643285 -0.0020535988 1.6533527e-20)
(-0.00021269606 -0.0017073096 -1.1607248e-20)
(-0.00021024651 -0.001364259 -3.5270317e-20)
(-0.0001900502 -0.0010317269 6.6458212e-21)
(-0.00015319825 -0.00071377647 2.6186888e-20)
(-0.00010152046 -0.00041543765 -2.4555078e-20)
(-3.7186008e-05 -0.00014068944 5.479018e-20)
(3.7368837e-05 0.00010740031 9.9268377e-22)
(0.00011943243 0.00032695951 -3.3756576e-20)
(0.00020698973 0.0005170377 -5.4866573e-20)
(0.00029760792 0.00067806911 4.4441261e-20)
(0.00038961477 0.00081169064 -4.669057e-20)
(0.00048200911 0.00092071347 -7.5023634e-20)
(0.00057484327 0.0010090585 4.9104996e-20)
(0.00066929474 0.0010816084 -7.8717581e-20)
(0.00076800021 0.0011441635 -1.0405524e-19)
(0.00087520275 0.0012030897 6.7505613e-20)
(0.00099695684 0.0012650925 8.6076805e-20)
(0.0011410096 0.0013365709 7.7132252e-20)
(0.0013162689 0.0014226947 6.3410744e-20)
(0.0015317707 0.0015262649 1.4988524e-20)
(0.001794266 0.0016458042 2.5527967e-20)
(0.0021050191 0.0017739123 -5.4662545e-21)
(0.0024597447 0.0018992511 4.9411341e-20)
(0.0028440926 0.002005057 -1.3215063e-20)
(0.0032360548 0.0020735805 -1.0385482e-20)
(0.0036153533 0.0020934467 7.1565342e-20)
(0.0039624408 0.0020582306 -9.3417832e-20)
(0.0042448001 0.0019595942 -2.8119394e-21)
(0.0044058832 0.0017862089 4.641272e-20)
(0.0043484115 0.0015242399 2.4194864e-20)
(0.0039397897 0.001169644 -7.6951678e-20)
(0.0030031261 0.00073519796 4.8710037e-21)
(0.0013492566 0.00026847373 1.4333923e-20)
(-0.001248057 -0.00014702546 2.6969079e-21)
(-0.0049877155 -0.0003784175 -3.8591632e-21)
(-0.0099243076 -0.00023116171 2.3960459e-21)
(-0.016452035 0.0005402634 -4.4403817e-21)
(-0.024353343 0.0022566392 3.5716382e-20)
(-0.032854055 0.005047881 -4.901002e-20)
(-0.041500067 0.0089578755 1.8613449e-20)
(-0.049667926 0.013896517 -1.6546025e-20)
(-0.056930259 0.019696373 1.0473386e-19)
(-0.062887387 0.026096211 1.6649642e-20)
(-0.067317426 0.032818382 -1.4419689e-19)
(-0.07006913 0.039553348 1.2133855e-19)
(-0.071147556 0.046026419 2.2860145e-21)
(-0.0705527 0.051930823 -3.5931666e-20)
(-0.06850354 0.057098261 3.2220878e-20)
(-0.065028155 0.061210001 -4.9677623e-20)
(-0.060416506 0.064167539 3.7621969e-21)
(-0.054962674 0.065923811 -6.6103359e-21)
(-0.048762458 0.066229828 4.3196947e-21)
(-0.042160257 0.065152767 -6.9716855e-22)
(-0.03537239 0.062643664 -5.37646e-20)
(-0.028650058 0.058747561 8.0307054e-20)
(-0.0222238 0.053533397 8.4477185e-20)
(-0.016306962 0.0471032 3.3925375e-20)
(-0.011092796 0.039593967 7.7085968e-20)
(-0.0067473048 0.03116645 -1.706229e-20)
(-0.0034051321 0.022008666 4.8864777e-20)
(-0.0011745881 0.012327992 3.8003588e-20)
(-0.00011680039 0.0023553292 5.0400375e-21)
)
;
    }
    frontAndBack
    {
        type            empty;
    }
}


// ************************************************************************* //
