/*--------------------------------*- C++ -*----------------------------------*\
  =========                 |
  \\      /  F ield         | OpenFOAM: The Open Source CFD Toolbox
   \\    /   O peration     | Website:  https://openfoam.org
    \\  /    A nd           | Version:  13
     \\/     M anipulation  |
\*---------------------------------------------------------------------------*/
FoamFile
{
    format      ascii;
    class       volVectorField;
    location    "45.699725";
    object      wallShearStress;
}
// * * * * * * * * * * * * * * * * * * * * * * * * * * * * * * * * * * * * * //

dimensions      [0 2 -2 0 0 0 0];

internalField   uniform (0 0 0);

boundaryField
{
    inlet
    {
        type            calculated;
        value           uniform (0 0 0);
    }
    outlet
    {
        type            calculated;
        value           uniform (0 0 0);
    }
    cylinder
    {
        type            calculated;
        value           nonuniform List<vector> 
132
(
(-3.7462708e-06 0.00053191621 -2.9496103e-22)
(-7.6500644e-06 0.00026723683 8.3642724e-23)
(2.7999535e-06 6.5426583e-06 4.5971041e-21)
(2.6825512e-05 -0.0002460804 -1.5348217e-20)
(6.4306954e-05 -0.00048630303 1.0776154e-20)
(0.00011386276 -0.00071002558 3.2745972e-20)
(0.00017380099 -0.00091349516 -6.1698162e-21)
(0.00024212324 -0.0010933922 -2.4307141e-20)
(0.00031652262 -0.0012470216 2.2785568e-20)
(0.00039448642 -0.0013724495 -5.0818962e-20)
(0.00047342444 -0.0014686119 -9.201939e-22)
(0.00055079327 -0.0015354282 3.1266495e-20)
(0.00062427082 -0.0015738077 5.0772266e-20)
(0.00069192279 -0.001585723 -4.1080675e-20)
(0.00075237551 -0.0015740442 4.3107699e-20)
(0.00080501772 -0.0015426237 6.9174944e-20)
(0.00085007843 -0.001496037 -4.521303e-20)
(0.00088888543 -0.0014396171 7.2372467e-20)
(0.00092393128 -0.0013791289 9.5525073e-20)
(0.00095897615 -0.0013205555 -6.1879773e-20)
(0.00099944954 -0.0012702724 -7.8788215e-20)
(0.0010521612 -0.0012342366 2.7736529e-23)
(0.0011261762 -0.0012186712 1.1415287e-20)
(0.0012320176 -0.0012286747 -1.36635e-20)
(0.0013817329 -0.0012680676 -2.324129e-20)
(0.0015865774 -0.0013372271 4.9703157e-21)
(0.0018528042 -0.0014303678 -4.4871628e-20)
(0.0021803472 -0.0015364693 1.1985657e-20)
(0.0025570629 -0.0016375663 9.4071845e-21)
(0.0029585035 -0.0017120487 -6.4737845e-20)
(0.0033575986 -0.0017429469 8.4380589e-20)
(0.0037266347 -0.0017190947 2.5502108e-21)
(0.0040417405 -0.0016367908 1.8352485e-20)
(0.0042555286 -0.00148898 -2.1707098e-20)
(0.0042749619 -0.0012648216 6.8839497e-20)
(0.0039566537 -0.00096057278 -4.3451633e-21)
(0.0031244317 -0.00059631559 1.7493432e-20)
(0.0015536712 -0.00022290785 -2.3976119e-21)
(-0.00096402665 5.6121539e-05 3.4342634e-21)
(-0.0046570473 9.5555745e-05 -2.1389534e-21)
(-0.0098847132 -0.00033407677 3.9893249e-21)
(-0.016573585 -0.0015437226 -1.2289172e-22)
(-0.024159203 -0.0037198857 4.5017421e-20)
(-0.032174628 -0.0069525824 -1.732911e-20)
(-0.040004751 -0.011199157 1.5620431e-20)
(-0.047182723 -0.016329989 -1.0026819e-19)
(-0.0532648 -0.022110287 -1.6162048e-20)
(-0.057984815 -0.028275093 1.4191506e-19)
(-0.061169232 -0.034535338 -1.2113261e-19)
(-0.06277927 -0.040618224 -2.3175939e-21)
(-0.062828629 -0.046250411 3.7113337e-20)
(-0.061458229 -0.051230506 -3.4075384e-20)
(-0.058765745 -0.055320047 -6.7825111e-21)
(-0.054959912 -0.058376353 -4.4639594e-21)
(-0.050279692 -0.060311309 -7.7337639e-21)
(-0.044896291 -0.060983549 -1.5327488e-21)
(-0.03906859 -0.06038023 5.4181019e-22)
(-0.033015333 -0.0584754 4.6522537e-20)
(-0.026963516 -0.055296529 -7.2658128e-20)
(-0.021126845 -0.050900271 -7.8405775e-20)
(-0.01570424 -0.045374802 -3.2034552e-20)
(-0.010875726 -0.038837764 -7.37373e-20)
(-0.0067981616 -0.031432116 1.6493398e-20)
(-0.0036000204 -0.023322656 2.4034362e-20)
(-0.001385687 -0.01470624 -3.7380326e-20)
(-0.00021190762 -0.0057399117 -4.9936646e-21)
(1.4291951e-05 0.00079824383 -1.3617061e-21)
(4.6925704e-05 0.0010668759 -8.1364866e-23)
(9.5402668e-05 0.0013361341 -4.6835934e-21)
(0.00015951436 0.0016012919 1.5740299e-20)
(0.00023886573 0.0018572589 -1.1132111e-20)
(0.00033246517 0.0020986236 -3.4072991e-20)
(0.00043863032 0.002319876 6.4658911e-21)
(0.00055509016 0.0025156135 2.5652786e-20)
(0.00067896833 0.0026807573 -2.421192e-20)
(0.00080679306 0.0028108429 5.4357857e-20)
(0.00093465556 0.0029022993 9.9044381e-22)
(0.0010583807 0.0029527001 -3.3859002e-20)
(0.0011737841 0.0029610826 -5.5293044e-20)
(0.0012768977 0.0029280004 4.4973534e-20)
(0.0013644363 0.0028560017 -4.7419667e-20)
(0.0014338931 0.0027491105 -7.6425809e-20)
(0.0014841666 0.0026133662 5.0145931e-20)
(0.0015156146 0.0024561326 -8.0542065e-20)
(0.001530437 0.00228602 -1.0662027e-19)
(0.0015332532 0.0021130378 6.9239207e-20)
(0.0015307479 0.0019472915 8.8341272e-20)
(0.0015324406 0.0017994151 7.9184168e-20)
(0.0015500805 0.0016791476 6.5097828e-20)
(0.0015981738 0.0015954831 1.5383831e-20)
(0.0016916959 0.0015539985 2.6190582e-20)
(0.0018451604 0.0015563913 -5.6051003e-21)
(0.0020677059 0.0015972321 5.063556e-20)
(0.0023592751 0.0016632781 -1.3534001e-20)
(0.0027071794 0.0017342441 -1.0629963e-20)
(0.0030818125 0.0017838234 7.3211902e-20)
(0.0034560671 0.0017944035 -9.5511987e-20)
(0.0037956792 0.001751355 -2.87285e-21)
(0.0040541511 0.0016424702 4.7368372e-20)
(0.0041625223 0.0014574739 2.4658722e-20)
(0.0040113815 0.0011884629 -7.8301256e-20)
(0.0034383867 0.00083741057 4.9480993e-21)
(0.0022570382 0.00043576578 1.4539167e-20)
(0.00023053986 4.7834511e-05 2.7326786e-21)
(-0.0028365041 -0.00020663982 -3.9098295e-21)
(-0.0070922812 -0.00015677266 2.4292989e-21)
(-0.012913155 0.00042911482 -4.5107511e-21)
(-0.020120754 0.0018685241 3.6401614e-20)
(-0.028016131 0.0043083603 -5.0139806e-20)
(-0.036128117 0.0078018035 1.9124475e-20)
(-0.04387612 0.01227883 -1.7076953e-20)
(-0.050798115 0.01757737 1.0857351e-19)
(-0.056504192 0.023449934 1.7343695e-20)
(-0.060784059 0.029635331 -1.5098074e-19)
(-0.063488469 0.035840324 1.2783826e-19)
(-0.064625673 0.041808701 2.4270768e-21)
(-0.064211757 0.047264675 -3.8571863e-20)
(-0.062428936 0.052035969 3.5144931e-20)
(-0.059346887 0.055863329 -5.5835592e-20)
(-0.055205389 0.058633568 4.5003693e-21)
(-0.05026372 0.060288532 -1.038202e-20)
(-0.044654159 0.060650781 1.9821501e-21)
(-0.03865924 0.059743427 -5.762504e-22)
(-0.032489736 0.057539802 -4.8451676e-20)
(-0.026370698 0.054075308 7.4939072e-20)
(-0.020512855 0.049414272 8.0350236e-20)
(-0.015110102 0.043649355 3.2666003e-20)
(-0.010337907 0.036904804 7.4874907e-20)
(-0.0063469289 0.029326342 -1.6685222e-20)
(-0.0032596978 0.02108469 4.8054052e-20)
(-0.0011734839 0.012369738 3.7559598e-20)
(-0.00014228763 0.0033788574 5.0045677e-21)
)
;
    }
    frontAndBack
    {
        type            empty;
    }
}


// ************************************************************************* //
