/*--------------------------------*- C++ -*----------------------------------*\
  =========                 |
  \\      /  F ield         | OpenFOAM: The Open Source CFD Toolbox
   \\    /   O peration     | Website:  https://openfoam.org
    \\  /    A nd           | Version:  13
     \\/     M anipulation  |
\*---------------------------------------------------------------------------*/
FoamFile
{
    format      ascii;
    class       volVectorField;
    location    "22.003427";
    object      wallShearStress;
}
// * * * * * * * * * * * * * * * * * * * * * * * * * * * * * * * * * * * * * //

dimensions      [0 2 -2 0 0 0 0];

internalField   uniform (0 0 0);

boundaryField
{
    inlet
    {
        type            calculated;
        value           uniform (0 0 0);
    }
    outlet
    {
        type            calculated;
        value           uniform (0 0 0);
    }
    cylinder
    {
        type            calculated;
        value           nonuniform List<vector> 
132
(
(4.0556963e-06 0.00024088807 -2.321327e-22)
(2.2725436e-05 -0.00037814349 6.5952676e-23)
(7.501701e-05 -0.00098835628 3.6339896e-21)
(0.00016038089 -0.0015760411 -1.2168061e-20)
(0.00027606899 -0.0021268739 8.572155e-21)
(0.00041792993 -0.002626728 2.6146595e-20)
(0.00058019092 -0.0030620689 -4.946526e-21)
(0.00075558522 -0.0034207039 -1.9571837e-20)
(0.00093547355 -0.0036923949 1.8428404e-20)
(0.0011104535 -0.0038696752 -4.1285004e-20)
(0.0012707411 -0.003948276 -7.5079483e-22)
(0.001406758 -0.0039280496 2.5618465e-20)
(0.0015098302 -0.0038130218 4.1761326e-20)
(0.0015731085 -0.0036119309 -3.3906878e-20)
(0.0015925465 -0.0033384669 3.5686752e-20)
(0.0015664698 -0.0030083726 5.7410551e-20)
(0.0014980901 -0.0026428629 -3.7598889e-20)
(0.0013937048 -0.0022632927 6.0276763e-20)
(0.0012630625 -0.0018909532 7.9646127e-20)
(0.0011193786 -0.0015463926 -5.1630293e-20)
(0.00097702349 -0.0012459032 -6.5763844e-20)
(0.00085309804 -0.0010039295 2.3124007e-23)
(0.00076633916 -0.00083144281 9.5287626e-21)
(0.00073986907 -0.00073889258 -1.1402456e-20)
(0.00079987525 -0.00073392492 -1.9388221e-20)
(0.00097323909 -0.00081900456 4.144594e-21)
(0.0012731576 -0.00098092068 -3.740806e-20)
(0.0016852178 -0.001185528 9.9925399e-21)
(0.002155571 -0.0013789157 7.8467349e-21)
(0.0026167033 -0.0015134582 -5.4040267e-20)
(0.0030173472 -0.0015661525 7.0497924e-20)
(0.003345304 -0.0015432468 2.1319513e-21)
(0.0036230448 -0.0014671557 1.5348635e-20)
(0.0038438562 -0.0013445424 -1.8157859e-20)
(0.0039395009 -0.0011647995 5.7592665e-20)
(0.0037789134 -0.00091615687 -3.6359771e-21)
(0.0032003888 -0.000608491 1.4642743e-20)
(0.002002693 -0.00028061072 -2.0079903e-21)
(-2.1528004e-05 -1.4877493e-05 2.8791263e-21)
(-0.0031112287 5.9089973e-05 -1.796205e-21)
(-0.0076130557 -0.00025841335 3.3591805e-21)
(-0.013554967 -0.0012655541 -1.0392428e-22)
(-0.020485322 -0.0031572535 3.8257167e-20)
(-0.027977489 -0.0060488097 -1.4807882e-20)
(-0.035476104 -0.0099346097 1.3421367e-20)
(-0.042503409 -0.01471331 -8.6565939e-20)
(-0.048587916 -0.020172552 -1.400611e-20)
(-0.053437487 -0.026061168 1.2324423e-19)
(-0.056844004 -0.032096627 -1.0518849e-19)
(-0.058740704 -0.038008263 -2.0063543e-21)
(-0.059117234 -0.043521039 3.1880405e-20)
(-0.058097857 -0.048431823 -2.8822623e-20)
(-0.05576761 -0.052499885 -5.5569916e-21)
(-0.05231915 -0.055573339 -3.388689e-21)
(-0.047988133 -0.057564233 -4.1935225e-21)
(-0.042942431 -0.058331051 -4.2374026e-21)
(-0.037433474 -0.057854424 6.6535134e-22)
(-0.03167732 -0.056106613 5.1280207e-20)
(-0.02589787 -0.053111943 -7.6833117e-20)
(-0.020306366 -0.048924118 -8.1164251e-20)
(-0.015099787 -0.043628663 -3.2750934e-20)
(-0.010456424 -0.037340372 -7.4800761e-20)
(-0.0065316335 -0.030199143 1.6647822e-20)
(-0.0034527892 -0.022367191 2.4182895e-20)
(-0.0013231175 -0.014036709 -3.7543882e-20)
(-0.00019944846 -0.0053676064 -5.012022e-21)
(1.9063664e-05 0.00086123148 -1.0700364e-21)
(6.7853809e-05 0.0014808893 -6.3871537e-23)
(0.00015138069 0.0020923559 -3.6741801e-21)
(0.00026855618 0.0026817181 1.234564e-20)
(0.00041693039 0.0032344818 -8.7333011e-21)
(0.00059238624 0.0037360873 -2.6746999e-20)
(0.00078911311 0.0041724052 5.0803703e-21)
(0.00099956717 0.0045304917 2.017961e-20)
(0.0012149789 0.0047990941 -1.9071842e-20)
(0.0014255173 0.004969571 4.2878793e-20)
(0.0016206333 0.0050363396 7.8237398e-22)
(0.0017899306 0.0049981525 -2.6780963e-20)
(0.001923651 0.004857753 -4.3782968e-20)
(0.0020140729 0.004623664 3.5641859e-20)
(0.0020554877 0.004307939 -3.7601727e-20)
(0.0020452287 0.0039266557 -6.0616761e-20)
(0.0019852118 0.0035009791 3.9770651e-20)
(0.0018816104 0.0030543378 -6.3854776e-20)
(0.0017447081 0.0026107833 -8.4480367e-20)
(0.0015878534 0.0021924935 5.4819181e-20)
(0.0014271274 0.0018190775 6.9881532e-20)
(0.0012811887 0.0015072668 6.2578539e-20)
(0.0011704015 0.001269863 5.1396556e-20)
(0.0011194751 0.001118603 1.2134096e-20)
(0.0011535908 0.0010596287 2.06386e-20)
(0.0012996668 0.0010952426 -4.4130607e-21)
(0.0015657432 0.0012078647 3.9841021e-20)
(0.001940005 0.0013660107 -1.0644895e-20)
(0.002372439 0.0015185563 -8.3611073e-21)
(0.0027987891 0.001619353 5.7601897e-20)
(0.0031794416 0.0016505834 -7.5179573e-20)
(0.0035015007 0.0016154754 -2.261907e-21)
(0.0037702913 0.0015270633 3.7303008e-20)
(0.0039474625 0.0013813545 1.9424032e-20)
(0.0039449173 0.0011673622 -6.1706603e-20)
(0.0036199688 0.00087915676 3.9025838e-21)
(0.0028009849 0.00053523652 1.1482635e-20)
(0.0012735266 0.00018471639 2.1628253e-21)
(-0.0011601562 -7.296169e-05 -3.1048198e-21)
(-0.0047123918 -9.8145591e-05 1.9378142e-21)
(-0.009733734 0.00032812597 -3.6208625e-21)
(-0.016159279 0.0015045792 2.9456421e-20)
(-0.023438404 0.0036084423 -4.0937448e-20)
(-0.031130212 0.0067265612 1.5754851e-20)
(-0.038653579 0.010820758 -1.4184819e-20)
(-0.0455436 0.015762556 9.0838378e-20)
(-0.051377437 0.021326571 1.4588694e-20)
(-0.0558973 0.027256854 -1.2740103e-19)
(-0.058927401 0.033269279 1.078929e-19)
(-0.060437058 0.039102369 2.0408943e-21)
(-0.060427181 0.044482059 -3.2123254e-20)
(-0.059053272 0.049225097 2.8702965e-20)
(-0.05638751 0.053080249 -4.3785519e-20)
(-0.052646301 0.055917809 3.1909925e-21)
(-0.048078591 0.057669638 -4.4355726e-21)
(-0.042829061 0.058173762 5.2669973e-21)
(-0.037165323 0.057436468 -7.2663168e-22)
(-0.031298208 0.055431191 -5.4261934e-20)
(-0.025450294 0.052189461 8.0065771e-20)
(-0.019830339 0.047771623 8.3763853e-20)
(-0.01463129 0.042267738 3.3561495e-20)
(-0.010027457 0.035798309 7.6219446e-20)
(-0.0061689335 0.028506221 -1.6882128e-20)
(-0.0031777888 0.020558711 4.8427942e-20)
(-0.0011511479 0.012143117 3.7757895e-20)
(-0.00014290193 0.0034499941 5.0243975e-21)
)
;
    }
    frontAndBack
    {
        type            empty;
    }
}


// ************************************************************************* //
