/*--------------------------------*- C++ -*----------------------------------*\
  =========                 |
  \\      /  F ield         | OpenFOAM: The Open Source CFD Toolbox
   \\    /   O peration     | Website:  https://openfoam.org
    \\  /    A nd           | Version:  13
     \\/     M anipulation  |
\*---------------------------------------------------------------------------*/
FoamFile
{
    format      ascii;
    class       volVectorField;
    location    "38.201344";
    object      wallShearStress;
}
// * * * * * * * * * * * * * * * * * * * * * * * * * * * * * * * * * * * * * //

dimensions      [0 2 -2 0 0 0 0];

internalField   uniform (0 0 0);

boundaryField
{
    inlet
    {
        type            calculated;
        value           uniform (0 0 0);
    }
    outlet
    {
        type            calculated;
        value           uniform (0 0 0);
    }
    cylinder
    {
        type            calculated;
        value           nonuniform List<vector> 
132
(
(2.621743e-05 -0.0016512781 -2.8058537e-22)
(8.3058982e-05 -0.0019419426 8.0050318e-23)
(0.00015698873 -0.0022260193 4.4256245e-21)
(0.00024718847 -0.0024983283 -1.4864707e-20)
(0.00035264551 -0.0027535368 1.0499537e-20)
(0.0004717236 -0.0029861608 3.209551e-20)
(0.00060213248 -0.0031908351 -6.0826787e-21)
(0.0007409292 -0.0033625406 -2.4100548e-20)
(0.00088471844 -0.0034967712 2.2716468e-20)
(0.0010295795 -0.0035898817 -5.0931827e-20)
(0.0011712467 -0.0036392076 -9.2678719e-22)
(0.0013053844 -0.0036435581 3.1639618e-20)
(0.0014276992 -0.0036030024 5.1600317e-20)
(0.0015344751 -0.0035196983 -4.1915424e-20)
(0.0016225358 -0.0033970544 4.4139885e-20)
(0.0016899952 -0.0032407121 7.1054017e-20)
(0.0017361936 -0.0030575704 -4.6568566e-20)
(0.0017622702 -0.0028561323 7.4716834e-20)
(0.0017715954 -0.0026464048 9.8813547e-20)
(0.0017696126 -0.0024388421 -6.41134e-20)
(0.0017645681 -0.0022447273 -8.1738984e-20)
(0.0017673816 -0.0020752103 2.8776071e-23)
(0.0017918608 -0.001940937 1.186505e-20)
(0.0018542065 -0.0018509368 -1.4211664e-20)
(0.0019715637 -0.0018109462 -2.4189003e-20)
(0.002158237 -0.0018203779 5.1763839e-21)
(0.0024232699 -0.0018718707 -4.6767999e-20)
(0.0027630007 -0.0019479887 1.2504703e-20)
(0.0031578083 -0.0020231062 9.8270427e-21)
(0.0035726678 -0.002068251 -6.7736811e-20)
(0.0039662114 -0.0020597298 8.8464229e-20)
(0.0042996554 -0.0019844292 2.6797722e-21)
(0.0045282953 -0.0018351467 1.9336297e-20)
(0.0045767577 -0.0016031381 -2.2938501e-20)
(0.0043343295 -0.0012847602 7.2970579e-20)
(0.0036434011 -0.0008879437 -4.6200367e-21)
(0.002322623 -0.00044915383 1.8649818e-20)
(0.00014706198 -3.7608379e-05 -2.5609316e-21)
(-0.0030698106 0.00022457514 3.6701947e-21)
(-0.0074731131 0.00016616619 -2.2838413e-21)
(-0.013439062 -0.00044596448 4.2474716e-21)
(-0.020841296 -0.0019351631 -1.302414e-22)
(-0.029006904 -0.0044607556 4.7436415e-20)
(-0.037476202 -0.0080932913 -1.8153608e-20)
(-0.045666245 -0.012780302 1.6277028e-20)
(-0.053124528 -0.018383048 -1.0400625e-19)
(-0.059404524 -0.024655535 -1.6706438e-20)
(-0.064250716 -0.031327843 1.4635689e-19)
(-0.067480314 -0.038096405 -1.2479277e-19)
(-0.069051039 -0.044674491 -2.3884296e-21)
(-0.068971309 -0.050771117 3.832774e-20)
(-0.067380072 -0.05616602 -3.5350286e-20)
(-0.064376694 -0.060601531 -7.1029168e-21)
(-0.060188383 -0.063929645 -4.7730204e-21)
(-0.055058765 -0.066043895 -8.8718028e-21)
(-0.049169098 -0.066787626 -5.4255904e-22)
(-0.042801497 -0.066149889 4.8967842e-22)
(-0.036189485 -0.064098082 4.4172711e-20)
(-0.029579543 -0.06066256 -7.0220435e-20)
(-0.023202898 -0.055903636 -7.6482773e-20)
(-0.017275467 -0.049916925 -3.1433965e-20)
(-0.011992686 -0.042830019 -7.2664634e-20)
(-0.0075250506 -0.034798813 1.6309036e-20)
(-0.0040117588 -0.026002119 2.383707e-20)
(-0.0015669961 -0.01665785 -3.7178403e-20)
(-0.00025047604 -0.0069293171 -4.9809839e-21)
(-1.4623245e-05 -0.0013561371 -1.2877309e-21)
(-3.9519365e-05 -0.0010556593 -7.6493759e-23)
(-4.8172221e-05 -0.00075206312 -4.3769223e-21)
(-4.0255346e-05 -0.00044972741 1.4622601e-20)
(-1.59751e-05 -0.00015370786 -1.0280989e-20)
(2.3981087e-05 0.00013123647 -3.1286495e-20)
(7.8106051e-05 0.00040048864 5.9037849e-21)
(0.00014536788 0.000649576 2.3295403e-20)
(0.00022327973 0.00087459735 -2.1872594e-20)
(0.00030935183 0.0010723245 4.8864554e-20)
(0.00040084481 0.0012403118 8.8630807e-22)
(0.00049492169 0.0013770855 -3.0169345e-20)
(0.00058877576 0.0014822961 -4.9078913e-20)
(0.00067999657 0.0015567403 3.9782706e-20)
(0.00076660865 0.00160243 -4.1821449e-20)
(0.00084739171 0.0016226312 -6.723114e-20)
(0.00092207006 0.0016217001 4.4019672e-20)
(0.00099168369 0.001605197 -7.0581272e-20)
(0.0010586592 0.0015794261 -9.3311782e-20)
(0.0011274086 0.0015517662 6.0537785e-20)
(0.0012041556 0.0015297927 7.7189753e-20)
(0.001297496 0.0015214449 6.9162817e-20)
(0.0014177252 0.0015336895 5.6852471e-20)
(0.0015763369 0.0015717354 1.3436587e-20)
(0.001784104 0.0016372433 2.2882125e-20)
(0.0020474109 0.0017258229 -4.8993461e-21)
(0.0023657632 0.0018268535 4.4286676e-20)
(0.0027311453 0.0019253532 -1.1845777e-20)
(0.0031231741 0.0020010407 -9.3116162e-21)
(0.0035115679 0.0020331448 6.4192656e-20)
(0.0038678671 0.0020089339 -8.384019e-20)
(0.0041633704 0.001921785 -2.5250833e-21)
(0.0043535389 0.0017646395 4.170507e-20)
(0.0043521093 0.0015249614 2.1757078e-20)
(0.0040365843 0.0011973941 -6.9261299e-20)
(0.0032427417 0.0007919272 4.3891911e-21)
(0.001787842 0.00034949389 1.2934822e-20)
(-0.00054945779 -5.4749112e-05 2.4381219e-21)
(-0.0039633834 -0.00029733576 -3.4970003e-21)
(-0.0085506481 -0.00019542797 2.1773341e-21)
(-0.014685831 0.00048458456 -4.0490862e-21)
(-0.022212302 0.0020602518 3.2705194e-20)
(-0.03040475 0.0046735363 -4.5069313e-20)
(-0.038814087 0.0083801239 1.7191331e-20)
(-0.046865112 0.013114107 -1.5345949e-20)
(-0.054094524 0.018716951 9.7487538e-20)
(-0.060096598 0.024940329 1.5548236e-20)
(-0.06463959 0.031514972 -1.3498073e-19)
(-0.06754868 0.038132538 1.1377433e-19)
(-0.068819129 0.044521946 2.1446004e-21)
(-0.068441253 0.050378368 -3.3677686e-20)
(-0.066613909 0.055524777 3.0088591e-20)
(-0.063374223 0.0596547 -4.5991789e-20)
(-0.058997508 0.062661784 3.3975459e-21)
(-0.053761774 0.064484717 -5.1669834e-21)
(-0.04777834 0.064894479 4.9755123e-21)
(-0.041375565 0.063941423 -7.1913287e-22)
(-0.03477086 0.061579728 -5.4217774e-20)
(-0.028212035 0.057850893 8.0263036e-20)
(-0.02192748 0.052821405 8.4063323e-20)
(-0.016128819 0.046590952 3.3683468e-20)
(-0.011007719 0.039293636 7.6454191e-20)
(-0.0067290475 0.031087509 -1.6917058e-20)
(-0.0034266234 0.022157656 4.8460172e-20)
(-0.0012081466 0.012709741 3.7715336e-20)
(-0.00013354758 0.0029638059 5.0075111e-21)
)
;
    }
    frontAndBack
    {
        type            empty;
    }
}


// ************************************************************************* //
