/*--------------------------------*- C++ -*----------------------------------*\
  =========                 |
  \\      /  F ield         | OpenFOAM: The Open Source CFD Toolbox
   \\    /   O peration     | Website:  https://openfoam.org
    \\  /    A nd           | Version:  13
     \\/     M anipulation  |
\*---------------------------------------------------------------------------*/
FoamFile
{
    format      ascii;
    class       volVectorField;
    location    "11.702417";
    object      wallShearStress;
}
// * * * * * * * * * * * * * * * * * * * * * * * * * * * * * * * * * * * * * //

dimensions      [0 2 -2 0 0 0 0];

internalField   uniform (0 0 0);

boundaryField
{
    inlet
    {
        type            calculated;
        value           uniform (0 0 0);
    }
    outlet
    {
        type            calculated;
        value           uniform (0 0 0);
    }
    cylinder
    {
        type            calculated;
        value           nonuniform List<vector> 
132
(
(8.1407932e-05 -0.0011648461 -8.2759534e-23)
(0.00034384141 -0.0068015793 2.4002763e-23)
(0.00091375563 -0.012329821 1.4085826e-21)
(0.0017744628 -0.017567669 -5.147863e-21)
(0.0028886416 -0.022330435 4.0332101e-21)
(0.0041980836 -0.026439385 1.3804631e-20)
(0.0056244327 -0.029735912 -2.9330202e-21)
(0.0070747551 -0.032086906 -1.2959302e-20)
(0.0084453199 -0.033395079 1.3491518e-20)
(0.009627369 -0.03361046 -3.2991546e-20)
(0.010516223 -0.032736727 -6.4513555e-22)
(0.011021705 -0.030838228 2.3346624e-20)
(0.011078904 -0.028041704 3.9729596e-20)
(0.010661343 -0.024539862 -3.3185024e-20)
(0.0097871414 -0.020574883 3.5450478e-20)
(0.0085264343 -0.016427553 5.7201537e-20)
(0.0069928601 -0.012381313 -3.7214195e-20)
(0.0053285355 -0.0086904195 5.8846195e-20)
(0.0036849341 -0.005546843 7.6368878e-20)
(0.0021964226 -0.0030590508 -4.8537914e-20)
(0.00095169283 -0.0012336947 -6.0647416e-20)
(-1.3044425e-06 -1.595064e-05 2.0944007e-23)
(-0.00069052927 0.00073740686 8.5091905e-21)
(-0.0011578633 0.0011501493 -1.0054811e-20)
(-0.0014768116 0.0013549998 -1.6916704e-20)
(-0.0015720989 0.0013288996 3.5781971e-21)
(-0.0013861899 0.0010794148 -3.1949887e-20)
(-0.00055419119 0.00040487994 8.4335812e-21)
(0.00080564522 -0.00050184139 6.5825344e-21)
(0.0022040128 -0.0012655061 -4.5255517e-20)
(0.0032784346 -0.0016977376 5.9242706e-20)
(0.003798559 -0.0017521902 1.7982586e-21)
(0.0040083002 -0.0016241998 1.2979292e-20)
(0.004134175 -0.0014464553 -1.5363035e-20)
(0.0042778909 -0.0012640515 4.8738384e-20)
(0.0042888908 -0.0010379241 -3.0789494e-21)
(0.0039679644 -0.00075101301 1.2420361e-20)
(0.003093068 -0.00042534097 -1.7081377e-21)
(0.0014401493 -0.00013078158 2.4605739e-21)
(-0.0012363686 1.2712855e-05 -1.5453497e-21)
(-0.0053425078 -0.00018174086 2.9165002e-21)
(-0.01098833 -0.0010309856 -9.1348845e-23)
(-0.017794762 -0.0027473285 3.4082986e-20)
(-0.025345413 -0.0054842618 -1.3374449e-20)
(-0.033053263 -0.0092604155 1.2282772e-20)
(-0.040427475 -0.013998073 -8.0187632e-20)
(-0.0469225 -0.019484382 -1.310804e-20)
(-0.052194563 -0.025458804 1.1634591e-19)
(-0.056007632 -0.031627722 -9.9953785e-20)
(-0.058258616 -0.037699237 -1.9153173e-21)
(-0.058934573 -0.043389058 3.04975e-20)
(-0.058145184 -0.048473381 -2.7535788e-20)
(-0.055988597 -0.052709742 -5.2699729e-21)
(-0.052655047 -0.055931605 -3.1332294e-21)
(-0.048388396 -0.058045656 -3.2956524e-21)
(-0.043371376 -0.058914801 -5.0220313e-21)
(-0.037855953 -0.058508296 7.087202e-22)
(-0.032070308 -0.056803481 5.3409662e-20)
(-0.026244593 -0.053823742 -7.931371e-20)
(-0.020596864 -0.049624721 -8.3415423e-20)
(-0.015329982 -0.044294533 -3.3578668e-20)
(-0.01062707 -0.037950686 -7.6588984e-20)
(-0.0066476254 -0.030736815 1.7033889e-20)
(-0.003522127 -0.022818644 2.4736928e-20)
(-0.0013561595 -0.01439352 -3.8405616e-20)
(-0.00020749038 -0.0056225651 -5.1287088e-21)
(0.00012575772 0.004460421 -3.8626281e-22)
(0.00047410684 0.010008145 -2.4198055e-23)
(0.0011204854 0.015356188 -1.5016605e-21)
(0.0020406579 0.020324848 5.5662562e-21)
(0.003190215 0.024736172 -4.3945319e-21)
(0.0045053686 0.02842536 -1.5066827e-20)
(0.0059028505 0.031248771 3.1929853e-21)
(0.0072894628 0.033092119 1.4030525e-20)
(0.0085620618 0.033881769 -1.4502356e-20)
(0.0096158436 0.033590788 3.5181162e-20)
(0.010353866 0.032248537 6.8241183e-22)
(0.01069666 0.029943353 -2.4494035e-20)
(0.010594113 0.026827059 -4.1368322e-20)
(0.010035086 0.023108902 3.4319857e-20)
(0.0090549389 0.019044366 -3.6449296e-20)
(0.0077371117 0.014912964 -5.8538946e-20)
(0.0062002803 0.010983179 3.795563e-20)
(0.0045881997 0.0074873353 -5.9894454e-20)
(0.0030417412 0.0045827666 -7.7661868e-20)
(0.0016758733 0.0023389342 4.9366033e-20)
(0.0005642586 0.00074103364 6.1730662e-20)
(-0.0002696762 -0.00030175683 5.4348367e-20)
(-0.00085975013 -0.00092238948 4.4007818e-20)
(-0.0012587477 -0.0012521078 1.0266893e-20)
(-0.0015040426 -0.0013813297 1.7281157e-20)
(-0.0015032395 -0.0012726683 -3.6558811e-21)
(-0.0011344063 -0.00088692421 3.2655505e-20)
(-0.0001285223 -0.00010545817 -8.6387812e-21)
(0.0012800036 0.00080663359 -6.7571685e-21)
(0.0025831506 0.0014870296 4.6570241e-20)
(0.0034535352 0.0017905174 -6.1005495e-20)
(0.0038342021 0.0017695482 -1.8409691e-21)
(0.0039926816 0.0016180109 3.039691e-20)
(0.0041286644 0.0014445413 1.582255e-20)
(0.0042497748 0.0012561087 -5.0247327e-20)
(0.0041775966 0.0010118253 3.1786815e-21)
(0.0037103097 0.00070370611 9.3649482e-21)
(0.0026280161 0.00036419552 1.7687025e-21)
(0.000708121 7.3345757e-05 -2.5509253e-21)
(-0.0023048522 -3.8340011e-05 1.6030973e-21)
(-0.0067895595 0.00023072962 -3.0248974e-21)
(-0.012792895 0.0011967736 2.4932671e-20)
(-0.019872938 0.0030649642 -3.5152254e-20)
(-0.027575014 0.0059635933 1.3726081e-20)
(-0.035301616 0.0098872859 -1.2530772e-20)
(-0.04256595 0.014736074 8.1252865e-20)
(-0.048850249 0.020282517 1.3183135e-20)
(-0.053844837 0.026260551 -1.1605803e-19)
(-0.057339811 0.03237693 9.8793396e-20)
(-0.059264965 0.038347494 1.8727199e-21)
(-0.059614982 0.043887143 -2.9405044e-20)
(-0.058534241 0.048794975 2.6032972e-20)
(-0.056100232 0.052811947 -3.8758577e-20)
(-0.052530134 0.05579618 2.627802e-21)
(-0.04808164 0.057674743 -1.7154531e-21)
(-0.042908553 0.058282907 6.9160857e-21)
(-0.037285645 0.057623332 -8.1223524e-22)
(-0.031431861 0.05566857 -5.8143327e-20)
(-0.02557736 0.052450455 8.421619e-20)
(-0.019937644 0.048030287 8.7223671e-20)
(-0.014711794 0.042500146 3.4735156e-20)
(-0.010079362 0.035983005 7.8573106e-20)
(-0.0061949089 0.028624881 -1.7356745e-20)
(-0.0031840591 0.020596467 4.9696101e-20)
(-0.0011467422 0.012088561 3.8695498e-20)
(-0.00013893439 0.0032978626 5.1444695e-21)
)
;
    }
    frontAndBack
    {
        type            empty;
    }
}


// ************************************************************************* //
