/*--------------------------------*- C++ -*----------------------------------*\
  =========                 |
  \\      /  F ield         | OpenFOAM: The Open Source CFD Toolbox
   \\    /   O peration     | Website:  https://openfoam.org
    \\  /    A nd           | Version:  13
     \\/     M anipulation  |
\*---------------------------------------------------------------------------*/
FoamFile
{
    format      ascii;
    class       volVectorField;
    location    "41.596514";
    object      wallShearStress;
}
// * * * * * * * * * * * * * * * * * * * * * * * * * * * * * * * * * * * * * //

dimensions      [0 2 -2 0 0 0 0];

internalField   uniform (0 0 0);

boundaryField
{
    inlet
    {
        type            calculated;
        value           uniform (0 0 0);
    }
    outlet
    {
        type            calculated;
        value           uniform (0 0 0);
    }
    cylinder
    {
        type            calculated;
        value           nonuniform List<vector> 
132
(
(-2.5530811e-05 0.0021483177 -2.9179756e-22)
(-7.2246575e-05 0.0018526936 8.2991047e-23)
(-0.00010263337 0.0015424989 4.5746411e-21)
(-0.00011544084 0.0012220676 -1.5319301e-20)
(-0.00010976609 0.00089520915 1.0789249e-20)
(-8.5584e-05 0.00056943109 3.2890032e-20)
(-4.2945575e-05 0.00024863971 -6.2171796e-21)
(1.7048963e-05 -6.1152311e-05 -2.4575772e-20)
(9.2695691e-05 -0.00035438266 2.3116768e-20)
(0.00018229199 -0.00062581303 -5.173887e-20)
(0.00028286696 -0.00087073175 -9.4015613e-22)
(0.00039128112 -0.0010853189 3.206312e-20)
(0.00050418791 -0.0012667204 5.2257012e-20)
(0.00061821452 -0.0014132563 -4.2437269e-20)
(0.00073018597 -0.0015247008 4.4692974e-20)
(0.00083736877 -0.0016022126 7.1973705e-20)
(0.00093795134 -0.0016487212 -4.7203796e-20)
(0.0010310973 -0.0016683673 7.58062e-20)
(0.0011177842 -0.0016672639 1.0036393e-19)
(0.0012004271 -0.0016521424 -6.5198431e-20)
(0.0012840864 -0.0016314265 -8.3226307e-20)
(0.0013760848 -0.0016138825 2.9343106e-23)
(0.0014856568 -0.0016076127 1.2110223e-20)
(0.0016242654 -0.0016200553 -1.4520724e-20)
(0.0018031947 -0.0016553123 -2.4737091e-20)
(0.0020316648 -0.0017130432 5.2972547e-21)
(0.0023128325 -0.0017863551 -4.7879997e-20)
(0.0026442947 -0.0018643475 1.2803268e-20)
(0.0030102998 -0.0019287947 1.0059791e-20)
(0.0033843303 -0.0019593935 -6.9306411e-20)
(0.0037453975 -0.0019451054 9.0442546e-20)
(0.0040608968 -0.0018742123 2.7372226e-21)
(0.0042806873 -0.0017347737 1.9730395e-20)
(0.0043285836 -0.0015162302 -2.3377747e-20)
(0.0040906788 -0.0012126878 7.4263895e-20)
(0.003407636 -0.00083087501 -4.6940972e-21)
(0.002100308 -0.00040719158 1.8911899e-20)
(-5.4167664e-05 -1.0692135e-05 -2.5910948e-21)
(-0.0032455286 0.00024045502 3.7039635e-21)
(-0.0076123124 0.00017082272 -2.298704e-21)
(-0.013533456 -0.00044855436 4.2625857e-21)
(-0.020886303 -0.0019390108 -1.3030582e-22)
(-0.029000368 -0.0044594947 4.7321837e-20)
(-0.037418613 -0.0080806759 -1.8060577e-20)
(-0.045562582 -0.012751286 1.6151707e-20)
(-0.052974922 -0.018331279 -1.0294076e-19)
(-0.059212089 -0.024575501 -1.6493407e-20)
(-0.064020547 -0.031215431 1.440921e-19)
(-0.06721409 -0.037945907 -1.2247922e-19)
(-0.068755829 -0.044483262 -2.3352327e-21)
(-0.068646431 -0.050531689 3.7282885e-20)
(-0.06703802 -0.055880583 -3.4140604e-20)
(-0.064012384 -0.060258089 -6.7745381e-21)
(-0.059806959 -0.063524025 -4.4436666e-21)
(-0.054675481 -0.065583503 -7.6187565e-21)
(-0.048780887 -0.066259461 -1.6471693e-21)
(-0.042416965 -0.065554523 5.481047e-22)
(-0.035814092 -0.063431781 4.6793795e-20)
(-0.029219805 -0.059922913 -7.2913903e-20)
(-0.022865827 -0.055088911 -7.8581127e-20)
(-0.016968184 -0.049025293 -3.2080297e-20)
(-0.011722947 -0.041860964 -7.380373e-20)
(-0.0073005856 -0.033751237 1.6502829e-20)
(-0.0038408148 -0.024877209 2.4043754e-20)
(-0.0014576245 -0.01545103 -3.7394195e-20)
(-0.00021312342 -0.0056559213 -4.9961306e-21)
(3.6510737e-05 0.002427882 -1.3431953e-21)
(0.00011349064 0.0026920598 -8.00248e-23)
(0.00020571631 0.0029385219 -4.5925931e-21)
(0.00031145536 0.0031622802 1.538711e-20)
(0.00042879338 0.0033586729 -1.084815e-20)
(0.00055527815 0.0035232667 -3.3097165e-20)
(0.00068793128 0.0036521829 6.2600803e-21)
(0.00082340872 0.0037422622 2.4753198e-20)
(0.00095808419 0.0037911828 -2.3283518e-20)
(0.0010881632 0.0037978251 5.2094509e-20)
(0.0012098282 0.0037621379 9.4599575e-22)
(0.0013195917 0.0036857409 -3.2227303e-20)
(0.0014143122 0.003571296 -5.24517e-20)
(0.0014917317 0.0034233355 4.2522621e-20)
(0.0015504655 0.0032474881 -4.4694378e-20)
(0.0015904047 0.0030507375 -7.1817811e-20)
(0.001613077 0.0028414452 4.6990918e-20)
(0.0016215455 0.0026284629 -7.5280388e-20)
(0.0016209475 0.0024214956 -9.9424403e-20)
(0.0016184651 0.0022303943 6.4434038e-20)
(0.0016236416 0.0020650559 8.2066538e-20)
(0.0016486686 0.0019351851 7.3453003e-20)
(0.0017078985 0.0018491598 6.0318061e-20)
(0.0018174925 0.0018133426 1.4242932e-20)
(0.0019926891 0.0018294133 2.4237737e-20)
(0.0022435827 0.001891563 -5.1869215e-21)
(0.0025731784 0.0019871263 4.6873685e-20)
(0.0029672981 0.0020918073 -1.2537963e-20)
(0.0033962716 0.0021759699 -9.8586468e-21)
(0.0038209562 0.00221229 6.8000092e-20)
(0.0042014625 0.002182311 -8.8873802e-20)
(0.0045039879 0.0020792149 -2.6788275e-21)
(0.0046800582 0.0018972656 4.4284185e-20)
(0.0046393862 0.001625956 2.3125716e-20)
(0.0042555632 0.0012627692 -7.370108e-20)
(0.0033551991 0.00082001842 4.6763833e-21)
(0.0017493772 0.0003434412 1.3799527e-20)
(-0.00078891661 -8.5522332e-05 2.604624e-21)
(-0.0044558192 -0.00033569865 -3.7404655e-21)
(-0.009324048 -0.00021469078 2.3314015e-21)
(-0.015778358 0.00051953755 -4.3391791e-21)
(-0.023622337 0.0021899929 3.5064312e-20)
(-0.032088254 0.0049312178 -4.8331242e-20)
(-0.040722105 0.0087909159 1.8437469e-20)
(-0.048921519 0.013688381 -1.6461215e-20)
(-0.056239121 0.019457882 1.0463558e-19)
(-0.062272794 0.025842218 1.6707366e-20)
(-0.066797969 0.032566152 -1.4535445e-19)
(-0.06965388 0.039319944 1.2294625e-19)
(-0.070839655 0.04582823 2.3304158e-21)
(-0.070358661 0.051789011 -3.6927551e-20)
(-0.068407967 0.057019598 3.348744e-20)
(-0.065038682 0.061221136 -5.2681689e-20)
(-0.060526427 0.064285464 4.1597022e-21)
(-0.055145983 0.066145036 -8.8155167e-21)
(-0.049019678 0.066580825 2.8483534e-21)
(-0.042473724 0.065639134 -6.1614203e-22)
(-0.035728214 0.06327627 -4.9997175e-20)
(-0.029032327 0.059534593 7.6308638e-20)
(-0.022615558 0.054481395 8.1267021e-20)
(-0.016690573 0.048217466 3.2907822e-20)
(-0.011449842 0.040877928 7.523965e-20)
(-0.0070588595 0.032621788 -1.673845e-20)
(-0.0036520813 0.023635212 4.81526e-20)
(-0.0013375474 0.014128039 3.7607841e-20)
(-0.00017329389 0.004304872 5.0084302e-21)
)
;
    }
    frontAndBack
    {
        type            empty;
    }
}


// ************************************************************************* //
