/*--------------------------------*- C++ -*----------------------------------*\
  =========                 |
  \\      /  F ield         | OpenFOAM: The Open Source CFD Toolbox
   \\    /   O peration     | Website:  https://openfoam.org
    \\  /    A nd           | Version:  13
     \\/     M anipulation  |
\*---------------------------------------------------------------------------*/
FoamFile
{
    format      ascii;
    class       volVectorField;
    location    "21.196331";
    object      wallShearStress;
}
// * * * * * * * * * * * * * * * * * * * * * * * * * * * * * * * * * * * * * //

dimensions      [0 2 -2 0 0 0 0];

internalField   uniform (0 0 0);

boundaryField
{
    inlet
    {
        type            calculated;
        value           uniform (0 0 0);
    }
    outlet
    {
        type            calculated;
        value           uniform (0 0 0);
    }
    cylinder
    {
        type            calculated;
        value           nonuniform List<vector> 
132
(
(3.4626283e-05 -0.0016332128 -2.1413769e-22)
(0.00011980237 -0.0026424208 6.0854817e-23)
(0.00026036796 -0.0036147803 3.3557557e-21)
(0.00045183114 -0.0045238464 -1.1248429e-20)
(0.00068742471 -0.0053432439 7.9350313e-21)
(0.0009573443 -0.0060473626 2.4240603e-20)
(0.0012489104 -0.0066127714 -4.593345e-21)
(0.0015467742 -0.0070195665 -1.8202785e-20)
(0.0018339351 -0.0072527749 1.7162823e-20)
(0.0020925246 -0.0073036987 -3.8489812e-20)
(0.0023047332 -0.0071711114 -7.0040198e-22)
(0.0024543278 -0.0068621959 2.3900269e-20)
(0.0025284829 -0.0063938086 3.8940654e-20)
(0.002519316 -0.0057920365 -3.1581516e-20)
(0.0024248299 -0.005090204 3.3183357e-20)
(0.0022499338 -0.0043274453 5.3266246e-20)
(0.0020068568 -0.0035462466 -3.4794385e-20)
(0.0017132922 -0.0027874171 5.5620432e-20)
(0.0013920741 -0.002088633 7.3272328e-20)
(0.0010672486 -0.0014783974 -4.7355097e-20)
(0.00076483285 -0.00097877338 -6.0140569e-20)
(0.00050871847 -0.0006014448 2.1107189e-23)
(0.00032998593 -0.00035967275 8.6669233e-21)
(0.00025967737 -0.00025931198 -1.0346714e-20)
(0.00034981126 -0.00031917139 -1.7555011e-20)
(0.00063113588 -0.00052815424 3.7471259e-21)
(0.0011257099 -0.00086402622 -3.3787239e-20)
(0.0017759992 -0.0012469266 9.0290523e-21)
(0.0024647888 -0.0015753194 7.0980289e-21)
(0.0030879048 -0.001785608 -4.8985115e-20)
(0.0035560322 -0.001846087 6.4046617e-20)
(0.0038773965 -0.0017894622 1.941631e-21)
(0.0040950174 -0.0016591898 1.4012043e-20)
(0.0042295649 -0.0014804205 -1.6620846e-20)
(0.0042062007 -0.0012447351 5.2879933e-20)
(0.0038799283 -0.00094199993 -3.3501007e-21)
(0.0030788291 -0.00058737957 1.3541965e-20)
(0.0015990365 -0.00022824479 -1.8640499e-21)
(-0.00075350436 4.1017757e-05 2.6819958e-21)
(-0.0042028363 8.5304864e-05 -1.6781134e-21)
(-0.0090839299 -0.00030773677 3.1454267e-21)
(-0.015421571 -0.0014372962 -9.7456999e-23)
(-0.022729698 -0.0035009488 3.5893912e-20)
(-0.030596761 -0.0066132825 -1.3897365e-20)
(-0.038477493 -0.010773658 1.2596964e-20)
(-0.04587587 -0.015879668 -8.1239814e-20)
(-0.05232465 -0.021723252 -1.3141922e-20)
(-0.057508368 -0.028046251 1.1555696e-19)
(-0.061189996 -0.034550663 -9.8494106e-20)
(-0.063285141 -0.040949113 -1.8735878e-21)
(-0.063765837 -0.04694382 2.9625365e-20)
(-0.062742039 -0.052303973 -2.6534237e-20)
(-0.060303432 -0.056770776 -5.0214409e-21)
(-0.056655242 -0.060180025 -2.9160343e-21)
(-0.052030138 -0.062413746 -2.6262313e-21)
(-0.046616873 -0.063323232 -5.4459757e-21)
(-0.040685245 -0.06288117 7.2138152e-22)
(-0.034469786 -0.061053752 5.3483287e-20)
(-0.028215245 -0.057865763 -7.8829438e-20)
(-0.022152485 -0.053373497 -8.2548048e-20)
(-0.016497575 -0.047669281 -3.3136693e-20)
(-0.011446149 -0.040877309 -7.5435644e-20)
(-0.0071691127 -0.033150452 1.6754188e-20)
(-0.0038061983 -0.024665033 2.430604e-20)
(-0.0014720751 -0.015634139 -3.7708196e-20)
(-0.00022808235 -0.0062237884 -5.0327093e-21)
(4.4158628e-06 -0.00060305644 -9.8721815e-22)
(3.0763949e-05 0.0004422755 -5.896576e-23)
(0.00011450647 0.001488517 -3.3954435e-21)
(0.00025646933 0.0025099014 1.1426642e-20)
(0.00045244583 0.0034790359 -8.0993519e-21)
(0.00069579881 0.0043684028 -2.4865121e-20)
(0.00097668068 0.0051510694 4.7358604e-21)
(0.001282166 0.0058020747 1.8867012e-20)
(0.0015964248 0.0062999791 -1.7886713e-20)
(0.0019022015 0.0066281064 4.0339508e-20)
(0.0021809382 0.0067762128 7.3822148e-22)
(0.0024143521 0.0067418719 -2.5340992e-20)
(0.0025858964 0.0065313181 -4.1530993e-20)
(0.0026825754 0.0061603802 3.387922e-20)
(0.0026962495 0.0056534892 -3.5801518e-20)
(0.0026253351 0.0050433894 -5.778539e-20)
(0.002476172 0.0043699709 3.7943848e-20)
(0.0022612571 0.0036738287 -6.094994e-20)
(0.002000063 0.0029960428 -8.0650906e-20)
(0.0017162548 0.0023726829 5.2332303e-20)
(0.0014366372 0.001833606 6.669859e-20)
(0.0011894293 0.0014011306 5.9712361e-20)
(0.0010066053 0.001093182 4.9026938e-20)
(0.0009230765 0.00092241608 1.1571307e-20)
(0.00097835683 0.00089777106 1.9677071e-20)
(0.0012008839 0.0010103531 -4.2075571e-21)
(0.0015927618 0.0012270336 3.7999774e-20)
(0.0021086337 0.0014836053 -1.0161479e-20)
(0.0026579498 0.0017008431 -7.991502e-21)
(0.0031527204 0.0018242776 5.5141852e-20)
(0.0035384463 0.001837525 -7.2091194e-20)
(0.0038173527 0.0017619874 -2.1727434e-21)
(0.0040080736 0.0016242908 3.58981e-20)
(0.0040740582 0.0014267598 1.8730643e-20)
(0.0039124716 0.0011592024 -5.9633935e-20)
(0.0033709018 0.00082074272 3.7796965e-21)
(0.0022751316 0.00043837942 1.1142224e-20)
(0.00041476799 7.1324722e-05 2.1015133e-21)
(-0.0023936624 -0.00017276607 -3.0180716e-21)
(-0.0063147494 -0.00013842815 1.8825859e-21)
(-0.011712173 0.00039022941 -3.5114137e-21)
(-0.018510117 0.0017201865 2.8483009e-20)
(-0.026124389 0.0040191266 -3.9452141e-20)
(-0.034132871 0.007373004 1.5130521e-20)
(-0.04195296 0.011742749 -1.3578504e-20)
(-0.049139501 0.017005703 8.6699763e-20)
(-0.055253396 0.022934399 1.3884235e-20)
(-0.0600193 0.029266229 -1.2089728e-19)
(-0.063241903 0.035704908 1.0202829e-19)
(-0.064871206 0.041971246 1.9211531e-21)
(-0.064891637 0.047768662 -3.0027976e-20)
(-0.063457865 0.052896924 2.6525368e-20)
(-0.060629115 0.057073414 -3.954734e-20)
(-0.056644181 0.060164566 2.7166942e-21)
(-0.051763873 0.062090472 -2.1995211e-21)
(-0.046130247 0.06265801 6.5464976e-21)
(-0.04004251 0.061883223 -7.8761399e-22)
(-0.033724573 0.059728586 -5.6725923e-20)
(-0.027420176 0.056228982 8.2358589e-20)
(-0.021356625 0.05144825 8.5393483e-20)
(-0.015744715 0.045483702 3.4025447e-20)
(-0.010775156 0.038466463 7.6993015e-20)
(-0.0066122096 0.030552248 -1.7011643e-20)
(-0.0033892549 0.021923763 4.8718244e-20)
(-0.0012132609 0.012784911 3.7943614e-20)
(-0.00014334302 0.003350099 5.0461036e-21)
)
;
    }
    frontAndBack
    {
        type            empty;
    }
}


// ************************************************************************* //
