/*--------------------------------*- C++ -*----------------------------------*\
  =========                 |
  \\      /  F ield         | OpenFOAM: The Open Source CFD Toolbox
   \\    /   O peration     | Website:  https://openfoam.org
    \\  /    A nd           | Version:  13
     \\/     M anipulation  |
\*---------------------------------------------------------------------------*/
FoamFile
{
    format      ascii;
    class       volVectorField;
    location    "40.899144";
    object      wallShearStress;
}
// * * * * * * * * * * * * * * * * * * * * * * * * * * * * * * * * * * * * * //

dimensions      [0 2 -2 0 0 0 0];

internalField   uniform (0 0 0);

boundaryField
{
    inlet
    {
        type            calculated;
        value           uniform (0 0 0);
    }
    outlet
    {
        type            calculated;
        value           uniform (0 0 0);
    }
    cylinder
    {
        type            calculated;
        value           nonuniform List<vector> 
132
(
(-1.3675454e-05 0.0012519828 -2.7872817e-22)
(-3.7147174e-05 0.00098693875 7.9142852e-23)
(-4.6194723e-05 0.00071736097 4.3553486e-21)
(-4.0388303e-05 0.00044698487 -1.4560288e-20)
(-1.9751113e-05 0.00018065741 1.0236977e-20)
(1.5232502e-05 -7.7535913e-05 3.1151431e-20)
(6.332844e-05 -0.00032324349 -5.8779898e-21)
(0.00012374267 -0.00055219381 -2.319208e-20)
(0.00019428539 -0.00076055342 2.1773838e-20)
(0.00027271663 -0.00094500638 -4.8639434e-20)
(0.00035649995 -0.0011028615 -8.8213555e-22)
(0.00044292715 -0.0012322425 3.0023841e-20)
(0.00052922034 -0.0013322275 4.8836225e-20)
(0.00061283822 -0.0014029275 -3.9580845e-20)
(0.00069153505 -0.0014455087 4.1603521e-20)
(0.00076363394 -0.0014623244 6.6871174e-20)
(0.00082814465 -0.0014566631 -4.3777292e-20)
(0.00088515404 -0.001433003 7.0181446e-20)
(0.0009357721 -0.0013964214 9.2766994e-20)
(0.00098268517 -0.0013529948 -6.0173187e-20)
(0.0010302041 -0.001309313 -7.6708152e-20)
(0.0010843227 -0.0012720585 2.7020631e-23)
(0.0011534542 -0.0012484052 1.1136114e-20)
(0.0012476591 -0.0012445766 -1.3339623e-20)
(0.0013788143 -0.0012657404 -2.2704475e-20)
(0.0015584788 -0.0013138964 4.8577758e-21)
(0.0017942768 -0.0013854935 -4.3869907e-20)
(0.0020885551 -0.0014720135 1.1720346e-20)
(0.0024330782 -0.0015582933 9.1998205e-21)
(0.0028083674 -0.0016251939 -6.3311712e-20)
(0.0031896223 -0.0016557119 8.2520428e-20)
(0.0035474065 -0.0016363542 2.493906e-21)
(0.0038562107 -0.0015615878 1.7946035e-20)
(0.0040698673 -0.0014239431 -2.1223327e-20)
(0.0040996072 -0.0012128514 6.7288853e-20)
(0.0038077047 -0.00092429701 -4.2456856e-21)
(0.0030239985 -0.00057697336 1.7083934e-20)
(0.001530736 -0.00021918198 -2.3399122e-21)
(-0.00087771279 5.0243968e-05 3.348965e-21)
(-0.0044295862 9.059744e-05 -2.0840541e-21)
(-0.009477367 -0.00032056605 3.8835653e-21)
(-0.015971355 -0.0014878741 -1.1954495e-22)
(-0.023367029 -0.0035981806 4.3766489e-20)
(-0.031213673 -0.006745283 -1.6841836e-20)
(-0.03892145 -0.010896264 1.5178119e-20)
(-0.046008791 -0.015924056 -9.7405699e-20)
(-0.052039856 -0.021602306 -1.5697302e-20)
(-0.056745538 -0.027671263 1.3776852e-19)
(-0.059942232 -0.033843056 -1.1750504e-19)
(-0.061590918 -0.039849793 -2.2452659e-21)
(-0.061695147 -0.045416418 3.5876812e-20)
(-0.060396692 -0.050346003 -3.2820166e-20)
(-0.057784878 -0.054397005 -6.4872472e-21)
(-0.054065605 -0.057426731 -4.2050114e-21)
(-0.049478103 -0.059350027 -6.8870032e-21)
(-0.044188817 -0.060022758 -2.1680616e-21)
(-0.038455571 -0.059432941 5.6989073e-22)
(-0.032494851 -0.057553597 4.7545006e-20)
(-0.026532103 -0.054411744 -7.3474803e-20)
(-0.020779514 -0.050063268 -7.8863234e-20)
(-0.015434665 -0.044595491 -3.212029e-20)
(-0.010676435 -0.038125269 -7.378755e-20)
(-0.0066605423 -0.030794197 1.6483187e-20)
(-0.0035146671 -0.022766489 2.3998995e-20)
(-0.0013422415 -0.014235747 -3.7306277e-20)
(-0.00020024993 -0.0053647378 -4.9825829e-21)
(2.3820917e-05 0.0015106095 -1.285123e-21)
(7.529079e-05 0.0017635312 -7.6690476e-23)
(0.0001415424 0.0020088591 -4.4086821e-21)
(0.00022170469 0.0022420448 1.479639e-20)
(0.00031473423 0.0024584772 -1.0450066e-20)
(0.00041905066 0.0026534801 -3.1940049e-20)
(0.0005324836 0.0028225613 6.0523324e-21)
(0.00065242356 0.0029615751 2.3976478e-20)
(0.00077580063 0.0030668898 -2.2595677e-20)
(0.00089916164 0.0031356802 5.0652062e-20)
(0.0010188044 0.0031660197 9.2153292e-22)
(0.0011310146 0.0031572762 -3.145451e-20)
(0.0012321854 0.0031099602 -5.1289386e-20)
(0.0013192503 0.0030263478 4.1655976e-20)
(0.0013896836 0.0029098194 -4.3859844e-20)
(0.0014420138 0.0027654318 -7.0593439e-20)
(0.001475924 0.0025994281 4.6260985e-20)
(0.0014925962 0.0024192512 -7.4215721e-20)
(0.0014951393 0.0022335912 -9.8142343e-20)
(0.0014882272 0.0020511759 6.3673651e-20)
(0.0014790169 0.0018815882 8.1173712e-20)
(0.0014764826 0.001733742 7.2708495e-20)
(0.0014925502 0.001616801 5.9738883e-20)
(0.0015408219 0.0015381504 1.4110665e-20)
(0.0016370303 0.0015036567 2.4013701e-20)
(0.0017952781 0.0015141632 -5.1377492e-21)
(0.0020245407 0.0015637207 4.6403609e-20)
(0.0023251207 0.001639031 -1.2401377e-20)
(0.0026847798 0.0017197111 -9.7396915e-21)
(0.003076892 0.0017808275 6.7082339e-20)
(0.0034628582 0.0017978616 -8.7529574e-20)
(0.0038103544 0.0017580393 -2.6331681e-21)
(0.0040866561 0.0016554622 4.3426749e-20)
(0.0042263043 0.001479494 2.2615073e-20)
(0.0041263976 0.001221983 -7.1850222e-20)
(0.0036327538 0.00088372273 4.5441195e-21)
(0.0025609997 0.00049210441 1.3367653e-20)
(0.00067885399 0.00010716843 2.5165451e-21)
(-0.0022067892 -0.00015743548 -3.6084667e-21)
(-0.0062729808 -0.00013631105 2.2480858e-21)
(-0.011889201 0.00039681826 -4.1884208e-21)
(-0.018899824 0.0017564837 3.3933677e-20)
(-0.026655039 0.0041003396 -4.6934383e-20)
(-0.03467807 0.0074898311 1.7971233e-20)
(-0.042375211 0.011859697 -1.6104345e-20)
(-0.049319518 0.017066656 1.027216e-19)
(-0.055082704 0.02286118 1.6447374e-20)
(-0.059441752 0.02898203 -1.4344316e-19)
(-0.062252636 0.035143712 1.2155454e-19)
(-0.063500357 0.041081655 2.3074942e-21)
(-0.063208406 0.046527029 -3.6609487e-20)
(-0.061543362 0.051298653 3.3222479e-20)
(-0.058583324 0.055145419 -5.2324627e-20)
(-0.054558091 0.057946831 4.1288184e-21)
(-0.0497224 0.059640014 -8.751308e-21)
(-0.044215771 0.060056149 2.8452949e-21)
(-0.038314006 0.059210743 -6.1361231e-22)
(-0.032228529 0.057078121 -4.9787742e-20)
(-0.026183409 0.053692306 7.5993733e-20)
(-0.020388603 0.049116216 8.0940475e-20)
(-0.015037656 0.043441682 3.2779873e-20)
(-0.010305552 0.036791512 7.4957476e-20)
(-0.006342746 0.029310408 -1.6678282e-20)
(-0.0032716051 0.021167644 4.7987832e-20)
(-0.0011894365 0.01255281 3.7486414e-20)
(-0.00014988215 0.003656641 4.9934561e-21)
)
;
    }
    frontAndBack
    {
        type            empty;
    }
}


// ************************************************************************* //
