/*--------------------------------*- C++ -*----------------------------------*\
  =========                 |
  \\      /  F ield         | OpenFOAM: The Open Source CFD Toolbox
   \\    /   O peration     | Website:  https://openfoam.org
    \\  /    A nd           | Version:  13
     \\/     M anipulation  |
\*---------------------------------------------------------------------------*/
FoamFile
{
    format      ascii;
    class       volVectorField;
    location    "47.601929";
    object      wallShearStress;
}
// * * * * * * * * * * * * * * * * * * * * * * * * * * * * * * * * * * * * * //

dimensions      [0 2 -2 0 0 0 0];

internalField   uniform (0 0 0);

boundaryField
{
    inlet
    {
        type            calculated;
        value           uniform (0 0 0);
    }
    outlet
    {
        type            calculated;
        value           uniform (0 0 0);
    }
    cylinder
    {
        type            calculated;
        value           nonuniform List<vector> 
132
(
(-1.377897e-05 0.001258323 -3.0099148e-22)
(-3.7160564e-05 0.00098927824 8.5841702e-23)
(-4.5214339e-05 0.00070578533 4.7445307e-21)
(-3.6597383e-05 0.00041135624 -1.5932356e-20)
(-1.0468056e-05 0.00011154578 1.1252271e-20)
(3.3286661e-05 -0.00018893032 3.4396867e-20)
(9.4404039e-05 -0.00048441802 -6.5199862e-21)
(0.00017218339 -0.00076869684 -2.5842391e-20)
(0.00026465363 -0.0010356086 2.4372023e-20)
(0.0003692976 -0.0012792099 -5.4686759e-20)
(0.00048304612 -0.0014939825 -9.9609659e-22)
(0.00060220933 -0.0016751899 3.4048881e-20)
(0.00072271203 -0.0018191691 5.5609728e-20)
(0.00084032792 -0.0019236103 -4.524604e-20)
(0.00095096728 -0.0019877922 4.773207e-20)
(0.001051026 -0.0020127766 7.698172e-20)
(0.0011377385 -0.0020014645 -5.0551983e-20)
(0.0012095874 -0.0019586194 8.1266944e-20)
(0.0012666985 -0.0018907773 1.0768246e-19)
(0.0013109377 -0.0018056069 -6.9994944e-20)
(0.0013469018 -0.0017125976 -8.9387427e-20)
(0.0013812787 -0.0016213107 3.1505766e-23)
(0.0014237943 -0.0015419432 1.3010843e-20)
(0.0014862737 -0.0014835595 -1.5599362e-20)
(0.0015826794 -0.0014538029 -2.6568366e-20)
(0.0017265199 -0.001456385 5.6872329e-21)
(0.0019279475 -0.001489394 -5.1377153e-20)
(0.0021900251 -0.0015440542 1.3729032e-20)
(0.0025086488 -0.0016070388 1.077772e-20)
(0.0028664711 -0.0016590361 -7.4176821e-20)
(0.0032342752 -0.0016790342 9.6687205e-20)
(0.0035814585 -0.0016521959 2.9220199e-21)
(0.0038718535 -0.0015681547 2.1024852e-20)
(0.0040448208 -0.0014156003 -2.4857865e-20)
(0.0040015832 -0.0011845635 7.8770236e-20)
(0.0035936481 -0.00087354751 -4.9654374e-21)
(0.0026436102 -0.00050671448 1.9950374e-20)
(0.00092308742 -0.0001389695 -2.7264719e-21)
(-0.0017695471 0.00012343005 3.8900838e-21)
(-0.0056316643 0.00012043198 -2.4111093e-21)
(-0.011039639 -0.00037008172 4.4696804e-21)
(-0.017883015 -0.001663485 -1.3671283e-22)
(-0.025557748 -0.0039332023 4.9727407e-20)
(-0.033595854 -0.0072578333 -1.9012791e-20)
(-0.041389907 -0.011585551 1.7036316e-20)
(-0.048494418 -0.016782767 -1.0881596e-19)
(-0.054469001 -0.022608523 -1.7472592e-20)
(-0.059063935 -0.028799842 1.5304964e-19)
(-0.062117638 -0.035069487 -1.3051254e-19)
(-0.063597592 -0.041146518 -2.4993964e-21)
(-0.063522847 -0.046760418 4.0164726e-20)
(-0.062038229 -0.051713062 -3.7153054e-20)
(-0.059239885 -0.055765545 -7.5077729e-21)
(-0.055339719 -0.058779021 -5.1105697e-21)
(-0.050578462 -0.060668992 -9.9111405e-21)
(-0.045122514 -0.061290163 1.7999818e-22)
(-0.039233434 -0.060634345 4.6070594e-22)
(-0.033128578 -0.058675312 4.3260479e-20)
(-0.027034568 -0.055441536 -6.9647561e-20)
(-0.021164634 -0.050990517 -7.6300903e-20)
(-0.015717038 -0.045410807 -3.145457e-20)
(-0.01087138 -0.038820939 -7.2829449e-20)
(-0.0067838251 -0.031363847 1.6358597e-20)
(-0.0035825106 -0.023205499 2.3913529e-20)
(-0.0013709399 -0.014541048 -3.7287172e-20)
(-0.00020607204 -0.0055364615 -4.9920576e-21)
(2.3716716e-05 0.0015118708 -1.3818379e-21)
(7.4506468e-05 0.0017505513 -8.2109497e-23)
(0.00013863999 0.0019722959 -4.6996751e-21)
(0.00021444241 0.002172774 1.5704235e-20)
(0.0003001154 0.0023481506 -1.1042769e-20)
(0.00039344922 0.002494961 -3.3604335e-20)
(0.00049187155 0.0026103571 6.3400381e-21)
(0.00059254236 0.0026922607 2.5008313e-20)
(0.00069241756 0.0027394072 -2.3468374e-20)
(0.0007884975 0.0027516562 5.2390876e-20)
(0.00087787506 0.0027297253 9.4939173e-22)
(0.00095798684 0.0026756731 -3.2278234e-20)
(0.0010266804 0.0025924504 -5.2438236e-20)
(0.0010825157 0.0024842151 4.2440346e-20)
(0.0011248811 0.0023560528 -4.4539852e-20)
(0.0011541796 0.002213894 -7.1472105e-20)
(0.0011720473 0.0020644541 4.6708265e-20)
(0.0011812126 0.0019145372 -7.4748954e-20)
(0.0011859106 0.0017713921 -9.8632778e-20)
(0.0011916734 0.0016419808 6.3871415e-20)
(0.0012058147 0.0015333471 8.1295733e-20)
(0.0012373436 0.0014520685 7.2721157e-20)
(0.0012973477 0.0014043318 5.9685586e-20)
(0.0013986054 0.0013950831 1.408636e-20)
(0.0015546202 0.001426886 2.3957789e-20)
(0.0017764708 0.0014973508 -5.123637e-21)
(0.0020698565 0.0015980011 4.6264235e-20)
(0.0024266603 0.0017101793 -1.2362537e-20)
(0.0028288387 0.0018118199 -9.7084364e-21)
(0.0032475133 0.0018795929 6.6862948e-20)
(0.0036468119 0.0018934507 -8.7235416e-20)
(0.004002045 0.0018465554 -2.6241161e-21)
(0.0042848923 0.0017358062 4.3277554e-20)
(0.00442731 0.0015498849 2.2541081e-20)
(0.004319359 0.0012791535 -7.1641639e-20)
(0.0037986361 0.00092411317 4.5338152e-21)
(0.0026742421 0.00051390636 1.3349711e-20)
(0.00070585526 0.00011151883 2.5162773e-21)
(-0.0023007695 -0.00016415096 -3.6134659e-21)
(-0.0065252797 -0.00014180801 2.2549884e-21)
(-0.012338455 0.00041172017 -4.2087333e-21)
(-0.019566945 0.00181834 3.4155816e-20)
(-0.027524846 0.0042339183 -4.730487e-20)
(-0.035724193 0.0077155182 1.8131524e-20)
(-0.043570302 0.012193873 -1.6258258e-20)
(-0.050602308 0.017510152 1.0372032e-19)
(-0.056412704 0.023412689 1.6608286e-20)
(-0.060784181 0.029636026 -1.4479547e-19)
(-0.063568159 0.035885846 1.2264471e-19)
(-0.064767022 0.041900607 2.3263826e-21)
(-0.064400716 0.047404161 -3.6870405e-20)
(-0.062649665 0.052220307 3.3409497e-20)
(-0.05958754 0.056090182 -5.2478606e-20)
(-0.055454734 0.058898706 4.1207469e-21)
(-0.050511232 0.06058571 -8.562751e-21)
(-0.044892519 0.060974846 3.0537118e-21)
(-0.038881816 0.060087734 -6.2914479e-22)
(-0.032691709 0.05789789 -5.0682331e-20)
(-0.026548586 0.054440552 7.7111332e-20)
(-0.020664452 0.049780058 8.1964428e-20)
(-0.015234422 0.044009296 3.3142798e-20)
(-0.010435016 0.037252658 7.5684217e-20)
(-0.0064179368 0.029656387 -1.6817948e-20)
(-0.0033065019 0.021391258 4.83246e-20)
(-0.0011990267 0.01264885 3.7694196e-20)
(-0.00014955103 0.0036197442 5.0127928e-21)
)
;
    }
    frontAndBack
    {
        type            empty;
    }
}


// ************************************************************************* //
