/*--------------------------------*- C++ -*----------------------------------*\
  =========                 |
  \\      /  F ield         | OpenFOAM: The Open Source CFD Toolbox
   \\    /   O peration     | Website:  https://openfoam.org
    \\  /    A nd           | Version:  13
     \\/     M anipulation  |
\*---------------------------------------------------------------------------*/
FoamFile
{
    format      ascii;
    class       volVectorField;
    location    "46.699565";
    object      wallShearStress;
}
// * * * * * * * * * * * * * * * * * * * * * * * * * * * * * * * * * * * * * //

dimensions      [0 2 -2 0 0 0 0];

internalField   uniform (0 0 0);

boundaryField
{
    inlet
    {
        type            calculated;
        value           uniform (0 0 0);
    }
    outlet
    {
        type            calculated;
        value           uniform (0 0 0);
    }
    cylinder
    {
        type            calculated;
        value           nonuniform List<vector> 
132
(
(-3.7622985e-05 0.0030438473 -3.0993114e-22)
(-0.00010851395 0.0027391438 8.8032579e-23)
(-0.00016280219 0.0024160115 4.8461076e-21)
(-0.00019896897 0.0020789946 -1.6206151e-20)
(-0.00021601593 0.0017337094 1.1397993e-20)
(-0.00021323007 0.0013839986 3.4697339e-20)
(-0.00019110546 0.0010383485 -6.5497538e-21)
(-0.00015012466 0.0007008711 -2.5855245e-20)
(-9.1733317e-05 0.00037771879 2.4288017e-20)
(-1.7797919e-05 7.4281888e-05 -5.4291517e-20)
(6.9072498e-05 -0.00020480808 -9.8536925e-22)
(0.00016605145 -0.00045576547 3.3567065e-20)
(0.000270324 -0.00067565257 5.4651433e-20)
(0.00037863193 -0.00086297471 -4.4340204e-20)
(0.0004881909 -0.0010174228 4.6658303e-20)
(0.00059673071 -0.0011402216 7.5084398e-20)
(0.00070267677 -0.0012338739 -4.9213886e-20)
(0.00080570945 -0.0013025716 7.8994183e-20)
(0.00090668787 -0.0013514029 1.0454311e-19)
(0.0010086106 -0.001387217 -6.7891985e-20)
(0.0011159184 -0.0014168911 -8.6646179e-20)
(0.0012358105 -0.0014485236 3.0552827e-23)
(0.0013769777 -0.0014892244 1.2604819e-20)
(0.0015492756 -0.0015445524 -1.5113015e-20)
(0.0017626384 -0.0016174976 -2.5745767e-20)
(0.0020229062 -0.0017052294 5.5132128e-21)
(0.0023306943 -0.001799888 -4.9830883e-20)
(0.0026808215 -0.0018899865 1.3324254e-20)
(0.0030575254 -0.0019590386 1.0467728e-20)
(0.0034354922 -0.0019890623 -7.210236e-20)
(0.0037938799 -0.0019703682 9.4070384e-20)
(0.0041039182 -0.0018941426 2.8460878e-21)
(0.0043177308 -0.0017498695 2.0507661e-20)
(0.0043525935 -0.0015247846 -2.4289691e-20)
(0.0040891863 -0.0012124969 7.7128328e-20)
(0.0033637353 -0.00082063588 -4.8728192e-21)
(0.0019933924 -0.00038757409 1.9620934e-20)
(-0.00024739663 1.4687781e-05 -2.6864698e-21)
(-0.0035541916 0.00026473887 3.8372471e-21)
(-0.008051166 0.00018199701 -2.3792388e-21)
(-0.014123205 -0.00046732383 4.4070416e-21)
(-0.021633912 -0.0020077604 -1.3454382e-22)
(-0.029882415 -0.0045944689 4.8794045e-20)
(-0.038412814 -0.0082947454 -1.8597405e-20)
(-0.046641574 -0.013052699 1.6610075e-20)
(-0.054091734 -0.018717162 -1.0573101e-19)
(-0.060337375 -0.025041807 -1.6923586e-20)
(-0.065128244 -0.0317548 1.4772293e-19)
(-0.068277805 -0.038545752 -1.2549776e-19)
(-0.06976184 -0.045133484 -2.3921944e-21)
(-0.069577848 -0.051216722 3.8201123e-20)
(-0.067890345 -0.056590503 -3.501709e-20)
(-0.0647746 -0.060975048 -6.9642961e-21)
(-0.060477338 -0.064235598 -4.5963499e-21)
(-0.055257903 -0.066281662 -8.0589071e-21)
(-0.049272752 -0.066927106 -1.3697505e-21)
(-0.042822838 -0.066181338 5.3888626e-22)
(-0.036138594 -0.064006043 4.6613333e-20)
(-0.029469282 -0.06043401 -7.2957849e-20)
(-0.023047999 -0.055527196 -7.879137e-20)
(-0.017091856 -0.049381841 -3.2199976e-20)
(-0.011798045 -0.042128061 -7.4117162e-20)
(-0.0073379046 -0.033922076 1.6575892e-20)
(-0.003851954 -0.024946397 2.4148632e-20)
(-0.0014548308 -0.015413713 -3.7547317e-20)
(-0.00020935347 -0.0055105286 -5.0142512e-21)
(4.8794195e-05 0.003328504 -1.4284646e-21)
(0.00015050319 0.0035934029 -8.5209115e-23)
(0.00026766862 0.0038358872 -4.8960315e-21)
(0.0003981587 0.004050446 1.6422795e-20)
(0.00053960586 0.0042320725 -1.1591129e-20)
(0.00068899297 0.0043759876 -3.5400801e-20)
(0.00084285735 0.0044781949 6.7022608e-21)
(0.00099731251 0.0045354102 2.6524915e-20)
(0.0011481715 0.0045456213 -2.4969645e-20)
(0.0012910773 0.0045078821 5.5905458e-20)
(0.0014218702 0.0044230774 1.0157914e-21)
(0.0015366193 0.0042932519 -3.4621997e-20)
(0.00163218 0.0041225825 -5.6370904e-20)
(0.0017061457 0.0039163898 4.5713479e-20)
(0.0017573911 0.003681771 -4.8058154e-20)
(0.0017864211 0.0034275046 -7.7233523e-20)
(0.0017952005 0.0031629275 5.0538001e-20)
(0.0017878618 0.002898641 -8.0964851e-20)
(0.0017704066 0.0026452752 -1.069304e-19)
(0.0017512957 0.0024138756 6.9296098e-20)
(0.0017413701 0.0022151406 8.8254926e-20)
(0.00175408 0.0020591861 7.89887e-20)
(0.0018053419 0.0019548528 6.4861665e-20)
(0.0019120932 0.0019078486 1.5315792e-20)
(0.0020903766 0.0019191581 2.6063925e-20)
(0.0023502206 0.0019815053 -5.5781103e-21)
(0.0026923149 0.0020791746 5.0413968e-20)
(0.003098617 0.0021844766 -1.348721e-20)
(0.003534769 0.0022648407 -1.0606754e-20)
(0.003961623 0.0022938763 7.3169569e-20)
(0.0043405734 0.0022547247 -9.5642596e-20)
(0.0046323421 0.0021386868 -2.8832684e-21)
(0.004781392 0.0019386643 4.7670648e-20)
(0.0046921321 0.0016449083 2.4896622e-20)
(0.0042309716 0.001256205 -7.9347831e-20)
(0.0032163677 0.00078740779 5.0342666e-21)
(0.0014554525 0.00028931222 1.4851657e-20)
(-0.0012811679 -0.00015042638 2.8017427e-21)
(-0.0051895072 -0.00039371695 -4.020011e-21)
(-0.010313246 -0.00024035481 2.502471e-21)
(-0.017050503 0.00055967952 -4.6495752e-21)
(-0.025157576 0.0023308458 3.7489167e-20)
(-0.033837901 0.0051986755 -5.1554257e-20)
(-0.042635608 0.0092025498 1.9620535e-20)
(-0.050910667 0.014243656 -1.7478586e-20)
(-0.058250565 0.020152634 1.1091244e-19)
(-0.064256016 0.02666373 1.768573e-20)
(-0.06870812 0.033496038 -1.5378269e-19)
(-0.071465065 0.0403411 1.3010772e-19)
(-0.072528041 0.046919355 2.4698462e-21)
(-0.071911948 0.052931318 -3.9265228e-20)
(-0.069818203 0.058194163 3.5830527e-20)
(-0.066303077 0.06241053 -5.7074836e-20)
(-0.061643048 0.065470733 4.6357768e-21)
(-0.056118577 0.06731103 -1.0970417e-20)
(-0.049853386 0.067712725 1.668459e-21)
(-0.04317552 0.066723318 -5.6297143e-22)
(-0.036306564 0.064300294 -4.799699e-20)
(-0.029496992 0.060487322 7.4621235e-20)
(-0.022977333 0.05535296 8.0225869e-20)
(-0.016961142 0.048999387 3.2669765e-20)
(-0.01164159 0.041563147 7.4968877e-20)
(-0.0071846863 0.03320462 -1.6720097e-20)
(-0.003725278 0.024111502 4.8185837e-20)
(-0.0013716051 0.01449558 3.7682697e-20)
(-0.00018136817 0.0045608131 5.0231409e-21)
)
;
    }
    frontAndBack
    {
        type            empty;
    }
}


// ************************************************************************* //
