/*--------------------------------*- C++ -*----------------------------------*\
  =========                 |
  \\      /  F ield         | OpenFOAM: The Open Source CFD Toolbox
   \\    /   O peration     | Website:  https://openfoam.org
    \\  /    A nd           | Version:  13
     \\/     M anipulation  |
\*---------------------------------------------------------------------------*/
FoamFile
{
    format      ascii;
    class       volVectorField;
    location    "5.898388";
    object      wallShearStress;
}
// * * * * * * * * * * * * * * * * * * * * * * * * * * * * * * * * * * * * * //

dimensions      [0 2 -2 0 0 0 0];

internalField   uniform (0 0 0);

boundaryField
{
    inlet
    {
        type            calculated;
        value           uniform (0 0 0);
    }
    outlet
    {
        type            calculated;
        value           uniform (0 0 0);
    }
    cylinder
    {
        type            calculated;
        value           nonuniform List<vector> 
132
(
(0.00011906689 -0.0015989615 -1.3068629e-22)
(0.00050522947 -0.0099756205 3.7970183e-23)
(0.0013454597 -0.018155972 2.2248403e-21)
(0.0026087088 -0.02583632 -8.1012665e-21)
(0.0042298416 -0.032713621 6.3116722e-21)
(0.0061100371 -0.038500624 2.1452585e-20)
(0.0081186588 -0.042948681 -4.5218698e-21)
(0.010105546 -0.045862185 -1.9807299e-20)
(0.01190731 -0.047116693 2.043284e-20)
(0.01336001 -0.046675283 -4.949361e-20)
(0.014315889 -0.04459937 -9.5868423e-22)
(0.014661975 -0.041057574 3.4354425e-20)
(0.014337031 -0.036320934 5.7922194e-20)
(0.013349779 -0.030758212 -4.7969665e-20)
(0.01178105 -0.024793373 5.0872008e-20)
(0.0097862694 -0.01887545 8.1623638e-20)
(0.0075684939 -0.013417755 -5.2916875e-20)
(0.005342696 -0.0087276305 8.3573265e-20)
(0.0033058025 -0.0049884433 1.0855196e-19)
(0.0015979794 -0.0022381299 -6.9169489e-20)
(0.00027775511 -0.00038044249 -8.6732802e-20)
(-0.00066719604 0.00076691564 3.0111058e-23)
(-0.0012995312 0.0013989625 1.2253948e-20)
(-0.0016469204 0.0016426451 -1.4514852e-20)
(-0.0015997732 0.0014758703 -2.4434479e-20)
(-0.0010444404 0.00089548147 5.1751444e-21)
(0.00026304395 -0.00018364205 -4.6322515e-20)
(0.0019899717 -0.001386132 1.2338688e-20)
(0.0035649283 -0.0022741605 9.6991391e-21)
(0.0046145013 -0.0026688612 -6.708557e-20)
(0.0050875767 -0.0026434719 8.7881135e-20)
(0.0052723936 -0.0024352926 2.6668873e-21)
(0.005376708 -0.0021799084 1.9257354e-20)
(0.005392826 -0.0018890408 -2.286516e-20)
(0.005137695 -0.0015225044 7.2849713e-20)
(0.0043862026 -0.0010682236 -4.6236657e-21)
(0.0029207372 -0.00056308307 1.8727832e-20)
(0.00048867936 -8.5703171e-05 -2.583024e-21)
(-0.0031016432 0.00022459888 3.7216914e-21)
(-0.0080180864 0.00017676384 -2.3298238e-21)
(-0.014651698 -0.00048679064 4.3615339e-21)
(-0.022813527 -0.0021183154 -1.3462257e-22)
(-0.031729208 -0.0048790346 4.9306584e-20)
(-0.04089418 -0.0088307587 -1.895613e-20)
(-0.049671527 -0.013900232 1.7053812e-20)
(-0.05755476 -0.019914816 -1.0920492e-19)
(-0.064105434 -0.02660497 -1.7564581e-20)
(-0.069074442 -0.033678005 1.5392802e-19)
(-0.072284354 -0.040806667 -1.3121164e-19)
(-0.073725724 -0.047696988 -2.5087838e-21)
(-0.073412409 -0.05403839 4.0188461e-20)
(-0.07152591 -0.059620026 -3.6973771e-20)
(-0.068158268 -0.064159422 -7.3938109e-21)
(-0.063567951 -0.067517525 -4.9290569e-21)
(-0.058028211 -0.069604053 -8.9290541e-21)
(-0.051710032 -0.070237277 -9.6123614e-22)
(-0.044922556 -0.069426223 5.3708922e-22)
(-0.037905733 -0.067136005 4.7484627e-20)
(-0.030917027 -0.063403489 -7.4915116e-20)
(-0.024196216 -0.058294543 -8.1245449e-20)
(-0.017966495 -0.051910734 -3.3291627e-20)
(-0.012429767 -0.044387033 -7.677789e-20)
(-0.0077614618 -0.035885941 1.7197439e-20)
(-0.004104834 -0.026594869 2.5088445e-20)
(-0.0015769217 -0.016736673 -3.9059034e-20)
(-0.0002398785 -0.0064911621 -5.2231033e-21)
(0.00018842904 0.0067622766 -6.0753973e-22)
(0.00070812612 0.014979168 -3.7829283e-23)
(0.0016646006 0.022837069 -2.3302421e-21)
(0.0030135673 0.030038884 8.5662504e-21)
(0.0046778342 0.036296828 -6.7048225e-21)
(0.0065489077 0.041348496 -2.2787236e-20)
(0.0084897124 0.044976854 4.7863035e-21)
(0.010350345 0.047023599 2.0842394e-20)
(0.011970797 0.047408359 -2.1344634e-20)
(0.013197272 0.046140043 5.1293012e-20)
(0.013898985 0.043328475 9.8565347e-22)
(0.013984741 0.039184689 -3.5039672e-20)
(0.013422367 0.034023612 -5.8647815e-20)
(0.012245782 0.028231117 4.8262586e-20)
(0.010564394 0.022245034 -5.0907849e-20)
(0.0085472921 0.016495425 -8.1359486e-20)
(0.0063947273 0.011344854 5.2604176e-20)
(0.0043132423 0.0070528152 -8.2967015e-20)
(0.0024686536 0.003732901 -1.077313e-19)
(0.00096997641 0.0013721946 6.868159e-20)
(-0.0001591783 -0.00017986835 8.6190829e-20)
(-0.00094532335 -0.0010964694 7.6155261e-20)
(-0.0014596933 -0.0015747605 6.1851033e-20)
(-0.0016815244 -0.001679425 1.4454515e-20)
(-0.0014958052 -0.0013838038 2.4335224e-20)
(-0.00061133351 -0.00053327251 -5.1559458e-21)
(0.00086329321 0.00064744839 4.6275447e-20)
(0.0025527923 0.0017849223 -1.2348331e-20)
(0.0039664546 0.0025342351 -9.7271416e-21)
(0.0047843009 0.0027692152 6.731883e-20)
(0.0051356841 0.0026693026 -8.8216566e-20)
(0.005278595 0.0024383648 -2.6621243e-21)
(0.0053708045 0.0021777723 4.4028135e-20)
(0.0053293112 0.0018674772 2.3007593e-20)
(0.0049539784 0.0014693042 -7.3419033e-20)
(0.0040211768 0.00098146874 4.6679731e-21)
(0.0023146565 0.00045081479 1.3814062e-20)
(-0.00041373077 -3.3372111e-05 2.617064e-21)
(-0.0043652221 -0.00032633998 -3.7753439e-21)
(-0.0096327887 -0.00021939418 2.3651939e-21)
(-0.016615464 0.00054813968 -4.4269208e-21)
(-0.025063178 0.0023240701 3.5974215e-20)
(-0.03414093 0.0052468615 -4.9835769e-20)
(-0.043350489 0.009358175 1.9089791e-20)
(-0.052022112 0.014555463 -1.7097673e-20)
(-0.059705569 0.020656606 1.0893738e-19)
(-0.065982395 0.027380731 1.742045e-20)
(-0.070628032 0.034432389 -1.5169608e-19)
(-0.073496686 0.041488094 1.2834817e-19)
(-0.074598534 0.048258783 2.4323804e-21)
(-0.073952811 0.054433373 -3.851426e-20)
(-0.071777547 0.059827075 3.4879161e-20)
(-0.068136079 0.064135569 -5.4724435e-20)
(-0.063306906 0.067237413 4.2949848e-21)
(-0.057592018 0.0690778 -8.8956962e-21)
(-0.051124393 0.069438423 3.2068597e-21)
(-0.04423644 0.068362091 -6.5734373e-22)
(-0.03715992 0.065810678 -5.2901703e-20)
(-0.030151872 0.061829031 8.0459755e-20)
(-0.02344952 0.056488864 8.5512182e-20)
(-0.01727233 0.049896115 3.4577796e-20)
(-0.011818495 0.04219127 7.8971745e-20)
(-0.0072584098 0.033539456 -1.7552853e-20)
(-0.003730314 0.024133238 5.0454989e-20)
(-0.0013453437 0.014187933 3.937651e-20)
(-0.00016413244 0.0039227722 5.2401278e-21)
)
;
    }
    frontAndBack
    {
        type            empty;
    }
}


// ************************************************************************* //
