/*--------------------------------*- C++ -*----------------------------------*\
  =========                 |
  \\      /  F ield         | OpenFOAM: The Open Source CFD Toolbox
   \\    /   O peration     | Website:  https://openfoam.org
    \\  /    A nd           | Version:  13
     \\/     M anipulation  |
\*---------------------------------------------------------------------------*/
FoamFile
{
    format      ascii;
    class       volVectorField;
    location    "3.100641";
    object      wallShearStress;
}
// * * * * * * * * * * * * * * * * * * * * * * * * * * * * * * * * * * * * * //

dimensions      [0 2 -2 0 0 0 0];

internalField   uniform (0 0 0);

boundaryField
{
    inlet
    {
        type            calculated;
        value           uniform (0 0 0);
    }
    outlet
    {
        type            calculated;
        value           uniform (0 0 0);
    }
    cylinder
    {
        type            calculated;
        value           nonuniform List<vector> 
132
(
(0.00011249162 -0.0017184807 -2.2754723e-22)
(0.00047357363 -0.0094063186 6.5553269e-23)
(0.0012492171 -0.016883726 3.7445383e-21)
(0.0024062959 -0.023850985 -1.3184174e-20)
(0.0038781362 -0.030011349 9.8810663e-21)
(0.0055652325 -0.035086049 3.2276109e-20)
(0.0073371419 -0.038836452 -6.5508152e-21)
(0.0090471911 -0.041082766 -2.7729796e-20)
(0.010538992 -0.041727269 2.7761317e-20)
(0.011662873 -0.040771406 -6.5548551e-20)
(0.012295242 -0.038328946 -1.2431528e-21)
(0.012356318 -0.034623928 4.377887e-20)
(0.011826378 -0.02998054 7.2840196e-20)
(0.010753281 -0.024792235 -5.9764689e-20)
(0.0092504342 -0.019479433 6.3029319e-20)
(0.0074801774 -0.01443568 1.009417e-19)
(0.005622311 -0.009972966 -6.5525632e-20)
(0.0038486882 -0.00629072 1.0388432e-19)
(0.0022875738 -0.0034549604 1.356775e-19)
(0.0010106233 -0.0014192865 -8.699135e-20)
(3.0894491e-05 -5.9208301e-05 -1.0973795e-19)
(-0.00065798809 0.00076136446 3.8319858e-23)
(-0.0010397811 0.0011236071 1.5643629e-20)
(-0.00096393934 0.00096987432 -1.857614e-20)
(-0.00021096963 0.00021095051 -3.1372332e-20)
(0.0012396501 -0.0010241271 6.6756586e-21)
(0.0030601484 -0.0023461142 -6.0216985e-20)
(0.0046893911 -0.0032975698 1.6132948e-20)
(0.0056957195 -0.0036491695 1.2731375e-20)
(0.0061251767 -0.0035500645 -8.8080382e-20)
(0.0062872376 -0.0032695992 1.1536818e-19)
(0.0063427121 -0.0029311592 3.5043261e-21)
(0.0062552121 -0.0025387578 2.5379814e-20)
(0.0058033084 -0.0020375185 -3.0257296e-20)
(0.0047704871 -0.0014208505 9.6858731e-20)
(0.0029114182 -0.0007205654 -6.1776565e-21)
(1.8046554e-05 -2.7650708e-05 2.5134847e-20)
(-0.0041214106 0.00052619459 -3.4783613e-21)
(-0.0096400394 0.00074552239 5.0170669e-21)
(-0.016495734 0.00040028443 -3.1355872e-21)
(-0.025063699 -0.00081220135 5.8389382e-21)
(-0.034828657 -0.003217464 -1.7849783e-22)
(-0.044780519 -0.0068702676 6.4610607e-20)
(-0.054453912 -0.011744109 -2.4511771e-20)
(-0.063187771 -0.017670053 2.1758058e-20)
(-0.070630033 -0.024426887 -1.3760209e-19)
(-0.076443908 -0.03171208 -2.1889764e-20)
(-0.080480578 -0.039226918 1.9019109e-19)
(-0.082660802 -0.046653523 -1.6117369e-19)
(-0.083033376 -0.053708906 -3.0746471e-21)
(-0.081656607 -0.060098398 4.9379002e-20)
(-0.07875261 -0.065636471 -4.5884392e-20)
(-0.074421604 -0.070048867 -9.3915211e-21)
(-0.068917795 -0.073194143 -6.6062617e-21)
(-0.062542801 -0.075014484 -1.4182753e-20)
(-0.055463085 -0.075330987 2.814969e-21)
(-0.047986666 -0.074158315 3.7754906e-22)
(-0.040353635 -0.071468783 4.1967857e-20)
(-0.032820229 -0.067304287 -7.0793803e-20)
(-0.025625135 -0.061735481 -7.9172978e-20)
(-0.018990618 -0.054868608 -3.2995334e-20)
(-0.013117545 -0.046842535 -7.6871724e-20)
(-0.0081805674 -0.037823788 1.732864e-20)
(-0.0043221165 -0.028003387 2.5381725e-20)
(-0.0016588607 -0.017608643 -3.9610118e-20)
(-0.00025194894 -0.0068207917 -5.3028557e-21)
(0.00016950034 0.0059663317 -1.0527575e-21)
(0.00063990291 0.013512537 -6.4295015e-23)
(0.0015092772 0.020703024 -3.8450454e-21)
(0.0027326776 0.027244084 1.3621899e-20)
(0.0042327582 0.032853445 -1.0250131e-20)
(0.0059010316 0.037273846 -3.3524609e-20)
(0.0076027745 0.040297412 6.7966811e-21)
(0.0091920024 0.041783027 2.8685224e-20)
(0.010517728 0.041677306 -2.8595374e-20)
(0.011442808 0.040030063 6.717812e-20)
(0.011861989 0.037001374 1.2673699e-21)
(0.011718433 0.032855456 -4.4392524e-20)
(0.011016796 0.027943678 -7.3504672e-20)
(0.0098269673 0.022668895 6.0059976e-20)
(0.008277399 0.017438863 -6.3134787e-20)
(0.0065322509 0.012613087 -1.0088211e-19)
(0.004762684 0.0084536353 6.5401643e-20)
(0.0031233407 0.0051099236 -1.0363446e-19)
(0.0017140381 0.0025945028 -1.3536529e-19)
(0.00058431106 0.00083173672 8.6827966e-20)
(-0.00026068791 -0.00031487067 1.0957892e-19)
(-0.00083561031 -0.00097304803 9.7261553e-20)
(-0.0010208665 -0.0011063893 7.9240919e-20)
(-0.0007960585 -0.00080514325 1.856743e-20)
(0.00021348892 0.00017597765 3.136987e-20)
(0.0018264066 0.0015196535 -6.6865762e-21)
(0.0036132549 0.0027756453 6.040667e-20)
(0.0050611509 0.0035628089 -1.620655e-20)
(0.0058303465 0.0037376482 -1.2796666e-20)
(0.0061408611 0.0035599299 8.8530864e-20)
(0.006266418 0.0032590832 -1.160144e-19)
(0.0062857622 0.0029053032 -3.5060481e-21)
(0.0061195844 0.0024846514 5.8177287e-20)
(0.0055243362 0.0019411795 3.0528437e-20)
(0.0042885627 0.0012800994 -9.7874181e-20)
(0.0021664047 0.00054251016 6.2520038e-21)
(-0.0010460574 -0.0001702907 1.8576401e-20)
(-0.005551619 -0.00071691563 3.5284714e-21)
(-0.011399545 -0.00088638712 -5.0917004e-21)
(-0.01858049 -0.00045644623 3.181139e-21)
(-0.02742591 0.00088500491 -5.9160328e-21)
(-0.037351911 0.0034474163 4.7582059e-20)
(-0.047334704 0.0072591172 -6.5105031e-20)
(-0.056915338 0.012272409 2.4606199e-20)
(-0.065451712 0.018300682 -2.174668e-20)
(-0.072621967 0.025112656 1.3689234e-19)
(-0.078117853 0.032403483 2.1663791e-20)
(-0.081812989 0.039873475 -1.8716455e-19)
(-0.083647898 0.047207869 1.5757721e-19)
(-0.083686536 0.054128709 2.9828525e-21)
(-0.081996117 0.060345626 -4.7437069e-20)
(-0.078810356 0.065681937 4.3497418e-20)
(-0.074224846 0.069860911 -7.028213e-20)
(-0.068514016 0.072762559 5.9085847e-21)
(-0.061977905 0.074333929 -1.5856319e-20)
(-0.05476825 0.07438388 -3.9104398e-22)
(-0.047206595 0.072949004 -5.0629506e-22)
(-0.039528668 0.070003259 -4.7734829e-20)
(-0.031988988 0.065594248 7.6669261e-20)
(-0.024824168 0.059798925 8.3677312e-20)
(-0.018252737 0.052727447 3.4349026e-20)
(-0.012472038 0.044524113 7.9175224e-20)
(-0.0076518445 0.035357859 -1.7701136e-20)
(-0.0039297645 0.025424839 5.1069102e-20)
(-0.0014167574 0.014944341 3.9942135e-20)
(-0.00017283063 0.004138622 5.3205645e-21)
)
;
    }
    frontAndBack
    {
        type            empty;
    }
}


// ************************************************************************* //
