/*--------------------------------*- C++ -*----------------------------------*\
  =========                 |
  \\      /  F ield         | OpenFOAM: The Open Source CFD Toolbox
   \\    /   O peration     | Website:  https://openfoam.org
    \\  /    A nd           | Version:  13
     \\/     M anipulation  |
\*---------------------------------------------------------------------------*/
FoamFile
{
    format      ascii;
    class       volVectorField;
    location    "11.299293";
    object      wallShearStress;
}
// * * * * * * * * * * * * * * * * * * * * * * * * * * * * * * * * * * * * * //

dimensions      [0 2 -2 0 0 0 0];

internalField   uniform (0 0 0);

boundaryField
{
    inlet
    {
        type            calculated;
        value           uniform (0 0 0);
    }
    outlet
    {
        type            calculated;
        value           uniform (0 0 0);
    }
    cylinder
    {
        type            calculated;
        value           nonuniform List<vector> 
132
(
(8.721922e-05 -0.0014851729 -8.2675756e-23)
(0.00036338308 -0.0072439229 2.4060389e-23)
(0.00095340215 -0.012885481 1.4177733e-21)
(0.0018397069 -0.01822396 -5.202527e-21)
(0.0029836534 -0.023071079 4.090884e-21)
(0.0043250939 -0.027243401 1.4043676e-20)
(0.005783338 -0.030579495 -2.9905761e-21)
(0.00726311 -0.032943894 -1.3234939e-20)
(0.0086579201 -0.034238012 1.3793219e-20)
(0.0098564692 -0.034412234 -3.3750724e-20)
(0.010751836 -0.033471938 -6.6017573e-22)
(0.011252352 -0.031485177 2.3891393e-20)
(0.011292583 -0.028584039 4.0649393e-20)
(0.010846965 -0.024968508 -3.3942166e-20)
(0.0099357201 -0.020888506 3.6244173e-20)
(0.0086327198 -0.016633346 5.8454966e-20)
(0.0070559776 -0.012493977 -3.8012766e-20)
(0.0053520482 -0.0087295761 6.0085748e-20)
(0.0036764761 -0.0055348509 7.7955216e-20)
(0.0021654415 -0.0030170909 -4.9537839e-20)
(0.00090741584 -0.0011807661 -6.1898455e-20)
(-4.7302607e-05 3.8324191e-05 2.1374749e-23)
(-0.00073486012 0.00078550392 8.6850349e-21)
(-0.0011982376 0.0011905757 -1.0263792e-20)
(-0.0015107731 0.0013863554 -1.7270283e-20)
(-0.0015964336 0.0013496107 3.6532349e-21)
(-0.0013988048 0.001089505 -3.2622132e-20)
(-0.00052608332 0.00038552329 8.6109467e-21)
(0.00087403924 -0.00054546382 6.7232027e-21)
(0.0022847629 -0.0013123266 -4.6230773e-20)
(0.0033496779 -0.0017349534 6.0527338e-20)
(0.0038487457 -0.0017755342 1.8370854e-21)
(0.0040466386 -0.0016398032 1.3257991e-20)
(0.0041717814 -0.0014596158 -1.5691e-20)
(0.0043165404 -0.0012755008 4.9777601e-20)
(0.0043194965 -0.0010454104 -3.144464e-21)
(0.0039813009 -0.00075367827 1.2683905e-20)
(0.0030777611 -0.00042350037 -1.7441937e-21)
(0.0013848811 -0.00012658886 2.5120833e-21)
(-0.0013465139 1.4997832e-05 -1.577294e-21)
(-0.0055213882 -0.00018778202 2.9756362e-21)
(-0.011240853 -0.0010543185 -9.3146683e-23)
(-0.01811777 -0.0027968564 3.4730982e-20)
(-0.025727119 -0.0055665022 -1.3618665e-20)
(-0.033475003 -0.0093782191 1.2498141e-20)
(-0.040874004 -0.014152383 -8.1542972e-20)
(-0.047375828 -0.019672322 -1.3322466e-20)
(-0.052640221 -0.025675809 1.1821574e-19)
(-0.056435618 -0.031869053 -1.0155473e-19)
(-0.058660706 -0.037959107 -1.9466603e-21)
(-0.0593059 -0.043662145 3.1024211e-20)
(-0.058483067 -0.048754801 -2.806416e-20)
(-0.056291094 -0.05299429 -5.3925653e-21)
(-0.052922111 -0.056215091 -3.2401085e-21)
(-0.048620918 -0.058324409 -3.643041e-21)
(-0.043569898 -0.059184323 -4.7611648e-21)
(-0.038022711 -0.058765913 6.9712522e-22)
(-0.032207235 -0.05704592 5.298156e-20)
(-0.02635417 -0.054048411 -7.8962555e-20)
(-0.020681764 -0.049829252 -8.3208532e-20)
(-0.015393082 -0.044476879 -3.3535333e-20)
(-0.010671406 -0.038109109 -7.6549921e-20)
(-0.0066763629 -0.030869901 1.7034313e-20)
(-0.003538521 -0.022925261 2.474688e-20)
(-0.001363541 -0.014473036 -3.8431292e-20)
(-0.00020914383 -0.0056741072 -5.1330863e-21)
(0.00012462303 0.0042670021 -3.8496142e-22)
(0.00047301615 0.009945045 -2.4092124e-23)
(0.0011265855 0.015423268 -1.4953782e-21)
(0.0020609165 0.020517859 5.5498041e-21)
(0.0032309437 0.025046691 -4.3896815e-21)
(0.004571449 0.028838879 -1.5082085e-20)
(0.0059973228 0.031746572 3.2029668e-21)
(0.0074130677 0.033651776 1.4101901e-20)
(0.008712841 0.034477559 -1.4601134e-20)
(0.0097891541 0.034195768 3.547169e-20)
(0.010542505 0.032835961 6.8883482e-22)
(0.010891271 0.030488257 -2.4746875e-20)
(0.010784174 0.027308646 -4.1821739e-20)
(0.010209698 0.023511433 3.4710845e-20)
(0.0092047637 0.019359973 -3.6872234e-20)
(0.0078551586 0.015141016 -5.9224021e-20)
(0.0062830446 0.011130284 3.8398566e-20)
(0.0046368348 0.0075671556 -6.0588788e-20)
(0.0030610923 0.0046123611 -7.8554606e-20)
(0.0016732126 0.0023356898 4.9929967e-20)
(0.00054809358 0.00072071131 6.2433296e-20)
(-0.00029239583 -0.00032835482 5.4967666e-20)
(-0.00088378017 -0.00094842104 4.4510736e-20)
(-0.0012827556 -0.0012760959 1.0384969e-20)
(-0.0015275598 -0.001403 1.7480549e-20)
(-0.0015213007 -0.0012881179 -3.698052e-21)
(-0.0011299347 -0.00088379776 3.3031103e-20)
(-9.5461991e-05 -8.2416629e-05 -8.7390413e-21)
(0.0013377076 0.00084349503 -6.8361569e-21)
(0.0026488529 0.001525161 4.7123287e-20)
(0.0035080989 0.0018190097 -6.1731116e-20)
(0.0038776831 0.0017897266 -1.8628734e-21)
(0.0040294103 0.0016329306 3.0756871e-20)
(0.0041659578 0.0014575989 1.6010087e-20)
(0.004285875 0.0012668114 -5.0845303e-20)
(0.0042058147 0.0010187332 3.2168021e-21)
(0.0037218258 0.00070601767 9.4781241e-21)
(0.0026134048 0.00036243017 1.7902687e-21)
(0.00065687976 6.951021e-05 -2.5822416e-21)
(-0.0024043265 -4.0544159e-05 1.6228593e-21)
(-0.0069480824 0.00023610589 -3.0620931e-21)
(-0.013014887 0.0012172702 2.5235213e-20)
(-0.020152096 0.0031077456 -3.5568862e-20)
(-0.027901346 0.0060338982 1.3884056e-20)
(-0.035663333 0.0099883101 -1.2670033e-20)
(-0.042942783 0.014866267 8.2121325e-20)
(-0.049229428 0.020439633 1.3319875e-20)
(-0.05421566 0.026441089 -1.1722939e-19)
(-0.057692198 0.032575613 9.9780839e-20)
(-0.059594001 0.038560125 1.8915602e-21)
(-0.059915885 0.044108412 -2.9712768e-20)
(-0.058805284 0.049020692 2.6329981e-20)
(-0.056339754 0.053037223 -3.9288149e-20)
(-0.052738777 0.056017614 2.6817072e-21)
(-0.048260413 0.057889018 -1.9388697e-21)
(-0.043058349 0.058486222 6.8079405e-21)
(-0.037408293 0.057812736 -8.0817679e-22)
(-0.03152949 0.055841346 -5.8031813e-20)
(-0.025652361 0.052604126 8.4170229e-20)
(-0.019992684 0.048162744 8.7239994e-20)
(-0.014749705 0.042609512 3.4756304e-20)
(-0.010103149 0.03606773 7.8640278e-20)
(-0.0062076999 0.028683695 -1.7373913e-20)
(-0.0031890741 0.020628407 4.9748013e-20)
(-0.0011472852 0.012092922 3.8735637e-20)
(-0.00013838033 0.00327457 5.1494829e-21)
)
;
    }
    frontAndBack
    {
        type            empty;
    }
}


// ************************************************************************* //
