/*--------------------------------*- C++ -*----------------------------------*\
  =========                 |
  \\      /  F ield         | OpenFOAM: The Open Source CFD Toolbox
   \\    /   O peration     | Website:  https://openfoam.org
    \\  /    A nd           | Version:  13
     \\/     M anipulation  |
\*---------------------------------------------------------------------------*/
FoamFile
{
    format      ascii;
    class       volVectorField;
    location    "4.10305";
    object      wallShearStress;
}
// * * * * * * * * * * * * * * * * * * * * * * * * * * * * * * * * * * * * * //

dimensions      [0 2 -2 0 0 0 0];

internalField   uniform (0 0 0);

boundaryField
{
    inlet
    {
        type            calculated;
        value           uniform (0 0 0);
    }
    outlet
    {
        type            calculated;
        value           uniform (0 0 0);
    }
    cylinder
    {
        type            calculated;
        value           nonuniform List<vector> 
132
(
(0.00012574936 -0.001787609 -1.5921519e-22)
(0.00053188363 -0.010532505 4.6227544e-23)
(0.0014091086 -0.019033372 2.700487e-21)
(0.0027188257 -0.026943967 -9.7972155e-21)
(0.0043837163 -0.033922107 7.5990646e-21)
(0.00628879 -0.039647699 2.5700332e-20)
(0.0082841595 -0.043851487 -5.3885663e-21)
(0.010203033 -0.046334405 -2.3472015e-20)
(0.011867553 -0.046990932 2.4073087e-20)
(0.013108672 -0.045829443 -5.7966096e-20)
(0.013787444 -0.042984736 -1.1162617e-21)
(0.013815665 -0.038717448 3.9770824e-20)
(0.013173416 -0.03339973 6.6710052e-20)
(0.011920352 -0.027487262 -5.5014197e-20)
(0.010190289 -0.021462277 5.8167266e-20)
(0.0081755113 -0.015780584 9.319469e-20)
(0.0060849864 -0.01079593 -6.0430181e-20)
(0.0041141936 -0.006726145 9.5598498e-20)
(0.0024095827 -0.0036403832 1.2452008e-19)
(0.001045997 -0.0014696148 -7.9611236e-20)
(2.2609771e-05 -4.9513555e-05 -1.0016637e-19)
(-0.00069114145 0.00079955493 3.4910609e-23)
(-0.0011254823 0.0012150648 1.4221244e-20)
(-0.0011581998 0.0011598023 -1.6865353e-20)
(-0.00079223135 0.00073984918 -2.8441047e-20)
(0.00032639877 -0.00025621679 6.0341974e-21)
(0.0019556791 -0.0014928772 -5.4284707e-20)
(0.0035813007 -0.0025132708 1.450428e-20)
(0.0048053447 -0.0030751754 1.1430829e-20)
(0.005416135 -0.0031372676 -7.9054001e-20)
(0.0056865443 -0.0029561964 1.0349565e-19)
(0.0058341016 -0.002695139 3.1409105e-21)
(0.0058966865 -0.0023916176 2.2706972e-20)
(0.0057306631 -0.0020093847 -2.7012807e-20)
(0.0051162402 -0.0015194337 8.6255604e-20)
(0.0038270284 -0.00093741115 -5.4874166e-21)
(0.0016467917 -0.0003286185 2.2274555e-20)
(-0.0016736289 0.00019908301 -3.0772944e-21)
(-0.0063223962 0.00048103228 4.435474e-21)
(-0.012311768 0.00028904661 -2.7742574e-21)
(-0.020047624 -0.00065604834 5.1785704e-21)
(-0.029182158 -0.0027014324 -1.5898814e-22)
(-0.038770201 -0.0059536939 5.7849209e-20)
(-0.048305407 -0.010423349 -2.2072651e-20)
(-0.057147152 -0.015985524 1.9705964e-20)
(-0.064857321 -0.022435369 -1.2529064e-19)
(-0.071049077 -0.029479293 -2.002515e-20)
(-0.075535643 -0.036821458 1.7464252e-19)
(-0.07819164 -0.044135399 -1.4839046e-19)
(-0.079047259 -0.051134333 -2.8343948e-21)
(-0.078141446 -0.057514617 4.5495103e-20)
(-0.075682458 -0.063080554 -4.2136903e-20)
(-0.071768711 -0.067554414 -8.5557713e-21)
(-0.06665602 -0.070794281 -5.9085896e-21)
(-0.060636357 -0.072729826 -1.2013225e-20)
(-0.053880663 -0.073183404 1.2698259e-21)
(-0.046695611 -0.072164588 4.4198368e-22)
(-0.039322717 -0.069644221 4.4151235e-20)
(-0.032018804 -0.065661883 -7.2367162e-20)
(-0.025023289 -0.060286437 -7.9902286e-20)
(-0.018559023 -0.05362238 -3.3069227e-20)
(-0.012827387 -0.045807005 -7.6726359e-20)
(-0.0080034371 -0.037005296 1.7251317e-20)
(-0.0042299633 -0.027406789 2.5227432e-20)
(-0.0016238158 -0.017236951 -3.9331161e-20)
(-0.00024662221 -0.0066764879 -5.2630036e-21)
(0.00019504431 0.0069513789 -7.399016e-22)
(0.00073401546 0.015522881 -4.598159e-23)
(0.0017250535 0.023673553 -2.8244737e-21)
(0.0031152357 0.031065147 1.0342956e-20)
(0.0048142964 0.037372898 -8.0594949e-21)
(0.0066965608 0.04230565 -2.7259604e-20)
(0.0086081208 0.04563256 5.6962684e-21)
(0.01038235 0.047200007 2.4672146e-20)
(0.011848509 0.046956553 -2.5127057e-20)
(0.012852621 0.044967739 6.004443e-20)
(0.013277864 0.041423612 1.1475769e-21)
(0.013063251 0.036631559 -4.0582979e-20)
(0.012218838 0.030998013 -6.7623593e-20)
(0.010830072 0.024987896 5.5456011e-20)
(0.0090499611 0.019070507 -5.8373687e-20)
(0.0070715267 0.01365754 -9.3235088e-20)
(0.005092976 0.0090422002 6.0343225e-20)
(0.0032874925 0.0053799356 -9.5384668e-20)
(0.0017684454 0.0026781221 -1.2424435e-19)
(0.00058043348 0.00082756692 7.9478936e-20)
(-0.00028816655 -0.00034941635 1.0005971e-19)
(-0.00087854661 -0.0010221173 8.8642094e-20)
(-0.0011964472 -0.0012941293 7.2108303e-20)
(-0.0011087788 -0.0011140442 1.6864283e-20)
(-0.00043100729 -0.00041152409 2.8453053e-20)
(0.00086302335 0.00070821477 -6.0461953e-21)
(0.0025101801 0.0019223336 5.4481714e-20)
(0.0040164494 0.0028228333 -1.4581855e-20)
(0.0050139961 0.0032112483 -1.150144e-20)
(0.0054803674 0.0031756175 7.9566978e-20)
(0.0056871189 0.0029568644 -1.041904e-19)
(0.0058172344 0.0026875581 -3.1451704e-21)
(0.0058379289 0.0023683948 5.2089613e-20)
(0.0055615123 0.0019512261 2.7272943e-20)
(0.0047793728 0.0014213178 -8.721909e-20)
(0.0032586894 0.00080184162 5.557538e-21)
(0.00079053096 0.00016953375 1.6477463e-20)
(-0.0028644318 -0.00035736253 3.1255377e-21)
(-0.0078725498 -0.0006046733 -4.5084399e-21)
(-0.014209511 -0.00033991163 2.8199648e-21)
(-0.022267961 0.00072488749 -5.2588559e-21)
(-0.031629035 0.0029247741 4.2487062e-20)
(-0.041301784 0.00633931 -5.8436117e-20)
(-0.050792202 0.010956933 2.22115e-20)
(-0.059482301 0.016636271 -1.9744449e-20)
(-0.066947935 0.023155996 1.2491155e-19)
(-0.072833679 0.03021665 1.9858543e-20)
(-0.076985042 0.037525002 -1.7214736e-19)
(-0.079291377 0.044753283 1.4527935e-19)
(-0.079809228 0.051624461 2.7524745e-21)
(-0.078577676 0.057832978 -4.3723909e-20)
(-0.075834846 0.063204928 3.993546e-20)
(-0.071660717 0.067449917 -6.3890056e-20)
(-0.066322815 0.070437562 5.2502641e-21)
(-0.060132695 0.072122684 -1.3045683e-20)
(-0.053238858 0.072308316 1.0428431e-21)
(-0.045961452 0.071026231 -5.6538648e-22)
(-0.038536728 0.06824775 -4.9696636e-20)
(-0.03122049 0.064019415 7.8032371e-20)
(-0.024249604 0.058415691 8.4254755e-20)
(-0.017843364 0.051545561 3.4379592e-20)
(-0.012199445 0.043551537 7.8959184e-20)
(-0.0074880059 0.034601234 -1.7612769e-20)
(-0.0038469098 0.024889228 5.0742031e-20)
(-0.0013872292 0.014633241 3.9653741e-20)
(-0.00016927064 0.0040541802 5.2802762e-21)
)
;
    }
    frontAndBack
    {
        type            empty;
    }
}


// ************************************************************************* //
