/*--------------------------------*- C++ -*----------------------------------*\
  =========                 |
  \\      /  F ield         | OpenFOAM: The Open Source CFD Toolbox
   \\    /   O peration     | Website:  https://openfoam.org
    \\  /    A nd           | Version:  13
     \\/     M anipulation  |
\*---------------------------------------------------------------------------*/
FoamFile
{
    format      ascii;
    class       volVectorField;
    location    "46.400611";
    object      wallShearStress;
}
// * * * * * * * * * * * * * * * * * * * * * * * * * * * * * * * * * * * * * //

dimensions      [0 2 -2 0 0 0 0];

internalField   uniform (0 0 0);

boundaryField
{
    inlet
    {
        type            calculated;
        value           uniform (0 0 0);
    }
    outlet
    {
        type            calculated;
        value           uniform (0 0 0);
    }
    cylinder
    {
        type            calculated;
        value           nonuniform List<vector> 
132
(
(-2.2247743e-05 0.0018845878 -2.9824912e-22)
(-6.2902654e-05 0.0016159001 8.4633096e-23)
(-8.9044306e-05 0.001339224 4.6545e-21)
(-0.00010001141 0.0010587966 -1.554998e-20)
(-9.5526676e-05 0.00077860731 1.0925361e-20)
(-7.5951081e-05 0.00050424211 3.3223397e-20)
(-4.1906188e-05 0.00023942775 -6.2645969e-21)
(5.3583828e-06 -1.1169255e-05 -2.4701027e-20)
(6.3928395e-05 -0.00024363183 2.3175844e-20)
(0.00013235179 -0.00045435081 -5.1739597e-20)
(0.00020799493 -0.00064049556 -9.3782919e-22)
(0.00028833501 -0.00080002807 3.1902344e-20)
(0.00037082221 -0.00093180495 5.1867049e-20)
(0.00045301805 -0.0010356872 -4.2019689e-20)
(0.00053280586 -0.001112628 4.4151204e-20)
(0.00060861603 -0.0011645805 7.0945251e-20)
(0.00067958536 -0.0011946002 -4.6433335e-20)
(0.00074570559 -0.0012065845 7.442632e-20)
(0.00080819346 -0.0012054387 9.8364966e-20)
(0.00086944977 -0.00119653 -6.3799348e-20)
(0.00093366717 -0.0011860885 -8.1326737e-20)
(0.0010066782 -0.0011804635 2.8652037e-23)
(0.0010963508 -0.0011861226 1.1806549e-20)
(0.0012124936 -0.0012090652 -1.4143035e-20)
(0.0013658868 -0.0012535086 -2.4072544e-20)
(0.0015670188 -0.0013208222 5.150599e-21)
(0.0018216522 -0.001406459 -4.6514613e-20)
(0.0021308378 -0.0015017413 1.2426633e-20)
(0.0024844209 -0.0015911918 9.753485e-21)
(0.0028614984 -0.0016560069 -6.7112938e-20)
(0.0032409434 -0.0016824079 8.7456539e-20)
(0.0035993605 -0.0016603489 2.6423273e-21)
(0.0039076764 -0.0015824933 1.90089e-20)
(0.0041106005 -0.0014383307 -2.2473263e-20)
(0.0041169825 -0.0012182186 7.1222719e-20)
(0.0037845905 -0.00091908619 -4.491709e-21)
(0.002935597 -0.0005608881 1.8062643e-20)
(0.0013470267 -0.00019516317 -2.4719684e-21)
(-0.0011873626 7.4195477e-05 3.5342718e-21)
(-0.0048880822 0.00010165211 -2.19653e-21)
(-0.010119074 -0.00034117563 4.0864028e-21)
(-0.016800259 -0.0015642771 -1.2552938e-22)
(-0.024364588 -0.0037510368 4.5859966e-20)
(-0.032349083 -0.0069898698 -1.7608491e-20)
(-0.040137836 -0.01123616 1.5835862e-20)
(-0.047271488 -0.01636051 -1.0144821e-19)
(-0.053308782 -0.022128203 -1.6323465e-20)
(-0.057985542 -0.02827514 1.4311914e-19)
(-0.06113096 -0.034513448 -1.2200024e-19)
(-0.062707204 -0.040571334 -2.3315334e-21)
(-0.062727412 -0.046175646 3.7296852e-20)
(-0.061335132 -0.051127645 -3.4210223e-20)
(-0.058623773 -0.055186114 -6.8011484e-21)
(-0.054804339 -0.058210831 -4.4695432e-21)
(-0.050118039 -0.060117086 -7.7116008e-21)
(-0.044730751 -0.060758312 -1.5832367e-21)
(-0.038903978 -0.060125368 5.4583974e-22)
(-0.032855394 -0.05819155 4.6755257e-20)
(-0.026811787 -0.054984623 -7.2942483e-20)
(-0.020986689 -0.050561599 -7.8657948e-20)
(-0.015578667 -0.045010568 -3.2120684e-20)
(-0.010767636 -0.038449638 -7.3902993e-20)
(-0.006710094 -0.031021379 1.6524031e-20)
(-0.0035344429 -0.022891423 2.4070016e-20)
(-0.0013446567 -0.014254131 -3.7422463e-20)
(-0.00019822569 -0.0052752415 -4.9974673e-21)
(3.2417664e-05 0.0021435798 -1.3759322e-21)
(0.000101113 0.0023932831 -8.2155001e-23)
(0.00018449455 0.0026316385 -4.7253332e-21)
(0.00028137937 0.002853832 1.58669e-20)
(0.00039038036 0.0030551212 -1.1211085e-20)
(0.00050951263 0.0032307344 -3.4279425e-20)
(0.00063626655 0.0033762286 6.4977591e-21)
(0.00076768463 0.0034875587 2.5747793e-20)
(0.00090033439 0.0035614175 -2.4269654e-20)
(0.0010304504 0.0035953368 5.4411151e-20)
(0.0011541403 0.0035880799 9.8997637e-22)
(0.0012675146 0.0035395621 -3.3789943e-20)
(0.0013670612 0.0034514186 -5.5093122e-20)
(0.0014497058 0.0033264857 4.4739061e-20)
(0.0015133125 0.0031694171 -4.7097354e-20)
(0.0015567623 0.0029861049 -7.5787306e-20)
(0.0015803632 0.0027838725 4.9652227e-20)
(0.0015861132 0.0025712343 -7.9635337e-20)
(0.0015776642 0.0023571949 -1.0528127e-19)
(0.0015607799 0.0021514103 6.8287972e-20)
(0.0015432661 0.0019634845 8.7035764e-20)
(0.0015352411 0.0018028231 7.7943211e-20)
(0.0015493184 0.0016783105 6.4028951e-20)
(0.0016001102 0.001597295 1.512208e-20)
(0.0017035231 0.0015646539 2.5732858e-20)
(0.0018738957 0.0015803857 -5.5053972e-21)
(0.0021183627 0.0016361215 4.9725175e-20)
(0.0024365266 0.0017175415 -1.3289721e-20)
(0.0028111702 0.0018007386 -1.0438431e-20)
(0.0032085988 0.0018571714 7.1901259e-20)
(0.0035982214 0.0018682427 -9.3821033e-20)
(0.0039463522 0.0018209154 -2.8225993e-21)
(0.0042124284 0.001706597 4.655333e-20)
(0.0043272677 0.0015151148 2.4244765e-20)
(0.0041799538 0.0012382792 -7.703075e-20)
(0.0036071077 0.00087821974 4.8716274e-21)
(0.0024188384 0.00046630004 1.4329084e-20)
(0.00037541956 6.7501244e-05 2.6966514e-21)
(-0.0027173849 -0.00019687104 -3.8642526e-21)
(-0.0070152122 -0.00015438134 2.4051752e-21)
(-0.012894218 0.00042890014 -4.474707e-21)
(-0.020169923 0.0018733417 3.6184884e-20)
(-0.028137403 0.0043271943 -4.9938208e-20)
(-0.036320318 0.0078434335 1.9080959e-20)
(-0.044132408 0.012350559 -1.7064519e-20)
(-0.051108564 0.017684767 1.0864315e-19)
(-0.056857584 0.02359664 1.7376108e-20)
(-0.061168702 0.029822898 -1.5143449e-19)
(-0.063893647 0.036069084 1.2836541e-19)
(-0.06504071 0.04207724 2.4399569e-21)
(-0.064629053 0.047571887 -3.8831075e-20)
(-0.062838702 0.052377583 3.5445275e-20)
(-0.059745183 0.056238373 -5.6482124e-20)
(-0.055587302 0.059039342 4.5787344e-21)
(-0.050621948 0.060718408 -1.0778117e-20)
(-0.044987198 0.06110341 1.7414911e-21)
(-0.038963667 0.060214263 -5.64228e-22)
(-0.032763564 0.05802527 -4.7947865e-20)
(-0.026612448 0.054571742 7.4461218e-20)
(-0.020721558 0.049918019 8.001189e-20)
(-0.015285325 0.04415698 3.2573397e-20)
(-0.010479625 0.037412961 7.4735031e-20)
(-0.0064555216 0.029831922 -1.666624e-20)
(-0.0033358993 0.021584664 4.8027584e-20)
(-0.0012183741 0.012862608 3.7557314e-20)
(-0.00015638836 0.0038560923 5.0063656e-21)
)
;
    }
    frontAndBack
    {
        type            empty;
    }
}


// ************************************************************************* //
