/*--------------------------------*- C++ -*----------------------------------*\
  =========                 |
  \\      /  F ield         | OpenFOAM: The Open Source CFD Toolbox
   \\    /   O peration     | Website:  https://openfoam.org
    \\  /    A nd           | Version:  13
     \\/     M anipulation  |
\*---------------------------------------------------------------------------*/
FoamFile
{
    format      ascii;
    class       volVectorField;
    location    "42.199311";
    object      wallShearStress;
}
// * * * * * * * * * * * * * * * * * * * * * * * * * * * * * * * * * * * * * //

dimensions      [0 2 -2 0 0 0 0];

internalField   uniform (0 0 0);

boundaryField
{
    inlet
    {
        type            calculated;
        value           uniform (0 0 0);
    }
    outlet
    {
        type            calculated;
        value           uniform (0 0 0);
    }
    cylinder
    {
        type            calculated;
        value           nonuniform List<vector> 
132
(
(-9.4136437e-06 0.00093401015 -2.8283595e-22)
(-2.4234565e-05 0.00067066842 8.0609789e-23)
(-2.3949264e-05 0.0003963187 4.4520857e-21)
(-7.8688099e-06 0.00011626789 -1.4939539e-20)
(2.4520828e-05 -0.00016601342 1.0543402e-20)
(7.3099418e-05 -0.00044544334 3.2206318e-20)
(0.00013775824 -0.00071669016 -6.1001114e-21)
(0.00021703585 -0.0009742976 -2.4159737e-20)
(0.00030910144 -0.0012129012 2.276752e-20)
(0.00041142605 -0.0014274113 -5.1047014e-20)
(0.00052107513 -0.0016132124 -9.2909335e-22)
(0.00063459314 -0.001766449 3.173398e-20)
(0.00074822543 -0.0018842592 5.1790326e-20)
(0.00085815307 -0.00196506 -4.210805e-20)
(0.00096070503 -0.0020086243 4.4391124e-20)
(0.001052765 -0.0020164569 7.1547247e-20)
(0.0011318913 -0.0019914287 -4.6955256e-20)
(0.0011970452 -0.0019384877 7.5444091e-20)
(0.0012482798 -0.0018634031 9.9918739e-20)
(0.0012879657 -0.0017740433 -6.4921335e-20)
(0.001320215 -0.0016787152 -8.2878599e-20)
(0.0013514918 -0.001586381 2.9205979e-23)
(0.0013911486 -0.0015066114 1.2057086e-20)
(0.0014506946 -0.0014480604 -1.4453144e-20)
(0.001543596 -0.0014179109 -2.4612784e-20)
(0.0016833848 -0.0014199856 5.2680382e-21)
(0.0018818257 -0.0014537164 -4.7586773e-20)
(0.0021431346 -0.0015109305 1.2715653e-20)
(0.0024608324 -0.0015763538 9.9822741e-21)
(0.0028169253 -0.0016303089 -6.8705096e-20)
(0.003185082 -0.0016534231 8.9560277e-20)
(0.003537709 -0.0016319092 2.7068718e-21)
(0.0038389565 -0.0015547049 1.9480441e-20)
(0.0040292261 -0.0014099492 -2.3037593e-20)
(0.0040197985 -0.0011896065 7.3026045e-20)
(0.0036716921 -0.00089189331 -4.6056043e-21)
(0.0028099625 -0.00053730749 1.8517688e-20)
(0.0012139181 -0.00017723907 -2.5331823e-21)
(-0.001318969 8.5534173e-05 3.6192277e-21)
(-0.0049996492 0.00010482989 -2.2471034e-21)
(-0.010193582 -0.00034317705 4.1750571e-21)
(-0.016819971 -0.0015657594 -1.2805524e-22)
(-0.024312991 -0.0037428027 4.6713702e-20)
(-0.03222048 -0.0069618578 -1.7912366e-20)
(-0.039935577 -0.011179396 1.6091777e-20)
(-0.047001832 -0.016267086 -1.0301154e-19)
(-0.052985663 -0.021993993 -1.6569534e-20)
(-0.057624688 -0.028099139 1.4529254e-19)
(-0.060747471 -0.034296939 -1.2393436e-19)
(-0.062316418 -0.040318532 -2.3716566e-21)
(-0.062341963 -0.045891971 3.8027626e-20)
(-0.060966289 -0.050820279 -3.5018074e-20)
(-0.058281312 -0.054863856 -7.0124201e-21)
(-0.054493865 -0.057881184 -4.6791009e-21)
(-0.049843495 -0.059787926 -8.5046751e-21)
(-0.044496309 -0.060440064 -8.7889285e-22)
(-0.038710775 -0.059827018 5.0803673e-22)
(-0.032703085 -0.057922096 4.5022622e-20)
(-0.026698611 -0.054752927 -7.1113143e-20)
(-0.020909396 -0.05037593 -7.7185955e-20)
(-0.015532791 -0.044878803 -3.1649796e-20)
(-0.010747486 -0.038378884 -7.3034952e-20)
(-0.0067089401 -0.031018073 1.6368058e-20)
(-0.0035446457 -0.022961009 2.3890808e-20)
(-0.0013576627 -0.014401756 -3.7213082e-20)
(-0.0002045985 -0.0055041409 -4.9787807e-21)
(1.928964e-05 0.001185961 -1.2993847e-21)
(6.1290279e-05 0.0014272319 -7.7263975e-23)
(0.00011688946 0.001655847 -4.425496e-21)
(0.00018477565 0.0018675874 1.4798827e-20)
(0.00026352877 0.002058534 -1.041385e-20)
(0.00035128314 0.0022249639 -3.1714523e-20)
(0.00044578504 0.0023636571 5.988124e-21)
(0.00054443134 0.0024718925 2.3638781e-20)
(0.00064435525 0.0025477921 -2.220089e-20)
(0.00074258216 0.002590188 4.9601289e-20)
(0.00083619808 0.0025990854 8.9955544e-22)
(0.00092235963 0.0025752798 -3.060889e-20)
(0.00099868 0.002521001 -4.9765756e-20)
(0.0010631843 0.0024392348 4.0308671e-20)
(0.0011147051 0.0023342422 -4.2334506e-20)
(0.0011529573 0.0022111678 -6.7981748e-20)
(0.0011787604 0.0020760071 4.4457125e-20)
(0.0011943067 0.0019355937 -7.1190427e-20)
(0.0012029612 0.0017967958 -9.398998e-20)
(0.0012098018 0.0016669913 6.0895179e-20)
(0.0012214002 0.0015532877 7.754092e-20)
(0.0012464179 0.0014629168 6.9387402e-20)
(0.0012953887 0.0014024683 5.6965928e-20)
(0.0013809978 0.0013778056 1.3447434e-20)
(0.0015167502 0.0013924045 2.2874529e-20)
(0.0017148141 0.0014456072 -4.8923605e-21)
(0.0019831141 0.0015311743 4.4176883e-20)
(0.0023169102 0.001632875 -1.1804429e-20)
(0.002701451 0.001730192 -9.2697413e-21)
(0.0031081958 0.0017988682 6.3838917e-20)
(0.0035026374 0.0018184777 -8.3285301e-20)
(0.0038572523 0.0017796395 -2.5052308e-21)
(0.0041429608 0.0016781778 4.1313762e-20)
(0.0043017878 0.0015057369 2.1515115e-20)
(0.0042298752 0.0012523463 -6.8370323e-20)
(0.0037705254 0.00091676731 4.3258982e-21)
(0.002741263 0.00052574118 1.2735015e-20)
(0.00090873465 0.00013784907 2.4000518e-21)
(-0.0019226212 -0.00013494547 -3.4466052e-21)
(-0.0059430814 -0.00012770897 2.1512504e-21)
(-0.011520226 0.00038553014 -4.017305e-21)
(-0.018506019 0.0017206996 3.263191e-20)
(-0.026263318 0.0040408709 -4.5251706e-20)
(-0.034309269 0.0074108873 1.7367487e-20)
(-0.042038794 0.011766117 -1.5594113e-20)
(-0.049032403 0.016967837 9.9625826e-20)
(-0.054846859 0.022763897 1.5966889e-20)
(-0.05925384 0.028890949 -1.3931249e-19)
(-0.062110585 0.035063969 1.1801045e-19)
(-0.063396173 0.041014633 2.2374119e-21)
(-0.063136418 0.046474338 -3.5402865e-20)
(-0.061496649 0.051259957 3.1971562e-20)
(-0.058555527 0.055119409 -4.986612e-20)
(-0.054543489 0.057931432 3.8473352e-21)
(-0.04971725 0.059633877 -7.3871829e-21)
(-0.04421545 0.060055679 3.6557943e-21)
(-0.038315608 0.059213114 -6.5387641e-22)
(-0.032229737 0.057080064 -5.1492316e-20)
(-0.026182657 0.053690462 7.7655562e-20)
(-0.020385094 0.049107321 8.2172962e-20)
(-0.015031234 0.043422487 3.3141866e-20)
(-0.01029669 0.036758918 7.5565418e-20)
(-0.006332507 0.029261576 -1.6776165e-20)
(-0.0032614975 0.02109982 4.818079e-20)
(-0.0011815734 0.012463582 3.7575697e-20)
(-0.00014677117 0.0035431788 4.9975817e-21)
)
;
    }
    frontAndBack
    {
        type            empty;
    }
}


// ************************************************************************* //
