/*--------------------------------*- C++ -*----------------------------------*\
  =========                 |
  \\      /  F ield         | OpenFOAM: The Open Source CFD Toolbox
   \\    /   O peration     | Website:  https://openfoam.org
    \\  /    A nd           | Version:  13
     \\/     M anipulation  |
\*---------------------------------------------------------------------------*/
FoamFile
{
    format      ascii;
    class       volVectorField;
    location    "13.699992";
    object      wallShearStress;
}
// * * * * * * * * * * * * * * * * * * * * * * * * * * * * * * * * * * * * * //

dimensions      [0 2 -2 0 0 0 0];

internalField   uniform (0 0 0);

boundaryField
{
    inlet
    {
        type            calculated;
        value           uniform (0 0 0);
    }
    outlet
    {
        type            calculated;
        value           uniform (0 0 0);
    }
    cylinder
    {
        type            calculated;
        value           nonuniform List<vector> 
132
(
(4.6090876e-05 0.0010049775 -9.1749821e-23)
(0.00022870989 -0.0041279588 2.616433e-23)
(0.00069240157 -0.0091994768 1.4996471e-21)
(0.0014254599 -0.014041474 -5.3412844e-21)
(0.002396065 -0.018481405 4.0805722e-21)
(0.0035541922 -0.022357817 1.3655828e-20)
(0.0048310053 -0.025520646 -2.8474072e-21)
(0.0061428367 -0.027845322 -1.2394934e-20)
(0.007397997 -0.029242206 1.2758762e-20)
(0.0084986421 -0.029660675 -3.0943958e-20)
(0.0093503616 -0.029099652 -6.0170812e-22)
(0.0098698653 -0.027608696 2.1698729e-20)
(0.0099948405 -0.025291911 3.6860597e-20)
(0.0096952133 -0.022310798 -3.0777118e-20)
(0.0089807751 -0.018875056 3.2898877e-20)
(0.0079063045 -0.015229186 5.3157097e-20)
(0.0065675474 -0.011625151 -3.4642355e-20)
(0.0050877169 -0.0082949544 5.4880017e-20)
(0.0036012644 -0.0054184708 7.1341277e-20)
(0.0022310185 -0.003104463 -4.540514e-20)
(0.0010627852 -0.0013738648 -5.6787412e-20)
(0.00014683617 -0.00018939559 1.961279e-23)
(-0.00053016605 0.00056372499 7.9740408e-21)
(-0.00099822027 0.00099063328 -9.4230752e-21)
(-0.0013167915 0.0012076908 -1.5851953e-20)
(-0.0014328384 0.0012109 3.3535611e-21)
(-0.0012730895 0.00099090283 -2.9945354e-20)
(-0.00057504258 0.00041777949 7.9104495e-21)
(0.00062214755 -0.00038537324 6.1707002e-21)
(0.0019405692 -0.0011132042 -4.241432e-20)
(0.0030020302 -0.0015537662 5.5493315e-20)
(0.0035707075 -0.0016465189 1.6845199e-21)
(0.0038130195 -0.0015448357 1.2159833e-20)
(0.0039441111 -0.0013799302 -1.4395571e-20)
(0.0040798634 -0.0012054797 4.5663343e-20)
(0.0041088033 -0.00099416096 -2.8842608e-21)
(0.0038359697 -0.00072570979 1.1632618e-20)
(0.003048285 -0.00041859975 -1.5995478e-21)
(0.0015246946 -0.00013666866 2.3038697e-21)
(-0.00096930524 7.1496091e-06 -1.4469514e-21)
(-0.0048358899 -0.00016459842 2.731514e-21)
(-0.010213312 -0.00095913396 -8.5620344e-23)
(-0.016747831 -0.0025865642 3.1977196e-20)
(-0.024061469 -0.0052074173 -1.2565519e-20)
(-0.031594055 -0.0088525609 1.1555373e-20)
(-0.038824793 -0.013444018 -7.5518665e-20)
(-0.045263593 -0.018796514 -1.2358249e-20)
(-0.050531928 -0.024648948 1.096869e-19)
(-0.054376203 -0.030707567 -9.4181619e-20)
(-0.056702576 -0.036693339 -1.800676e-21)
(-0.057471154 -0.042312589 2.8550586e-20)
(-0.056794926 -0.047348556 -2.5562152e-20)
(-0.054760847 -0.051554629 -4.8080627e-21)
(-0.051556015 -0.0547648 -2.7276915e-21)
(-0.047418282 -0.056882456 -1.969997e-21)
(-0.042531341 -0.057774134 -6.0206087e-21)
(-0.037140633 -0.057403029 7.5312899e-22)
(-0.031474289 -0.055747971 5.5042996e-20)
(-0.025760083 -0.052830096 -8.0638328e-20)
(-0.020214825 -0.048704074 -8.4175156e-20)
(-0.015040145 -0.043456609 -3.372712e-20)
(-0.010418232 -0.037203987 -7.6688994e-20)
(-0.0065077289 -0.030088244 1.7019153e-20)
(-0.0034385564 -0.022274028 2.4676677e-20)
(-0.0013157449 -0.013955788 -3.8268077e-20)
(-0.0001973636 -0.0052978235 -5.1060158e-21)
(0.00014170342 0.0060883663 -4.3222304e-22)
(0.00051036083 0.011057349 -2.7091864e-23)
(0.0011440078 0.015797968 -1.6699376e-21)
(0.0020164592 0.020148617 6.1113922e-21)
(0.0030843858 0.023956124 -4.7476917e-21)
(0.0042872355 0.027078149 -1.5999763e-20)
(0.0055486074 0.029394465 3.3334724e-21)
(0.006784767 0.03081624 1.4418764e-20)
(0.0079040189 0.031289014 -1.4694846e-20)
(0.0088155299 0.030803327 3.5215136e-20)
(0.0094358791 0.029395383 6.7615224e-22)
(0.0096979395 0.027152014 -2.4062352e-20)
(0.0095609473 0.024213968 -4.0368548e-20)
(0.009019492 0.020772388 3.332122e-20)
(0.0081086872 0.017055693 -3.5262112e-20)
(0.0069048527 0.013309432 -5.6503487e-20)
(0.0055153331 0.009770312 3.6592584e-20)
(0.0040658207 0.0066353049 -5.7726359e-20)
(0.0026781593 0.0040356176 -7.4871262e-20)
(0.0014523381 0.0020278999 4.7621084e-20)
(0.00045002373 0.00059349867 5.9590684e-20)
(-0.00030849535 -0.00034862321 5.2498511e-20)
(-0.00085242633 -0.00091514934 4.2530452e-20)
(-0.0012231012 -0.0012168894 9.9252827e-21)
(-0.0014496105 -0.0013314978 1.6709196e-20)
(-0.0014379802 -0.0012175912 -3.5353309e-21)
(-0.001074548 -0.00084016469 3.1591127e-20)
(-0.00013519927 -0.00010918856 -8.3635763e-21)
(0.0011779879 0.00074203114 -6.5435073e-21)
(0.0024164246 0.0013907476 4.5102942e-20)
(0.0032724854 0.0016963152 -5.907363e-20)
(0.0036712256 0.0016940745 -1.7826e-21)
(0.0038454909 0.001558249 2.9432986e-20)
(0.0039816027 0.0013930561 1.5320023e-20)
(0.0041028774 0.0012126153 -4.8640422e-20)
(0.0040501445 0.00098078971 3.0759771e-21)
(0.0036278334 0.00068777301 9.0582821e-21)
(0.0026217994 0.00036274966 1.7098391e-21)
(0.00081245194 8.0909881e-05 -2.464551e-21)
(-0.0020493534 -3.2865185e-05 1.5478982e-21)
(-0.0063418341 0.00021554966 -2.9193815e-21)
(-0.012131625 0.0011355784 2.4059462e-20)
(-0.019009598 0.0029325173 -3.3928636e-20)
(-0.026538511 0.0057401703 1.32551e-20)
(-0.034131311 0.0095603086 -1.2109746e-20)
(-0.04132205 0.014306202 7.8593727e-20)
(-0.04757918 0.019755502 1.2761315e-20)
(-0.052586721 0.025647912 -1.12422e-19)
(-0.056131117 0.031695353 9.5725897e-20)
(-0.058127552 0.037612397 1.8143072e-21)
(-0.058568588 0.043117625 -2.8459083e-20)
(-0.057587336 0.048006382 2.5132428e-20)
(-0.055262222 0.052023782 -3.7193756e-20)
(-0.051801738 0.055023147 2.4744125e-21)
(-0.047458864 0.05692833 -1.1197554e-21)
(-0.042390193 0.057579422 7.1726431e-21)
(-0.036865634 0.056974818 -8.1970145e-22)
(-0.031102805 0.055086395 -5.8213426e-20)
(-0.025330575 0.051945043 8.4024209e-20)
(-0.019763071 0.047610497 8.6868148e-20)
(-0.014598525 0.04217388 3.4559948e-20)
(-0.010015609 0.035756735 7.8137879e-20)
(-0.0061682657 0.028503881 -1.7257379e-20)
(-0.0031816392 0.020584585 4.9413688e-20)
(-0.0011552776 0.012188943 3.8484577e-20)
(-0.00014460823 0.003508747 5.1185365e-21)
)
;
    }
    frontAndBack
    {
        type            empty;
    }
}


// ************************************************************************* //
