/*--------------------------------*- C++ -*----------------------------------*\
  =========                 |
  \\      /  F ield         | OpenFOAM: The Open Source CFD Toolbox
   \\    /   O peration     | Website:  https://openfoam.org
    \\  /    A nd           | Version:  13
     \\/     M anipulation  |
\*---------------------------------------------------------------------------*/
FoamFile
{
    format      ascii;
    class       volVectorField;
    location    "3.496418";
    object      wallShearStress;
}
// * * * * * * * * * * * * * * * * * * * * * * * * * * * * * * * * * * * * * //

dimensions      [0 2 -2 0 0 0 0];

internalField   uniform (0 0 0);

boundaryField
{
    inlet
    {
        type            calculated;
        value           uniform (0 0 0);
    }
    outlet
    {
        type            calculated;
        value           uniform (0 0 0);
    }
    cylinder
    {
        type            calculated;
        value           nonuniform List<vector> 
132
(
(0.00011736287 -0.0017431713 -1.9384573e-22)
(0.00049466186 -0.0098122597 5.6028853e-23)
(0.0013066043 -0.017654881 3.2306833e-21)
(0.0025173904 -0.02495087 -1.1521505e-20)
(0.0040553972 -0.031383546 8.7647655e-21)
(0.0058144262 -0.036658607 2.9072984e-20)
(0.0076557876 -0.040526518 -5.987363e-21)
(0.0094249936 -0.042802301 -2.567557e-20)
(0.010957854 -0.0433899 2.5989996e-20)
(0.012098977 -0.042300193 -6.1921396e-20)
(0.012722064 -0.039663578 -1.1826603e-21)
(0.012748205 -0.035725793 4.1874983e-20)
(0.012161778 -0.030834108 6.9942115e-20)
(0.01101882 -0.025407217 -5.7534615e-20)
(0.0094420359 -0.019885066 6.0770746e-20)
(0.0076039232 -0.014675963 9.739192e-20)
(0.0056922922 -0.01009796 -6.3228197e-20)
(0.0038833104 -0.0063476031 1.0020802e-19)
(0.002306412 -0.0034833572 1.3080199e-19)
(0.0010308072 -0.0014470179 -8.380657e-20)
(5.9927544e-05 -9.5998075e-05 -1.0564954e-19)
(-0.00062443911 0.00072186916 3.6871929e-23)
(-0.0010226395 0.0011045298 1.5043738e-20)
(-0.00098788627 0.00099209501 -1.7857207e-20)
(-0.00039306209 0.00037599354 -3.0148614e-20)
(0.00091460039 -0.00075110604 6.4069352e-21)
(0.00264835 -0.0020280996 -5.7736853e-20)
(0.0042560634 -0.0029910617 1.5449382e-20)
(0.0053308872 -0.0034141912 1.2184743e-20)
(0.0058161208 -0.0033703295 -8.427693e-20)
(0.0060123959 -0.0031262407 1.103434e-19)
(0.0061182599 -0.0028268772 3.3498603e-21)
(0.0061145995 -0.0024808378 2.4240093e-20)
(0.0058014917 -0.0020355979 -2.8868978e-20)
(0.004964104 -0.001476419 9.230772e-20)
(0.0033639805 -0.00082793305 -5.8805202e-21)
(0.00079253422 -0.00017067294 2.3900813e-20)
(-0.0029868811 0.00037299585 -3.3051865e-21)
(-0.0081354099 0.00062516618 4.765736e-21)
(-0.014621446 0.00035023613 -2.9796344e-21)
(-0.022841733 -0.00074318293 5.5544262e-21)
(-0.032359696 -0.002991964 -1.7012254e-22)
(-0.042173766 -0.006472794 6.1712789e-20)
(-0.051795439 -0.011173032 -2.3469951e-20)
(-0.06060001 -0.016948536 2.0886218e-20)
(-0.068171617 -0.023579114 -1.323766e-19)
(-0.074154572 -0.030764666 -2.1102366e-20)
(-0.07839311 -0.038211522 1.8363071e-19)
(-0.08077868 -0.045593102 -1.5579954e-19)
(-0.081360498 -0.052628456 -2.9737739e-21)
(-0.080184441 -0.05901633 4.7752435e-20)
(-0.077469632 -0.06456841 -4.4317477e-20)
(-0.07331494 -0.069008316 -9.0429208e-21)
(-0.067975117 -0.072193919 -6.3158989e-21)
(-0.061748486 -0.074062596 -1.3282724e-20)
(-0.054804499 -0.074437196 2.1764102e-21)
(-0.047449569 -0.0733289 4.0402266e-22)
(-0.039924906 -0.070710004 4.2856528e-20)
(-0.032487012 -0.066621411 -7.1422957e-20)
(-0.025374915 -0.061133037 -7.9452035e-20)
(-0.018811192 -0.054350519 -3.3016889e-20)
(-0.012996922 -0.046412054 -7.6791233e-20)
(-0.0081069438 -0.037483589 1.7292159e-20)
(-0.0042838268 -0.027755511 2.5311402e-20)
(-0.0016443144 -0.017454385 -3.9484654e-20)
(-0.00024974535 -0.0067612087 -5.2850235e-21)
(0.0001788144 0.0063227992 -8.9851971e-22)
(0.00067389074 0.014237632 -5.5277854e-23)
(0.0015866187 0.021767958 -3.3437179e-21)
(0.0028683339 0.028600033 1.2016378e-20)
(0.0044359526 0.034434141 -9.1817136e-21)
(0.0061735434 0.039000256 -3.0482828e-20)
(0.0079386405 0.042082912 6.2649528e-21)
(0.0095772221 0.04353944 2.675524e-20)
(0.010931608 0.043322611 -2.693459e-20)
(0.011860379 0.041495857 6.3775215e-20)
(0.012257282 0.038239044 1.2104252e-21)
(0.012067885 0.033839353 -4.2589452e-20)
(0.011302969 0.028673069 -7.0736881e-20)
(0.010040989 0.023165483 5.7912401e-20)
(0.0084205906 0.017742621 -6.0939173e-20)
(0.0066147941 0.012773854 -9.7408345e-20)
(0.0048012588 0.0085228546 6.3139288e-20)
(0.0031368256 0.0051321936 -1.000033e-19)
(0.0017214329 0.0026055818 -1.3053672e-19)
(0.00059918025 0.00085201358 8.3674169e-20)
(-0.00023426767 -0.00028153525 1.0552755e-19)
(-0.00079919723 -0.00092991958 9.3620052e-20)
(-0.0010419671 -0.0011280757 7.6245612e-20)
(-0.00088345578 -0.00089116608 1.7853589e-20)
(5.0904598e-06 -1.3650404e-05 3.0147032e-20)
(0.0014811106 0.0012296197 -6.419269e-21)
(0.0031928501 0.002450687 5.792924e-20)
(0.0046492139 0.003271255 -1.5526064e-20)
(0.0054849664 0.0035152074 -1.2252341e-20)
(0.0058421058 0.0033862223 8.4754352e-20)
(0.0060051259 0.0031227126 -1.1101393e-19)
(0.0060849153 0.0028118241 -3.3529445e-21)
(0.0060166384 0.0024418959 5.5587016e-20)
(0.0055729843 0.001956822 2.9138642e-20)
(0.0045467043 0.001354645 -9.331173e-20)
(0.0026961303 0.00066845287 5.9537351e-21)
(-0.0001855181 -1.0734027e-05 1.7673066e-20)
(-0.0043080029 -0.00055164142 3.3548818e-21)
(-0.0098003203 -0.00075869655 -4.8404265e-21)
(-0.016625126 -0.0004042974 3.0256476e-21)
(-0.025147315 0.00081440922 -5.6337619e-21)
(-0.034845594 0.0032186334 4.5399629e-20)
(-0.044713956 0.0068596802 -6.225752e-20)
(-0.054286254 0.011707678 2.3586795e-20)
(-0.062898683 0.01758889 -2.0896916e-20)
(-0.070207173 0.024280011 1.3182541e-19)
(-0.075880483 0.031477614 2.090184e-20)
(-0.079773847 0.038881619 -1.808455e-19)
(-0.08181495 0.046175175 1.5241163e-19)
(-0.082058287 0.053077098 2.8863246e-21)
(-0.080564189 0.059293146 -4.5884194e-20)
(-0.077565674 0.064645802 4.2011008e-20)
(-0.073154192 0.068854219 -6.7621839e-20)
(-0.067600117 0.071792865 5.6351212e-21)
(-0.06120869 0.073412132 -1.4693093e-20)
(-0.054131068 0.073519155 1.9956622e-22)
(-0.046688005 0.07214819 -5.3046702e-22)
(-0.039115579 0.069272187 -4.852781e-20)
(-0.031668945 0.064938404 7.7207543e-20)
(-0.024584847 0.05922277 8.38906e-20)
(-0.018082176 0.052235026 3.4351789e-20)
(-0.012358421 0.044118741 7.9064028e-20)
(-0.0075835215 0.035042332 -1.7659851e-20)
(-0.0038951841 0.02520129 5.0920456e-20)
(-0.0014044121 0.014814258 3.9812557e-20)
(-0.00017133238 0.0041029384 5.3025419e-21)
)
;
    }
    frontAndBack
    {
        type            empty;
    }
}


// ************************************************************************* //
