/*--------------------------------*- C++ -*----------------------------------*\
  =========                 |
  \\      /  F ield         | OpenFOAM: The Open Source CFD Toolbox
   \\    /   O peration     | Website:  https://openfoam.org
    \\  /    A nd           | Version:  13
     \\/     M anipulation  |
\*---------------------------------------------------------------------------*/
FoamFile
{
    format      ascii;
    class       volVectorField;
    location    "18.400264";
    object      wallShearStress;
}
// * * * * * * * * * * * * * * * * * * * * * * * * * * * * * * * * * * * * * //

dimensions      [0 2 -2 0 0 0 0];

internalField   uniform (0 0 0);

boundaryField
{
    inlet
    {
        type            calculated;
        value           uniform (0 0 0);
    }
    outlet
    {
        type            calculated;
        value           uniform (0 0 0);
    }
    cylinder
    {
        type            calculated;
        value           nonuniform List<vector> 
132
(
(5.131959e-05 -0.0022738873 -1.9684518e-22)
(0.00018417031 -0.0040052062 5.6361731e-23)
(0.00041382456 -0.0057133267 3.1372683e-21)
(0.00073744247 -0.0073602589 -1.0629658e-20)
(0.0011477054 -0.0089019715 7.5901507e-21)
(0.0016311711 -0.010287697 2.3497739e-20)
(0.0021670981 -0.011460877 -4.5159648e-21)
(0.0027266854 -0.012364691 -1.8157405e-20)
(0.0032758145 -0.012948262 1.736683e-20)
(0.003775499 -0.013173701 -3.9478597e-20)
(0.0041854435 -0.013021038 -7.2717034e-22)
(0.0044680114 -0.012492613 2.507968e-20)
(0.0045922992 -0.011614642 4.1208469e-20)
(0.0045392123 -0.010439362 -3.3626731e-20)
(0.0043041632 -0.0090398805 3.5467175e-20)
(0.0038996246 -0.0075057105 5.7024688e-20)
(0.0033568354 -0.0059371518 -3.7238156e-20)
(0.0027197277 -0.0044302198 5.9421072e-20)
(0.0020417782 -0.0030687308 7.8062268e-20)
(0.0013787775 -0.001915199 -5.0285138e-20)
(0.00077572951 -0.00099848581 -6.3651588e-20)
(0.00026551389 -0.00032145917 2.2227597e-23)
(-0.00013325715 0.00013800831 9.1202698e-21)
(-0.00040871692 0.00040488653 -1.0860663e-20)
(-0.00053369975 0.00049047195 -1.8384206e-20)
(-0.00045046058 0.00038400922 3.9123538e-21)
(-4.8940272e-05 4.5066851e-05 -3.5164849e-20)
(0.00065412681 -0.00045259497 9.3669311e-21)
(0.0015504581 -0.00098575152 7.3470854e-21)
(0.0024035112 -0.0013865967 -5.0640028e-20)
(0.003020861 -0.0015667832 6.6165302e-20)
(0.0033788855 -0.0015589699 2.0036128e-21)
(0.0035902638 -0.0014543788 1.4429779e-20)
(0.0037667807 -0.0013176351 -1.7063237e-20)
(0.0038945935 -0.0011510304 5.408227e-20)
(0.0038376022 -0.0009294034 -3.4117714e-21)
(0.0034216593 -0.00064883322 1.3730325e-20)
(0.0024479278 -0.0003389862 -1.881818e-21)
(0.00070447648 -7.160694e-05 2.6977709e-21)
(-0.0020496687 3.3523468e-05 -1.6837426e-21)
(-0.0061824292 -0.00021011767 3.1530494e-21)
(-0.011774707 -0.0011020772 -9.7816366e-23)
(-0.018447815 -0.0028459267 3.6147561e-20)
(-0.025794545 -0.0055794995 -1.4054256e-20)
(-0.033251283 -0.0093142212 1.280118e-20)
(-0.040364622 -0.013975201 -8.2997632e-20)
(-0.046612469 -0.019354718 -1.3492001e-20)
(-0.051671022 -0.025202352 1.192748e-19)
(-0.055319625 -0.031238347 -1.0220876e-19)
(-0.057455122 -0.037178667 -1.956753e-21)
(-0.058068799 -0.042751221 3.1193096e-20)
(-0.057257747 -0.047733285 -2.8277017e-20)
(-0.055123258 -0.051894993 -5.4676433e-21)
(-0.051840768 -0.055066648 -3.3393852e-21)
(-0.04764606 -0.057155324 -4.1444729e-21)
(-0.042722816 -0.058034102 -4.1940861e-21)
(-0.037307706 -0.057661369 6.5953838e-22)
(-0.031627073 -0.056019008 5.0909697e-20)
(-0.025904411 -0.053126885 -7.6387227e-20)
(-0.020353175 -0.049038705 -8.080341e-20)
(-0.015172179 -0.043840163 -3.2649189e-20)
(-0.010540933 -0.037645473 -7.4669408e-20)
(-0.0066162141 -0.03059553 1.6641838e-20)
(-0.0035261922 -0.022851945 2.4210556e-20)
(-0.0013749032 -0.014610707 -3.764826e-20)
(-0.00021848 -0.0060230856 -5.0352945e-21)
(1.3102417e-05 -0.00053739735 -9.0196012e-22)
(6.9547193e-05 0.001202574 -5.3628011e-23)
(0.00022162009 0.002929421 -3.0779661e-21)
(0.00046865591 0.0046074896 1.0341448e-20)
(0.00080425725 0.0061956078 -7.3296924e-21)
(0.0012168528 0.0076469236 -2.2533954e-20)
(0.001688005 0.0089082798 4.3033645e-21)
(0.0021916199 0.0099236345 1.7205856e-20)
(0.0026944453 0.010640106 -1.6378532e-20)
(0.0031589823 0.011015669 3.7086653e-20)
(0.0035452419 0.011025049 6.8100648e-22)
(0.0038154154 0.010665614 -2.3431705e-20)
(0.0039378896 0.0099587209 -3.8434905e-20)
(0.0038933421 0.0089542924 3.1326915e-20)
(0.0036770222 0.0077238385 -3.3018324e-20)
(0.003302536 0.0063581352 -5.3069212e-20)
(0.0028002478 0.0049546595 3.4654876e-20)
(0.0022146031 0.0036095113 -5.5310348e-20)
(0.0015986355 0.0024049509 -7.2692118e-20)
(0.0010019534 0.0013942671 4.6851508e-20)
(0.00046844272 0.00060619713 5.9338711e-20)
(2.1073994e-05 3.3168238e-05 5.2828205e-20)
(-0.00032181421 -0.00034331945 4.3157745e-20)
(-0.00054766816 -0.00054485647 1.0138874e-20)
(-0.00058395564 -0.00053787574 1.7165958e-20)
(-0.00043935973 -0.00037561155 -3.6549825e-21)
(6.7475727e-05 4.373039e-05 3.2859857e-20)
(0.00086331673 0.00059994271 -8.762277e-21)
(0.0017647486 0.0011236764 -6.8803384e-21)
(0.0025535623 0.0014745274 4.7477679e-20)
(0.0030674383 0.0015918811 -6.207017e-20)
(0.0033516824 0.0015468714 -1.8693559e-21)
(0.0035327473 0.0014311943 3.0821085e-20)
(0.0037014213 0.0012948912 1.6036142e-20)
(0.0037974022 0.0011226651 -5.0902741e-20)
(0.0036706119 0.00088967318 3.217641e-21)
(0.0031432657 0.0005973291 9.4663624e-21)
(0.0020152384 0.00028179434 1.7840384e-21)
(7.790151e-05 2.2057819e-05 -2.5651277e-21)
(-0.0029077247 -5.394211e-05 1.6055191e-21)
(-0.0072911077 0.00024770516 -3.0138027e-21)
(-0.013108546 0.0012243703 2.468402e-20)
(-0.019925012 0.0030713973 -3.4574288e-20)
(-0.027316007 0.0059062528 1.3415181e-20)
(-0.034719187 0.0097230599 -1.2173629e-20)
(-0.041668518 0.014424723 7.8492861e-20)
(-0.047678862 0.019795353 1.2669431e-20)
(-0.05245587 0.025582509 -1.1095689e-19)
(-0.055794389 0.031503848 9.3940345e-20)
(-0.057626422 0.037286939 1.7693313e-21)
(-0.057941652 0.042655046 -2.7547737e-20)
(-0.056876315 0.047412735 2.407354e-20)
(-0.054502388 0.05130764 -3.4963444e-20)
(-0.051028438 0.054201003 2.2102618e-21)
(-0.046699856 0.056017122 1.599578e-22)
(-0.041666445 0.056595553 7.9049095e-21)
(-0.036195375 0.055938089 -8.5324813e-22)
(-0.030498815 0.054015654 -5.9446094e-20)
(-0.02480148 0.05085878 8.496931e-20)
(-0.019313669 0.046526197 8.731153e-20)
(-0.014230245 0.041107615 3.4587856e-20)
(-0.0097270273 0.03472291 7.7945337e-20)
(-0.005955582 0.027515045 -1.7168712e-20)
(-0.003039039 0.019651146 4.9044788e-20)
(-0.0010755818 0.011317465 3.8114829e-20)
(-0.00012085909 0.0027126089 5.0587489e-21)
)
;
    }
    frontAndBack
    {
        type            empty;
    }
}


// ************************************************************************* //
