/*--------------------------------*- C++ -*----------------------------------*\
  =========                 |
  \\      /  F ield         | OpenFOAM: The Open Source CFD Toolbox
   \\    /   O peration     | Website:  https://openfoam.org
    \\  /    A nd           | Version:  13
     \\/     M anipulation  |
\*---------------------------------------------------------------------------*/
FoamFile
{
    format      ascii;
    class       volVectorField;
    location    "32.698632";
    object      wallShearStress;
}
// * * * * * * * * * * * * * * * * * * * * * * * * * * * * * * * * * * * * * //

dimensions      [0 2 -2 0 0 0 0];

internalField   uniform (0 0 0);

boundaryField
{
    inlet
    {
        type            calculated;
        value           uniform (0 0 0);
    }
    outlet
    {
        type            calculated;
        value           uniform (0 0 0);
    }
    cylinder
    {
        type            calculated;
        value           nonuniform List<vector> 
132
(
(2.3220462e-05 -0.0014169294 -2.6209305e-22)
(7.4180184e-05 -0.0017220555 7.4699673e-23)
(0.00014288218 -0.0020199064 4.1259632e-21)
(0.00022841841 -0.0023050821 -1.384549e-20)
(0.00032969226 -0.002572101 9.7710344e-21)
(0.00044497314 -0.0028153905 2.9843666e-20)
(0.00057189192 -0.0030295518 -5.6514551e-21)
(0.00070740943 -0.003209592 -2.2375438e-20)
(0.00084800499 -0.0033510946 2.1075972e-20)
(0.0009897309 -0.0034505526 -4.7223849e-20)
(0.0011282803 -0.0035054499 -8.5882271e-22)
(0.0012593136 -0.0035148049 2.9303741e-20)
(0.0013785496 -0.003478874 4.7768152e-20)
(0.0014823074 -0.0033999945 -3.8785993e-20)
(0.0015674857 -0.00328179 4.0829024e-20)
(0.0016321819 -0.0031298673 6.5702417e-20)
(0.0016758218 -0.002951286 -4.3048666e-20)
(0.0016995665 -0.0027545516 6.9051692e-20)
(0.0017067985 -0.0025496603 9.1301185e-20)
(0.0017028417 -0.0023468697 -5.9227775e-20)
(0.0016957968 -0.00215729 -7.5497649e-20)
(0.0016962615 -0.001991744 2.657576e-23)
(0.0017178286 -0.0018607726 1.0956065e-20)
(0.0017764879 -0.0017733604 -1.3121366e-20)
(0.001889419 -0.0017354623 -2.2330838e-20)
(0.0020721997 -0.0017477307 4.7782336e-21)
(0.002334543 -0.0018032235 -4.3167089e-20)
(0.0026721772 -0.0018838224 1.1541166e-20)
(0.0030677835 -0.0019652717 9.069596e-21)
(0.0034880608 -0.002019125 -6.2517935e-20)
(0.0038860456 -0.0020179914 8.1656473e-20)
(0.0042238407 -0.001949323 2.4738771e-21)
(0.0044659691 -0.0018097037 1.7853604e-20)
(0.0045432493 -0.0015911083 -2.1184892e-20)
(0.004349609 -0.0012888253 6.7417891e-20)
(0.0037330715 -0.00090899063 -4.2708642e-21)
(0.0025170838 -0.00048493373 1.7254007e-20)
(0.0004807565 -8.1561524e-05 -2.3718515e-21)
(-0.0025589508 0.00018453504 3.4042127e-21)
(-0.0067684593 0.00014847988 -2.122151e-21)
(-0.012516168 -0.00041672817 3.9557556e-21)
(-0.019698222 -0.001830176 -1.2162789e-22)
(-0.027683858 -0.0042584484 4.4421124e-20)
(-0.03601785 -0.0077794706 -1.7044939e-20)
(-0.044118762 -0.01234819 1.5319127e-20)
(-0.051542963 -0.017836719 -9.807855e-20)
(-0.057832517 -0.024004266 -1.5775189e-20)
(-0.062722479 -0.030583821 1.3828518e-19)
(-0.06602514 -0.037275915 -1.1786758e-19)
(-0.067686437 -0.043792573 -2.2522821e-21)
(-0.067712447 -0.0498453 3.601675e-20)
(-0.066232634 -0.055210312 -3.3001038e-20)
(-0.063347507 -0.059633387 -6.5472091e-21)
(-0.05927764 -0.062962873 -4.2769298e-21)
(-0.054262985 -0.065089851 -7.2062873e-21)
(-0.048486824 -0.065861308 -1.8445793e-21)
(-0.042226791 -0.065262029 5.5073325e-22)
(-0.03571604 -0.063259793 4.6596734e-20)
(-0.029199605 -0.05988355 -7.2422854e-20)
(-0.022907788 -0.055192685 -7.7996347e-20)
(-0.017055675 -0.049281775 -3.1844318e-20)
(-0.011838003 -0.042277318 -7.3300519e-20)
(-0.007424686 -0.034334057 1.6404308e-20)
(-0.0039544809 -0.025629708 2.392771e-20)
(-0.0015412316 -0.016380472 -3.726623e-20)
(-0.00024469897 -0.0067496452 -4.9877261e-21)
(-1.1036839e-05 -0.0011067886 -1.2040822e-21)
(-2.8549718e-05 -0.00079101113 -7.1598887e-23)
(-2.8634722e-05 -0.00047084438 -4.1014961e-21)
(-1.0985218e-05 -0.00015226838 1.3718328e-20)
(2.406629e-05 0.00015993485 -9.6567738e-21)
(7.5588091e-05 0.00046063072 -2.9423594e-20)
(0.00014295662 0.00074436609 5.5591678e-21)
(0.00022392804 0.0010061235 2.1963589e-20)
(0.00031609308 0.001241336 -2.0648587e-20)
(0.00041658365 0.0014460468 4.6188942e-20)
(0.00052217102 0.0016171689 8.3881754e-22)
(0.00062944548 0.0017526419 -2.8588423e-20)
(0.00073509178 0.0018516373 -4.6561955e-20)
(0.00083596018 0.0019145996 3.7784825e-20)
(0.00092945156 0.001943524 -3.9762803e-20)
(0.0010136601 0.0019416667 -6.3983552e-20)
(0.0010878659 0.0019139329 4.1929843e-20)
(0.0011525519 0.0018662334 -6.7282841e-20)
(0.0012099817 0.0018058488 -8.9010766e-20)
(0.0012643889 0.0017409954 5.7780618e-20)
(0.0013220588 0.0016802848 7.3708427e-20)
(0.0013919954 0.0016329587 6.6068178e-20)
(0.0014850309 0.0016071695 5.4323741e-20)
(0.001614007 0.0016098914 1.2841475e-20)
(0.0017910771 0.0016441242 2.1871503e-20)
(0.002025482 0.0017076769 -4.6833275e-21)
(0.0023192018 0.0017910903 4.233655e-20)
(0.0026667143 0.0018799963 -1.1324759e-20)
(0.0030476339 0.0019526356 -8.9031177e-21)
(0.0034292291 0.0019854141 6.1386244e-20)
(0.0037862947 0.0019664693 -8.0190082e-20)
(0.0040871664 0.0018865165 -2.4158013e-21)
(0.0042846221 0.0017365977 3.9911364e-20)
(0.0042995126 0.0015063613 2.0827646e-20)
(0.004015847 0.0011909577 -6.6325211e-20)
(0.0032733437 0.00079887991 4.2048079e-21)
(0.0018933195 0.00036875323 1.2397411e-20)
(-0.00034286669 -2.7664554e-05 2.3381934e-21)
(-0.0036257016 -0.00027077909 -3.3561437e-21)
(-0.0080657442 -0.0001830835 2.0914741e-21)
(-0.014032558 0.00046381036 -3.8936687e-21)
(-0.021387452 0.0019844316 3.1491301e-20)
(-0.029435376 0.004525243 -4.3456888e-20)
(-0.037729635 0.0081466994 1.6598837e-20)
(-0.045702589 0.012789439 -1.4835803e-20)
(-0.052894774 0.018302463 9.4349556e-20)
(-0.058894444 0.024442241 1.506015e-20)
(-0.063464433 0.030942809 -1.3080542e-19)
(-0.066424892 0.037498877 1.1025504e-19)
(-0.067763167 0.043839493 2.0768965e-21)
(-0.067468074 0.04966267 -3.2560303e-20)
(-0.065727797 0.05478676 2.8987532e-20)
(-0.062585763 0.058913095 -4.3984524e-20)
(-0.05830607 0.061927873 3.184478e-21)
(-0.053162115 0.06376591 -4.2378541e-21)
(-0.047273396 0.064209085 5.4645419e-21)
(-0.040958896 0.063297915 -7.4011645e-22)
(-0.034437211 0.060989234 -5.4961599e-20)
(-0.02795421 0.05732261 8.0847628e-20)
(-0.021737305 0.052363725 8.4394781e-20)
(-0.015997206 0.046211271 3.3752594e-20)
(-0.010924772 0.038998205 7.6528185e-20)
(-0.0066842317 0.030881463 -1.6923812e-20)
(-0.0034089301 0.022044966 4.8469852e-20)
(-0.0012061284 0.012693296 3.7726734e-20)
(-0.00013544644 0.0030445527 5.0109189e-21)
)
;
    }
    frontAndBack
    {
        type            empty;
    }
}


// ************************************************************************* //
