/*--------------------------------*- C++ -*----------------------------------*\
  =========                 |
  \\      /  F ield         | OpenFOAM: The Open Source CFD Toolbox
   \\    /   O peration     | Website:  https://openfoam.org
    \\  /    A nd           | Version:  13
     \\/     M anipulation  |
\*---------------------------------------------------------------------------*/
FoamFile
{
    format      ascii;
    class       volVectorField;
    location    "34.897844";
    object      wallShearStress;
}
// * * * * * * * * * * * * * * * * * * * * * * * * * * * * * * * * * * * * * //

dimensions      [0 2 -2 0 0 0 0];

internalField   uniform (0 0 0);

boundaryField
{
    inlet
    {
        type            calculated;
        value           uniform (0 0 0);
    }
    outlet
    {
        type            calculated;
        value           uniform (0 0 0);
    }
    cylinder
    {
        type            calculated;
        value           nonuniform List<vector> 
132
(
(-6.0754122e-06 0.00073844616 -2.6893426e-22)
(-1.3473521e-05 0.00043318377 7.6334757e-23)
(-5.1047382e-06 0.00012848944 4.1999499e-21)
(2.0323697e-05 -0.00017073514 -1.4037295e-20)
(6.1467175e-05 -0.00045960903 9.8671408e-21)
(0.00011803213 -0.0007331239 3.0019302e-20)
(0.00018808644 -0.00098651965 -5.6630441e-21)
(0.00026951568 -0.0012154584 -2.2339031e-20)
(0.00035979948 -0.0014161185 2.0968107e-20)
(0.00045606385 -0.0015854288 -4.6828076e-20)
(0.00055521156 -0.0017212213 -8.490638e-22)
(0.00065405877 -0.0018224235 2.8889885e-20)
(0.00074959118 -0.0018891255 4.697725e-20)
(0.00083915859 -0.0019226783 -3.80616e-20)
(0.00092065718 -0.001925721 3.9992556e-20)
(0.00099277639 -0.0019021173 6.4258564e-20)
(0.0010552788 -0.0018569438 -4.2051174e-20)
(0.0011091305 -0.001796178 6.7389866e-20)
(0.0011569295 -0.0017268449 8.9044961e-20)
(0.0012030556 -0.0016566533 -5.7740444e-20)
(0.0012538725 -0.0015936742 -7.358574e-20)
(0.001318199 -0.001546389 2.5918772e-23)
(0.0014067593 -0.0015224117 1.0679019e-20)
(0.0015324325 -0.0015284279 -1.279181e-20)
(0.0017078997 -0.0015676245 -2.1774932e-20)
(0.0019433223 -0.0016382069 4.6603877e-21)
(0.0022433111 -0.0017322408 -4.2110272e-20)
(0.0026011314 -0.0018335007 1.1259525e-20)
(0.0029994065 -0.001921432 8.847604e-21)
(0.0034087643 -0.001973267 -6.0971946e-20)
(0.0037938719 -0.0019701493 7.9604195e-20)
(0.0041252058 -0.0019037688 2.4104524e-21)
(0.0043698075 -0.001770649 1.7386088e-20)
(0.0044601258 -0.0015618652 -2.0618145e-20)
(0.0042897172 -0.0012709097 6.5576062e-20)
(0.0037063768 -0.00090225716 -4.1517722e-21)
(0.0025345025 -0.00048785852 1.676354e-20)
(0.00055461447 -9.1088572e-05 -2.3032954e-21)
(-0.0024170842 0.00017375385 3.3045231e-21)
(-0.0065557463 0.000143362 -2.0594858e-21)
(-0.012226677 -0.0004074589 3.8385739e-21)
(-0.01933683 -0.0017969025 -1.1803551e-22)
(-0.027267468 -0.004194705 4.3115149e-20)
(-0.035567038 -0.0076824095 -1.6546175e-20)
(-0.043651406 -0.012217669 1.4871248e-20)
(-0.051068585 -0.017672813 -9.5188724e-20)
(-0.057364473 -0.023810274 -1.5301816e-20)
(-0.062268078 -0.030362482 1.3398971e-19)
(-0.065587725 -0.037029154 -1.1400421e-19)
(-0.067269927 -0.043523236 -2.1724162e-21)
(-0.067314704 -0.049552602 3.4585674e-20)
(-0.065858168 -0.054898219 -3.1465949e-20)
(-0.062990627 -0.059297372 -6.1600231e-21)
(-0.058938012 -0.062602067 -3.9106136e-21)
(-0.053945437 -0.064708793 -5.890229e-21)
(-0.048187173 -0.065454019 -2.9468161e-21)
(-0.041946702 -0.064828767 6.0630824e-22)
(-0.035455964 -0.062798591 4.8978341e-20)
(-0.028960731 -0.059392855 -7.4763826e-20)
(-0.02269178 -0.054671072 -7.9740118e-20)
(-0.016864531 -0.048727691 -3.2356511e-20)
(-0.011674258 -0.041689703 -7.4155845e-20)
(-0.0072911235 -0.033711516 1.6540235e-20)
(-0.0038543404 -0.024971906 2.4058699e-20)
(-0.0014779423 -0.01568391 -3.7378037e-20)
(-0.000223208 -0.0060204799 -4.9909762e-21)
(1.8060795e-05 0.0010422212 -1.240373e-21)
(5.869362e-05 0.0013449763 -7.4047541e-23)
(0.00011702447 0.0016448555 -4.2584972e-21)
(0.00019251224 0.0019365499 1.4298997e-20)
(0.00028443 0.0022145446 -1.0104034e-20)
(0.00039140917 0.0024730955 -3.0900244e-20)
(0.00051141604 0.0027064892 5.8589996e-21)
(0.00064167503 0.0029092716 2.322656e-20)
(0.00077893771 0.0030764786 -2.1905146e-20)
(0.00091936735 0.0032038622 4.9142635e-20)
(0.0010587457 0.0032882725 8.9479195e-22)
(0.0011926363 0.0033277553 -3.0568108e-20)
(0.0013167253 0.00332206 -4.9886931e-20)
(0.0014269727 0.0032724045 4.0551884e-20)
(0.0015202055 0.0031822328 -4.2733607e-20)
(0.0015940995 0.0030563547 -6.8837417e-20)
(0.0016479442 0.0029017645 4.5145753e-20)
(0.0016827164 0.0027268649 -7.2479998e-20)
(0.0017014507 0.0025413271 -9.5912214e-20)
(0.0017097993 0.002356134 6.2265297e-20)
(0.0017158694 0.0021825104 7.9422607e-20)
(0.0017308489 0.0020320493 7.1175914e-20)
(0.0017684872 0.0019153593 5.8507358e-20)
(0.001844703 0.0018412146 1.3826163e-20)
(0.0019755038 0.0018143769 2.35414e-20)
(0.0021744106 0.001833899 -5.0395904e-21)
(0.0024482991 0.001891183 4.5549106e-20)
(0.0027893287 0.0019666339 -1.2183761e-20)
(0.0031762654 0.0020350947 -9.579246e-21)
(0.0035744071 0.0020694843 6.6064086e-20)
(0.0039410885 0.0020469538 -8.6331968e-20)
(0.0042395844 0.0019570235 -2.6017797e-21)
(0.0044219642 0.0017924962 4.2999998e-20)
(0.0044017154 0.0015425065 2.2446906e-20)
(0.0040587296 0.001204168 -7.1500577e-20)
(0.0032288984 0.00078884934 4.5336033e-21)
(0.0017300455 0.00033891575 1.3366675e-20)
(-0.00065842586 -6.9103041e-05 2.5204165e-21)
(-0.0041309085 -0.00031064073 -3.6157104e-21)
(-0.0087725318 -0.00020132212 2.2512941e-21)
(-0.014958437 0.00049305221 -4.1859521e-21)
(-0.022525979 0.0020888649 3.3800731e-20)
(-0.030740304 0.0047246306 -4.6563598e-20)
(-0.039157071 0.008453706 1.7757235e-20)
(-0.047203195 0.013208258 -1.5851057e-20)
(-0.054419279 0.018828909 1.0073083e-19)
(-0.060404295 0.025067653 1.6078823e-20)
(-0.064929265 0.0316559 -1.3979269e-19)
(-0.067822711 0.038287004 1.1811269e-19)
(-0.069078568 0.044689639 2.2346034e-21)
(-0.0686926 0.050563318 -3.5298883e-20)
(-0.066854112 0.055724999 3.1838129e-20)
(-0.063613517 0.059880141 -4.9577269e-20)
(-0.059236106 0.062915398 3.8213013e-21)
(-0.053992734 0.064762097 -7.2908998e-21)
(-0.048009074 0.065208413 3.6773e-21)
(-0.041602507 0.064292868 -6.5298312e-22)
(-0.034992827 0.061973849 -5.135444e-20)
(-0.028426316 0.058291684 7.7419078e-20)
(-0.02213055 0.053312537 8.1921859e-20)
(-0.016316498 0.047135935 3.3047418e-20)
(-0.011175073 0.03989541 7.5378905e-20)
(-0.0068705061 0.031748441 -1.6743912e-20)
(-0.0035361952 0.022879622 4.812286e-20)
(-0.0012792029 0.013495486 3.7565824e-20)
(-0.00015793336 0.0038069469 5.002224e-21)
)
;
    }
    frontAndBack
    {
        type            empty;
    }
}


// ************************************************************************* //
