/*--------------------------------*- C++ -*----------------------------------*\
  =========                 |
  \\      /  F ield         | OpenFOAM: The Open Source CFD Toolbox
   \\    /   O peration     | Website:  https://openfoam.org
    \\  /    A nd           | Version:  13
     \\/     M anipulation  |
\*---------------------------------------------------------------------------*/
FoamFile
{
    format      ascii;
    class       volVectorField;
    location    "37.797061";
    object      wallShearStress;
}
// * * * * * * * * * * * * * * * * * * * * * * * * * * * * * * * * * * * * * //

dimensions      [0 2 -2 0 0 0 0];

internalField   uniform (0 0 0);

boundaryField
{
    inlet
    {
        type            calculated;
        value           uniform (0 0 0);
    }
    outlet
    {
        type            calculated;
        value           uniform (0 0 0);
    }
    cylinder
    {
        type            calculated;
        value           nonuniform List<vector> 
132
(
(1.5477281e-05 -0.00088586989 -2.682646e-22)
(5.0400524e-05 -0.0011527215 7.6516338e-23)
(0.00010095714 -0.001417792 4.2293118e-21)
(0.00016674023 -0.0016764682 -1.4202627e-20)
(0.00024719011 -0.0019239646 1.0030367e-20)
(0.00034118922 -0.0021552631 3.0658149e-20)
(0.00044703734 -0.0023653377 -5.8099809e-21)
(0.00056237148 -0.0025493333 -2.3020309e-20)
(0.0006844032 -0.0027027659 2.1699873e-20)
(0.00080978947 -0.0028216966 -4.865938e-20)
(0.00093480997 -0.0029030834 -8.8561192e-22)
(0.0010554843 -0.0029448359 3.0242264e-20)
(0.0011678693 -0.002946308 4.9337318e-20)
(0.0012681592 -0.0029080566 -4.0092247e-20)
(0.0013532164 -0.0028325733 4.2237178e-20)
(0.0014205729 -0.0027236099 6.8021257e-20)
(0.0014689015 -0.0025865213 -4.4600774e-20)
(0.0014982854 -0.0024280962 7.1592308e-20)
(0.001510492 -0.0022563001 9.4721912e-20)
(0.0015093961 -0.0020802733 -6.148356e-20)
(0.0015007439 -0.0019092924 -7.8413654e-20)
(0.0014928006 -0.0017531028 2.7608648e-23)
(0.0014961911 -0.0016210661 1.1387892e-20)
(0.0015240794 -0.0015218472 -1.3641261e-20)
(0.0015917725 -0.0014625314 -2.3216361e-20)
(0.0017148724 -0.001446747 4.966868e-21)
(0.0019063035 -0.0014726643 -4.4851977e-20)
(0.0021733173 -0.0015321217 1.1982818e-20)
(0.0025066339 -0.001605555 9.4071115e-21)
(0.0028838641 -0.0016689098 -6.4756804e-20)
(0.0032745168 -0.0016997747 8.4441666e-20)
(0.0036403157 -0.0016792389 2.5533801e-21)
(0.0039497561 -0.0015995511 1.8385194e-20)
(0.0041538782 -0.0014534596 -2.1756353e-20)
(0.0041655222 -0.0012324973 6.902263e-20)
(0.0038479006 -0.00093423064 -4.3578388e-21)
(0.0030297344 -0.00057833 1.754603e-20)
(0.0014921664 -0.00021432092 -2.4045469e-21)
(-0.0009686612 5.688968e-05 3.4430472e-21)
(-0.0045752388 9.4037793e-05 -2.143271e-21)
(-0.0096822406 -0.00032718289 3.9944592e-21)
(-0.016228104 -0.0015115541 -1.2295044e-22)
(-0.023659579 -0.003643013 4.5006245e-20)
(-0.031526515 -0.0068126747 -1.7316112e-20)
(-0.039237144 -0.010984447 1.5604735e-20)
(-0.046317859 -0.016030856 -1.001639e-19)
(-0.05233544 -0.021724839 -1.6150755e-20)
(-0.057024499 -0.027807166 1.4190018e-19)
(-0.060204858 -0.033991243 -1.2124253e-19)
(-0.061838223 -0.040009753 -2.3230823e-21)
(-0.061930241 -0.04558947 3.7281701e-20)
(-0.060620673 -0.050532743 -3.4343446e-20)
(-0.058002506 -0.054601969 -6.8746371e-21)
(-0.054277291 -0.057651688 -4.576289e-21)
(-0.049682757 -0.059595696 -8.2367155e-21)
(-0.044389218 -0.060295241 -1.0218595e-21)
(-0.038650837 -0.059735103 5.1125375e-22)
(-0.032684011 -0.057889166 4.4991871e-20)
(-0.026713434 -0.05478438 -7.0921218e-20)
(-0.020950476 -0.050476276 -7.692388e-20)
(-0.015592145 -0.045052194 -3.1537762e-20)
(-0.010816549 -0.038628331 -7.2787893e-20)
(-0.0067789518 -0.031346432 1.631845e-20)
(-0.0036064071 -0.023369438 2.3830955e-20)
(-0.0014019725 -0.014893719 -3.7144738e-20)
(-0.00022105333 -0.0060724688 -4.9738527e-21)
(-4.8922849e-06 -0.00061878683 -1.2315043e-21)
(-1.0659199e-05 -0.00035092232 -7.317498e-23)
(-2.5059759e-06 -8.4148684e-05 -4.1881703e-21)
(2.05175e-05 0.000177398 1.3996006e-20)
(5.7255883e-05 0.0004294918 -9.8432996e-21)
(0.00010741662 0.00066778782 -2.9962261e-20)
(0.00016926725 0.0008881531 5.655132e-21)
(0.00024094779 0.0010868257 2.2318672e-20)
(0.00032022476 0.0012604838 -2.0958771e-20)
(0.00040455751 0.0014064567 4.6827963e-20)
(0.00049120529 0.0015228481 8.494126e-22)
(0.00057732287 0.0016087265 -2.8913179e-20)
(0.00066027571 0.0016641379 -4.7032043e-20)
(0.00073766692 0.0016902428 3.8118487e-20)
(0.00080758835 0.0016893201 -4.0064152e-20)
(0.00086880007 0.0016646914 -6.43903e-20)
(0.00092098569 0.0016207485 4.2146883e-20)
(0.00096479691 0.0015625651 -6.7555811e-20)
(0.0010023544 0.0014962657 -8.9277664e-20)
(0.001037212 0.0014284367 5.7897571e-20)
(0.0010745571 0.0013659365 7.3790988e-20)
(0.0011216453 0.0013159939 6.6087595e-20)
(0.0011875659 0.0012853798 5.4297713e-20)
(0.0012836219 0.0012804225 1.2825854e-20)
(0.001421949 0.0013052552 2.1828651e-20)
(0.0016136677 0.0013603157 -4.6704842e-21)
(0.0018658498 0.00144067 4.2183811e-20)
(0.0021763772 0.0015338809 -1.1272962e-20)
(0.0025341935 0.0016231029 -8.852059e-21)
(0.0029138809 0.001686396 6.0953198e-20)
(0.0032889105 0.0017074319 -7.9501413e-20)
(0.003635511 0.0016772055 -2.3907343e-21)
(0.0039213412 0.0015882661 3.9413127e-20)
(0.0040905932 0.0014316498 2.0517319e-20)
(0.0040465909 0.0011978686 -6.5168375e-20)
(0.0036407341 0.00088490651 4.1209518e-21)
(0.00269637 0.00051658526 1.2123833e-20)
(0.00098855714 0.00014766909 2.2832856e-21)
(-0.0016790103 -0.00011599064 -3.2768005e-21)
(-0.0055023398 -0.00011732728 2.0441199e-21)
(-0.010843214 0.00036361671 -3.8159282e-21)
(-0.01758344 0.0016356107 3.0994365e-20)
(-0.025122805 0.003866172 -4.2989723e-20)
(-0.03300108 0.0071291658 1.6505526e-20)
(-0.040613756 0.011368051 -1.4823893e-20)
(-0.047524442 0.01644674 9.4705427e-20)
(-0.05330796 0.022126092 1.5174219e-20)
(-0.057723669 0.0281457 -1.3226327e-19)
(-0.060616659 0.034221358 1.1183535e-19)
(-0.061965555 0.040089765 2.1135197e-21)
(-0.061783679 0.045479185 -3.3261487e-20)
(-0.0602374 0.050210825 2.9760111e-20)
(-0.057396383 0.054028649 -4.5578369e-20)
(-0.053488554 0.056811239 3.366229e-21)
(-0.048771315 0.058499415 -5.1250866e-21)
(-0.043378277 0.05891859 4.949142e-21)
(-0.037586076 0.058085528 -7.151668e-22)
(-0.031604933 0.055973138 -5.3944788e-20)
(-0.025658274 0.052614499 7.9894225e-20)
(-0.019955675 0.048071801 8.3711352e-20)
(-0.01469031 0.042435947 3.3555533e-20)
(-0.010036938 0.035828888 7.6191986e-20)
(-0.0061459122 0.028394577 -1.6865245e-20)
(-0.003139438 0.020301335 4.8329821e-20)
(-0.0011150127 0.011736547 3.7628224e-20)
(-0.00012743491 0.002897791 4.9979948e-21)
)
;
    }
    frontAndBack
    {
        type            empty;
    }
}


// ************************************************************************* //
