/*--------------------------------*- C++ -*----------------------------------*\
  =========                 |
  \\      /  F ield         | OpenFOAM: The Open Source CFD Toolbox
   \\    /   O peration     | Website:  https://openfoam.org
    \\  /    A nd           | Version:  13
     \\/     M anipulation  |
\*---------------------------------------------------------------------------*/
FoamFile
{
    format      ascii;
    class       volVectorField;
    location    "18.297905";
    object      wallShearStress;
}
// * * * * * * * * * * * * * * * * * * * * * * * * * * * * * * * * * * * * * //

dimensions      [0 2 -2 0 0 0 0];

internalField   uniform (0 0 0);

boundaryField
{
    inlet
    {
        type            calculated;
        value           uniform (0 0 0);
    }
    outlet
    {
        type            calculated;
        value           uniform (0 0 0);
    }
    cylinder
    {
        type            calculated;
        value           nonuniform List<vector> 
132
(
(5.1049819e-05 -0.0022166082 -1.9528004e-22)
(0.00018499869 -0.0040086949 5.5921168e-23)
(0.0004188175 -0.0057761147 3.1137052e-21)
(0.00074969062 -0.0074793021 -1.0554146e-20)
(0.0011700278 -0.0090731747 7.5400951e-21)
(0.0016661337 -0.01050687 2.3357108e-20)
(0.0022168766 -0.011723101 -4.4920979e-21)
(0.0027927341 -0.012663421 -1.8075309e-20)
(0.0033585664 -0.013274781 1.730212e-20)
(0.0038740064 -0.013517027 -3.9362322e-20)
(0.0042971686 -0.013368388 -7.255507e-22)
(0.0045889119 -0.012830562 2.5039795e-20)
(0.0047169375 -0.011929898 4.1163736e-20)
(0.0046614938 -0.0107207 -3.3602075e-20)
(0.0044176724 -0.0092784592 3.5448429e-20)
(0.003998708 -0.0076966333 5.6997493e-20)
(0.0034372169 -0.0060795341 -3.7217642e-20)
(0.0027788153 -0.0045266848 5.9378239e-20)
(0.0020794255 -0.0031255279 7.798744e-20)
(0.00139643 -0.0019399446 -5.0223791e-20)
(0.00077675475 -0.0010001024 -6.3556951e-20)
(0.00025336397 -0.00030743502 2.2189029e-23)
(-0.00015502644 0.00016143699 9.1026225e-21)
(-0.00043826113 0.00043426494 -1.0837866e-20)
(-0.0005718143 0.00052542096 -1.8342944e-20)
(-0.00049315379 0.00042000922 3.9027865e-21)
(-9.7605303e-05 8.2730303e-05 -3.5073049e-20)
(0.00061074166 -0.00042182456 9.3409765e-21)
(0.0015205168 -0.00096636803 7.3260745e-21)
(0.0023880419 -0.0013774937 -5.0494899e-20)
(0.0030154649 -0.0015639126 6.5978922e-20)
(0.0033765221 -0.0015578683 1.9980528e-21)
(0.0035871257 -0.0014531191 1.4389985e-20)
(0.0037617041 -0.0013158662 -1.7015985e-20)
(0.003889679 -0.0011495669 5.3930837e-20)
(0.0038355146 -0.00092887134 -3.4021104e-21)
(0.0034245135 -0.00064932995 1.369103e-20)
(0.0024577933 -0.00034026407 -1.8763855e-21)
(0.00072330374 -7.3067727e-05 2.689947e-21)
(-0.0020197477 3.2842162e-05 -1.6788688e-21)
(-0.0061398132 -0.0002086741 3.1440298e-21)
(-0.011719728 -0.0010970195 -9.7544344e-23)
(-0.018382782 -0.0028359797 3.6050943e-20)
(-0.025722908 -0.0055640893 -1.4018506e-20)
(-0.033176709 -0.0092934151 1.2770315e-20)
(-0.040290205 -0.013949507 -8.2807833e-20)
(-0.04654106 -0.019325135 -1.3462566e-20)
(-0.051604451 -0.025169963 1.1902319e-19)
(-0.055258897 -0.031204128 -1.0199624e-19)
(-0.057400702 -0.037143517 -1.9526281e-21)
(-0.058020624 -0.042715809 3.1123737e-20)
(-0.057215526 -0.047698134 -2.8206768e-20)
(-0.05508653 -0.051860455 -5.4509581e-21)
(-0.051808998 -0.055032932 -3.3242941e-21)
(-0.047618721 -0.057122553 -4.0925866e-21)
(-0.04269944 -0.058002364 -4.236169e-21)
(-0.037287837 -0.057630669 6.6161624e-22)
(-0.031610316 -0.055989325 5.0998125e-20)
(-0.025890427 -0.053098193 -7.6475103e-20)
(-0.020341676 -0.04901097 -8.0871079e-20)
(-0.015162921 -0.043813361 -3.267036e-20)
(-0.010533714 -0.037619603 -7.4708655e-20)
(-0.0066108534 -0.030570592 1.6649205e-20)
(-0.0035225384 -0.022827993 2.4219883e-20)
(-0.0013728056 -0.014587705 -3.7661315e-20)
(-0.00021783225 -0.0060014137 -5.0369186e-21)
(1.5212518e-05 -0.00041926628 -8.9473838e-22)
(7.7315737e-05 0.0013802279 -5.3201879e-23)
(0.00023840365 0.0031634701 -3.0539767e-21)
(0.00049706992 0.0048926678 1.0263846e-20)
(0.00084657335 0.0065250032 -7.2774227e-21)
(0.0012747033 0.0080126869 -2.2383785e-20)
(0.0017623524 0.0093021506 4.2769715e-21)
(0.0022825352 0.010336491 1.7110309e-20)
(0.0028009177 0.011061442 -1.6297321e-20)
(0.0032786482 0.011433659 3.692397e-20)
(0.0036742524 0.011426848 6.7836424e-22)
(0.003948595 0.011038447 -2.335041e-20)
(0.0040690362 0.010290895 -3.8312237e-20)
(0.004015986 0.0092368461 3.1230828e-20)
(0.0037850015 0.0079511224 -3.2916338e-20)
(0.0033909171 0.0065287237 -5.2896365e-20)
(0.0028659859 0.0050713189 3.4532445e-20)
(0.0022568292 0.003678658 -5.5094986e-20)
(0.0016187556 0.0024355356 -7.2380371e-20)
(0.0010031245 0.0013962454 4.6631688e-20)
(0.00045481458 0.00058894254 5.9038118e-20)
(-3.4167084e-06 4.603364e-06 5.2542899e-20)
(-0.00035412422 -0.00037818716 4.291244e-20)
(-0.00058769153 -0.00058470846 1.007861e-20)
(-0.00063224094 -0.00058218484 1.7060053e-20)
(-0.00049154813 -0.00041965426 -3.6313954e-21)
(1.848067e-05 5.7062876e-06 3.2638765e-20)
(0.00082552248 0.00057308585 -8.701722e-21)
(0.0017443621 0.0011103953 -6.8322298e-21)
(0.0025496025 0.0014720907 4.7147649e-20)
(0.0030735665 0.0015950088 -6.1644726e-20)
(0.0033601587 0.0015507887 -1.8567206e-21)
(0.0035393236 0.0014338763 3.0614304e-20)
(0.0037069322 0.001296818 1.5928898e-20)
(0.0038050681 0.0011249052 -5.0563659e-20)
(0.0036833128 0.00089270006 3.1963682e-21)
(0.0031632803 0.00060103927 9.4045671e-21)
(0.0020448745 0.00028572045 1.7726167e-21)
(0.00011913821 2.5276044e-05 -2.5491661e-21)
(-0.0028534873 -5.2497682e-05 1.5959146e-21)
(-0.0072232233 0.00024545006 -2.9967121e-21)
(-0.013028548 0.0012170428 2.4553763e-20)
(-0.019837648 0.0030580655 -3.4406568e-20)
(-0.027225742 0.0058868613 1.3355671e-20)
(-0.03462981 0.0096981517 -1.2124418e-20)
(-0.041585583 0.014396112 7.8203887e-20)
(-0.047604623 0.019764652 1.2626345e-20)
(-0.05239149 0.025551225 -1.1060531e-19)
(-0.055740725 0.031473647 9.3655546e-20)
(-0.05758275 0.037258772 1.7640628e-21)
(-0.057907423 0.042629927 -2.7463193e-20)
(-0.056850336 0.04739115 2.3992217e-20)
(-0.054483653 0.051290067 -3.4815603e-20)
(-0.051015611 0.054187436 2.1945414e-21)
(-0.046691844 0.056007564 2.3070475e-22)
(-0.041662318 0.056589996 7.9442291e-21)
(-0.036194201 0.055936324 -8.5509558e-22)
(-0.0304998 0.054017448 -5.9521241e-20)
(-0.024803935 0.050863867 8.5041338e-20)
(-0.019317 0.046534283 8.7365672e-20)
(-0.014233956 0.041118413 3.4604639e-20)
(-0.0097307002 0.034736132 7.7976699e-20)
(-0.005958872 0.027530422 -1.7174751e-20)
(-0.0030416616 0.019668426 4.9060625e-20)
(-0.001077303 0.011336472 3.8126646e-20)
(-0.00012144764 0.0027328862 5.0603163e-21)
)
;
    }
    frontAndBack
    {
        type            empty;
    }
}


// ************************************************************************* //
