/*--------------------------------*- C++ -*----------------------------------*\
  =========                 |
  \\      /  F ield         | OpenFOAM: The Open Source CFD Toolbox
   \\    /   O peration     | Website:  https://openfoam.org
    \\  /    A nd           | Version:  13
     \\/     M anipulation  |
\*---------------------------------------------------------------------------*/
FoamFile
{
    format      ascii;
    class       volVectorField;
    location    "27.996037";
    object      wallShearStress;
}
// * * * * * * * * * * * * * * * * * * * * * * * * * * * * * * * * * * * * * //

dimensions      [0 2 -2 0 0 0 0];

internalField   uniform (0 0 0);

boundaryField
{
    inlet
    {
        type            calculated;
        value           uniform (0 0 0);
    }
    outlet
    {
        type            calculated;
        value           uniform (0 0 0);
    }
    cylinder
    {
        type            calculated;
        value           nonuniform List<vector> 
132
(
(1.1821969e-05 -0.00055501898 -2.474199e-22)
(4.102138e-05 -0.00090365743 7.0312125e-23)
(8.9697782e-05 -0.0012440196 3.8728974e-21)
(0.00015694904 -0.0015699053 -1.296047e-20)
(0.00024147589 -0.0018751215 9.1219403e-21)
(0.00034127754 -0.0021535717 2.7788989e-20)
(0.00045367949 -0.0023995244 -5.2492753e-21)
(0.00057538121 -0.0026078286 -2.0733835e-20)
(0.00070254716 -0.0027741626 1.9485815e-20)
(0.00083087891 -0.0028953234 -4.3568992e-20)
(0.00095602978 -0.0029693794 -7.9081676e-22)
(0.0010735931 -0.0029959095 2.6933847e-20)
(0.0011794748 -0.0029762111 4.3832031e-20)
(0.0012701215 -0.0029131976 -3.5536609e-20)
(0.0013429596 -0.0028117183 3.7357849e-20)
(0.0013964086 -0.0026778277 6.004514e-20)
(0.0014306566 -0.00251962 -3.9300597e-20)
(0.0014475283 -0.0023461463 6.2983471e-20)
(0.0014508309 -0.0021673237 8.321395e-20)
(0.0014466405 -0.0019937334 -5.3947659e-20)
(0.0014432369 -0.0018358634 -6.8731538e-20)
(0.0014515643 -0.0017041712 2.4191418e-23)
(0.0014852367 -0.0016084514 9.9669339e-21)
(0.001560192 -0.0015569555 -1.1933926e-20)
(0.0016932489 -0.0015547039 -2.030653e-20)
(0.0018992528 -0.0016012842 4.3446477e-21)
(0.0021835193 -0.0016860435 -3.9248436e-20)
(0.0025429485 -0.001792279 1.0493178e-20)
(0.0029557284 -0.0018932196 8.2463856e-21)
(0.0033787963 -0.0019557337 -5.6845937e-20)
(0.0037787711 -0.001962152 7.4245727e-20)
(0.0041235984 -0.001902931 2.2494517e-21)
(0.0043762317 -0.0017731669 1.623521e-20)
(0.0044809764 -0.0015690002 -1.926711e-20)
(0.0043397246 -0.0012854123 6.1332706e-20)
(0.003804455 -0.00092555674 -3.8873184e-21)
(0.0027026426 -0.00051895497 1.5716869e-20)
(0.00081927204 -0.00012606669 -2.1630225e-21)
(-0.0020301591 0.00014364255 3.1094831e-21)
(-0.0060317512 0.00013031122 -1.9422815e-21)
(-0.011543524 -0.00038586349 3.6298506e-21)
(-0.018489149 -0.0017190782 -1.119537e-22)
(-0.026281261 -0.0040439671 4.1016417e-20)
(-0.034485276 -0.0074497225 -1.5786467e-20)
(-0.042508838 -0.011898669 1.4224412e-20)
(-0.049899715 -0.017269085 -9.1251323e-20)
(-0.056208249 -0.023331376 -1.4694591e-20)
(-0.061152237 -0.029819359 1.2882613e-19)
(-0.064535423 -0.036435968 -1.0967004e-19)
(-0.066296196 -0.042894096 -2.0891226e-21)
(-0.066432133 -0.048903707 3.3208459e-20)
(-0.065068601 -0.054240776 -3.0101356e-20)
(-0.062301553 -0.058649423 -5.8477579e-21)
(-0.058348542 -0.061976575 -3.6396689e-21)
(-0.05344763 -0.064112264 -5.0121725e-21)
(-0.047780945 -0.064902824 -3.6096952e-21)
(-0.04162437 -0.064331191 6.3630828e-22)
(-0.035210596 -0.062364621 5.0130074e-20)
(-0.028783861 -0.059030809 -7.5783381e-20)
(-0.02257409 -0.05438833 -8.0433878e-20)
(-0.016796035 -0.048530827 -3.2548923e-20)
(-0.011644254 -0.041584056 -7.4479563e-20)
(-0.0072884804 -0.033701748 1.6598198e-20)
(-0.0038674435 -0.025061178 2.4134512e-20)
(-0.0014949376 -0.015876071 -3.749717e-20)
(-0.00023144181 -0.0063132634 -5.0088425e-21)
(1.6286797e-06 -0.0002008023 -1.1399774e-21)
(1.0923726e-05 0.00015949596 -6.799044e-23)
(4.029867e-05 0.00052371871 -3.9068069e-21)
(9.0600775e-05 0.00088577695 1.3108474e-20)
(0.00016131089 0.0012390286 -9.2571633e-21)
(0.00025140328 0.0015766022 -2.8297171e-20)
(0.00035905432 0.0018914989 5.3637448e-21)
(0.00048163569 0.0021768911 2.1259828e-20)
(0.00061568527 0.002426388 -2.005032e-20)
(0.00075711294 0.0026343551 4.4988602e-20)
(0.00090130882 0.0027961609 8.1939743e-22)
(0.0010432841 0.0029086021 -2.8005228e-20)
(0.0011779459 0.0029700623 -4.5730098e-20)
(0.0013005144 0.0029809891 3.7197479e-20)
(0.0014067495 0.0029436792 -3.9227705e-20)
(0.0014936403 0.0028629735 -6.3239439e-20)
(0.0015593734 0.0027452722 4.1508175e-20)
(0.0016041373 0.0025991809 -6.6693306e-20)
(0.0016302844 0.002434844 -8.8324291e-20)
(0.001642829 0.0022637792 5.7380916e-20)
(0.0016497418 0.0020984231 7.3241204e-20)
(0.0016618663 0.0019511491 6.5674142e-20)
(0.0016930146 0.0018337373 5.4011074e-20)
(0.0017596165 0.0017564056 1.276844e-20)
(0.0018781773 0.0017250834 2.1746499e-20)
(0.0020622478 0.0017393657 -4.6561683e-21)
(0.0023186059 0.0017910135 4.2087552e-20)
(0.0026441264 0.0018642093 -1.1257901e-20)
(0.0030172142 0.0019331358 -8.8513007e-21)
(0.003399651 0.0019682301 6.104167e-20)
(0.0037599932 0.0019527582 -7.9763868e-20)
(0.0040627014 0.001875205 -2.4038558e-21)
(0.0042593549 0.001726357 3.9729412e-20)
(0.0042739367 0.0014973947 2.0740275e-20)
(0.0039936318 0.0011843401 -6.6070028e-20)
(0.0032609197 0.00079577309 4.1899789e-21)
(0.0018991393 0.00036968177 1.2357291e-20)
(-0.00030800867 -2.3203016e-05 2.3312129e-21)
(-0.0035504844 -0.00026497366 -3.3468455e-21)
(-0.0079393629 -0.00018003742 2.086051e-21)
(-0.013842212 0.00045764165 -3.8842435e-21)
(-0.021127926 0.0019604673 3.142135e-20)
(-0.029112441 0.0044757331 -4.3370729e-20)
(-0.037351728 0.008065244 1.6570568e-20)
(-0.045281462 0.012671724 -1.4815932e-20)
(-0.052452044 0.018149438 9.4268206e-20)
(-0.058445317 0.0242561 1.5055179e-20)
(-0.06302253 0.030727634 -1.3085247e-19)
(-0.066004551 0.037261867 1.1038501e-19)
(-0.067371564 0.043586442 2.0815448e-21)
(-0.067115445 0.049403409 -3.2681083e-20)
(-0.065414187 0.054525659 2.9154734e-20)
(-0.062319444 0.058662776 -4.4415662e-20)
(-0.05808648 0.061694969 3.243155e-21)
(-0.05298349 0.063552031 -4.5758801e-21)
(-0.047138948 0.064026907 5.2354659e-21)
(-0.040863739 0.063151353 -7.2745464e-22)
(-0.03437789 0.060884769 -5.4380355e-20)
(-0.02792595 0.057265398 8.0250709e-20)
(-0.02173467 0.052358346 8.3943939e-20)
(-0.016014254 0.046261857 3.362429e-20)
(-0.010955017 0.039108174 7.6336976e-20)
(-0.0067207707 0.031053609 -1.6901995e-20)
(-0.0034445801 0.022281491 4.8465774e-20)
(-0.0012333115 0.012996348 3.7771601e-20)
(-0.00014589366 0.0034122635 5.0239114e-21)
)
;
    }
    frontAndBack
    {
        type            empty;
    }
}


// ************************************************************************* //
