/*--------------------------------*- C++ -*----------------------------------*\
  =========                 |
  \\      /  F ield         | OpenFOAM: The Open Source CFD Toolbox
   \\    /   O peration     | Website:  https://openfoam.org
    \\  /    A nd           | Version:  13
     \\/     M anipulation  |
\*---------------------------------------------------------------------------*/
FoamFile
{
    format      ascii;
    class       volVectorField;
    location    "13.095719";
    object      wallShearStress;
}
// * * * * * * * * * * * * * * * * * * * * * * * * * * * * * * * * * * * * * //

dimensions      [0 2 -2 0 0 0 0];

internalField   uniform (0 0 0);

boundaryField
{
    inlet
    {
        type            calculated;
        value           uniform (0 0 0);
    }
    outlet
    {
        type            calculated;
        value           uniform (0 0 0);
    }
    cylinder
    {
        type            calculated;
        value           nonuniform List<vector> 
132
(
(5.0406683e-05 0.00053551289 -1.0139721e-22)
(0.00023989293 -0.0044529776 2.8917244e-23)
(0.00070274309 -0.0093757418 1.6447287e-21)
(0.0014270702 -0.014075751 -5.7852814e-21)
(0.0023831959 -0.018392386 4.3504328e-21)
(0.0035234911 -0.022170838 1.4315164e-20)
(0.0047829028 -0.025267927 -2.9364994e-21)
(0.0060810587 -0.02756468 -1.2598748e-20)
(0.007330426 -0.028973057 1.2811643e-20)
(0.0084374417 -0.029443864 -3.0774894e-20)
(0.0093115104 -0.028974506 -5.9421456e-22)
(0.0098731808 -0.027612738 2.1325506e-20)
(0.010063333 -0.025459025 3.6133668e-20)
(0.0098522309 -0.022665041 -3.015315e-20)
(0.0092459543 -0.019424612 3.2270336e-20)
(0.0082895387 -0.015959452 5.2280294e-20)
(0.0070642868 -0.012497195 -3.4197358e-20)
(0.0056768041 -0.0092482992 5.4406299e-20)
(0.0042454756 -0.0063807692 7.1028267e-20)
(0.0028827233 -0.0040031109 -4.5379601e-20)
(0.0016747602 -0.0021536696 -5.692837e-20)
(0.0006770467 -0.00081398047 1.9667413e-23)
(-0.0001004216 9.6195006e-05 8.0200414e-21)
(-0.0006561917 0.00064787975 -9.4807965e-21)
(-0.0010006887 0.00091739688 -1.5943654e-20)
(-0.001028157 0.00087047021 3.3719686e-21)
(-0.00074895204 0.00058697544 -3.0130426e-20)
(0.00010241912 -5.9699157e-05 7.9726402e-21)
(0.0013448395 -0.00084958745 6.2331992e-21)
(0.0026077312 -0.0015008639 -4.2920783e-20)
(0.0036064782 -0.0018685426 5.6220496e-20)
(0.0041706249 -0.0019236799 1.7088925e-21)
(0.0044314099 -0.0017956092 1.2363329e-20)
(0.0045399414 -0.001589081 -1.4682636e-20)
(0.0045596175 -0.0013486351 4.6757041e-20)
(0.004353057 -0.0010553333 -2.9660473e-21)
(0.0037285433 -0.00070835555 1.201548e-20)
(0.002463961 -0.0003433871 -1.6592153e-21)
(0.00034682146 -4.5356779e-05 2.3980758e-21)
(-0.002869976 5.1496328e-05 -1.5092384e-21)
(-0.0075404747 -0.00025617544 2.8502408e-21)
(-0.013732539 -0.0012832247 -8.9141755e-23)
(-0.021015463 -0.003240056 3.3151087e-20)
(-0.028963451 -0.0062631712 -1.2957464e-20)
(-0.037002709 -0.010363497 1.1849831e-20)
(-0.044654885 -0.01545929 -7.7040052e-20)
(-0.051382751 -0.021334178 -1.2542538e-20)
(-0.056842514 -0.027723931 1.1088004e-19)
(-0.060786876 -0.034325117 -9.4839666e-20)
(-0.063101035 -0.040831762 -1.8076549e-21)
(-0.063761572 -0.046942154 2.8569917e-20)
(-0.062869228 -0.052411204 -2.5492351e-20)
(-0.060520139 -0.056975736 -4.7712125e-21)
(-0.056922551 -0.060464687 -2.6791115e-21)
(-0.052316514 -0.062757778 -1.7406522e-21)
(-0.046895568 -0.063702101 -6.2490789e-21)
(-0.040937478 -0.0632711 7.6663264e-22)
(-0.034682538 -0.061430452 5.5707992e-20)
(-0.028381501 -0.058206349 -8.1390791e-20)
(-0.022270411 -0.053656922 -8.4826503e-20)
(-0.016569799 -0.047876821 -3.3953791e-20)
(-0.011479172 -0.040993386 -7.7152576e-20)
(-0.0071723626 -0.033162307 1.7114254e-20)
(-0.0037915123 -0.024564116 2.4807273e-20)
(-0.0014526606 -0.015413231 -3.8464304e-20)
(-0.00021868592 -0.0058875575 -5.131903e-21)
(0.0001316473 0.0054877793 -4.7479698e-22)
(0.00047988234 0.010346627 -2.9415146e-23)
(0.0010883686 0.015006537 -1.7855894e-21)
(0.0019343429 0.019314298 6.4238291e-21)
(0.0029780378 0.023120489 -4.9069994e-21)
(0.0041630262 0.02628487 -1.6284237e-20)
(0.0054170293 0.028687698 3.3485788e-21)
(0.0066591711 0.03023672 1.4332558e-20)
(0.0078013042 0.030873664 -1.4491107e-20)
(0.0087550013 0.030583132 3.4534558e-20)
(0.0094390298 0.029396271 6.6086061e-22)
(0.0097875945 0.027393674 -2.3485932e-20)
(0.0097591678 0.024706135 -3.9418276e-20)
(0.0093434359 0.021508179 3.2602381e-20)
(0.0085663749 0.018007959 -3.4614997e-20)
(0.0074896703 0.014427608 -5.5703098e-20)
(0.0062048066 0.010982856 3.6243853e-20)
(0.0048212902 0.0078596091 -5.744513e-20)
(0.0034501309 0.0051897396 -7.4820139e-20)
(0.002189175 0.0030444823 4.7750205e-20)
(0.0011070297 0.0014287658 5.9892388e-20)
(0.00023622569 0.00029367825 5.2843277e-20)
(-0.00041940316 -0.00044403627 4.2829996e-20)
(-0.00086902642 -0.00086244802 9.9934652e-21)
(-0.0010909897 -0.0010023851 1.6815466e-20)
(-0.00098887346 -0.00083990696 -3.5575448e-21)
(-0.00046707205 -0.00037149919 3.1820893e-20)
(0.00054484351 0.00037109634 -8.4424937e-21)
(0.0018286577 0.0011603282 -6.6158602e-21)
(0.0030086609 0.0017347957 4.5659706e-20)
(0.0038321079 0.0019874582 -5.9853286e-20)
(0.0042571104 0.0019646232 -1.8088671e-21)
(0.0044454684 0.0018016944 2.9938774e-20)
(0.0045295425 0.0015857317 1.563399e-20)
(0.0044919045 0.0013292565 -4.9825508e-20)
(0.0041654305 0.0010110568 3.1637032e-21)
(0.0033533273 0.00063923266 9.3545742e-21)
(0.00183083 0.00025992506 1.7723861e-21)
(-0.00060713337 -2.7679104e-05 -2.5619471e-21)
(-0.0041966378 -8.4062354e-05 1.6112222e-21)
(-0.0092828139 0.00031511354 -3.037425e-21)
(-0.015877287 0.001480122 2.4956894e-20)
(-0.023460511 0.0036136825 -3.5033863e-20)
(-0.031589961 0.0068279281 1.3615412e-20)
(-0.039688855 0.011112602 -1.2370671e-20)
(-0.047239613 0.016351371 7.9848828e-20)
(-0.053764838 0.02232045 1.2907368e-20)
(-0.05895027 0.028748473 -1.1321732e-19)
(-0.062562336 0.035324365 9.6066764e-20)
(-0.064535488 0.041756774 1.8144668e-21)
(-0.064842 0.047734502 -2.8364478e-20)
(-0.063629951 0.05304242 2.494088e-20)
(-0.060967561 0.057393846 -3.6656998e-20)
(-0.057095371 0.060645352 2.3981477e-21)
(-0.052274444 0.062704281 -6.7341523e-22)
(-0.0466641 0.063384398 7.4789499e-21)
(-0.040565822 0.06269314 -8.3703793e-22)
(-0.034212626 0.060594106 -5.9040151e-20)
(-0.027855025 0.057121882 8.4932869e-20)
(-0.021726767 0.052341239 8.7634157e-20)
(-0.016044504 0.046351347 3.4819847e-20)
(-0.01100398 0.039285547 7.8656356e-20)
(-0.0067738255 0.031302481 -1.736116e-20)
(-0.0034909729 0.022587884 4.9689315e-20)
(-0.0012653136 0.013350479 3.8688347e-20)
(-0.00015717122 0.003801469 5.1447862e-21)
)
;
    }
    frontAndBack
    {
        type            empty;
    }
}


// ************************************************************************* //
