/*--------------------------------*- C++ -*----------------------------------*\
  =========                 |
  \\      /  F ield         | OpenFOAM: The Open Source CFD Toolbox
   \\    /   O peration     | Website:  https://openfoam.org
    \\  /    A nd           | Version:  13
     \\/     M anipulation  |
\*---------------------------------------------------------------------------*/
FoamFile
{
    format      ascii;
    class       volVectorField;
    location    "46.39854";
    object      wallShearStress;
}
// * * * * * * * * * * * * * * * * * * * * * * * * * * * * * * * * * * * * * //

dimensions      [0 2 -2 0 0 0 0];

internalField   uniform (0 0 0);

boundaryField
{
    inlet
    {
        type            calculated;
        value           uniform (0 0 0);
    }
    outlet
    {
        type            calculated;
        value           uniform (0 0 0);
    }
    cylinder
    {
        type            calculated;
        value           nonuniform List<vector> 
132
(
(-3.3742766e-05 0.0027655183 -3.0928532e-22)
(-9.685704e-05 0.0024559412 8.7722996e-23)
(-0.00014333229 0.0021335596 4.8222018e-21)
(-0.00017213193 0.0018032199 -1.6102495e-20)
(-0.00018271701 0.0014701276 1.1308146e-20)
(-0.00017507565 0.001139524 3.4371453e-20)
(-0.00014990958 0.00081759111 -6.4782129e-21)
(-0.00010824765 0.000508819 -2.5532851e-20)
(-5.1810342e-05 0.00021832164 2.3947263e-20)
(1.7283476e-05 -4.9639045e-05 -5.3444896e-20)
(9.6374238e-05 -0.00029177831 -9.6849796e-22)
(0.0001833497 -0.00050546558 3.2938943e-20)
(0.00027526195 -0.00068937216 5.3544993e-20)
(0.00036963048 -0.00084328806 -4.3375874e-20)
(0.00046434705 -0.00096822681 4.5575789e-20)
(0.00055793638 -0.0010664177 7.3238281e-20)
(0.00064982933 -0.0011412644 -4.7939565e-20)
(0.00074053231 -0.0011972728 7.6853114e-20)
(0.00083191836 -0.0012399272 1.0159433e-19)
(0.00092751985 -0.0012755569 -6.591032e-20)
(0.0010326585 -0.0013109577 -8.4043066e-20)
(0.001154745 -0.0013532133 2.9624077e-23)
(0.0013027201 -0.0014085668 1.2209583e-20)
(0.0014865269 -0.0014816173 -1.4632116e-20)
(0.0017155233 -0.0015738816 -2.4917738e-20)
(0.0019952185 -0.0016815371 5.3346482e-21)
(0.0023244839 -0.0017948001 -4.8210711e-20)
(0.002695837 -0.0019003611 1.2890169e-20)
(0.0030900844 -0.0019797796 1.0126826e-20)
(0.0034806727 -0.0020151612 -6.9756732e-20)
(0.0038491341 -0.0019990258 9.1010981e-20)
(0.0041673762 -0.0019234024 2.7537419e-21)
(0.0043887164 -0.0017785811 1.9844681e-20)
(0.0044352774 -0.001553623 -2.3508873e-20)
(0.0041890059 -0.0012418606 7.4672393e-20)
(0.0034856521 -0.00084993537 -4.7198775e-21)
(0.0021421072 -0.0004153749 1.9017681e-20)
(-6.8901356e-05 -9.1513218e-06 -2.6061618e-21)
(-0.003337727 0.00024739977 3.7266993e-21)
(-0.0078033921 0.00017525047 -2.3137586e-21)
(-0.013848411 -0.00045884715 4.2924658e-21)
(-0.02133768 -0.0019807333 -1.312769e-22)
(-0.029580005 -0.0045483977 4.7689556e-20)
(-0.038115209 -0.0082308599 -1.8205089e-20)
(-0.046357735 -0.012973549 1.6282101e-20)
(-0.053832663 -0.01862777 -1.0376091e-19)
(-0.060107048 -0.024946552 -1.6622328e-20)
(-0.064928357 -0.031657649 1.4517125e-19)
(-0.068109415 -0.038450963 -1.2335008e-19)
(-0.069622513 -0.045043591 -2.3506061e-21)
(-0.069466413 -0.051134916 3.750272e-20)
(-0.067802845 -0.056517767 -3.4311724e-20)
(-0.064709456 -0.060913916 -6.7977544e-21)
(-0.060430809 -0.064186347 -4.4473153e-21)
(-0.055226574 -0.066244254 -7.5551387e-21)
(-0.049255179 -0.06690341 -1.7684245e-21)
(-0.04281571 -0.0661705 5.5789976e-22)
(-0.036139791 -0.06400836 4.7385191e-20)
(-0.029476525 -0.060449086 -7.3678483e-20)
(-0.02305927 -0.055554621 -7.9302681e-20)
(-0.017105331 -0.049421125 -3.23436e-20)
(-0.011812034 -0.042178504 -7.4347957e-20)
(-0.0073509272 -0.033983058 1.6611517e-20)
(-0.0038626331 -0.025017001 2.4182756e-20)
(-0.0014620389 -0.015493633 -3.7577949e-20)
(-0.00021186454 -0.0055967747 -5.0157574e-21)
(4.5304193e-05 0.0030602144 -1.427479e-21)
(0.0001403192 0.0033402818 -8.5269082e-23)
(0.0002518546 0.0036030538 -4.9064229e-21)
(0.00037819371 0.0038427862 1.6481057e-20)
(0.00051735161 0.0040539195 -1.1648845e-20)
(0.00066662054 0.0042309879 -3.5627834e-20)
(0.00082276244 0.0043690197 6.7548343e-21)
(0.00098199113 0.0044637111 2.6770612e-20)
(0.0011400429 0.0045117291 -2.5235917e-20)
(0.0012923848 0.0045110015 5.657832e-20)
(0.0014344235 0.0044609086 1.0293521e-21)
(0.001561784 0.0043625457 -3.5129462e-20)
(0.0016705814 0.0042187421 -5.7266214e-20)
(0.0017577253 0.0040341197 4.6492692e-20)
(0.0018213068 0.0038151573 -4.8929181e-20)
(0.0018609476 0.0035701174 -7.8710149e-20)
(0.0018779905 0.0033085469 5.1549739e-20)
(0.0018758675 0.0030411992 -8.2650672e-20)
(0.0018602195 0.0027794593 -1.0923209e-19)
(0.0018392429 0.002535191 7.0829435e-20)
(0.0018236515 0.0023199981 9.0252518e-20)
(0.0018271261 0.0021452083 8.0809046e-20)
(0.0018655639 0.002020391 6.6377617e-20)
(0.0019566039 0.0019526149 1.5677431e-20)
(0.0021165302 0.0019435177 2.6683775e-20)
(0.0023560476 0.0019867233 -5.7112937e-21)
(0.0026771274 0.0020676726 5.1620135e-20)
(0.0030657992 0.0021614661 -1.3809688e-20)
(0.0034895242 0.0022359079 -1.0860017e-20)
(0.003907076 0.0022623095 7.4912681e-20)
(0.0042804115 0.0022234779 -9.7913268e-20)
(0.0045664785 0.0021083063 -2.9514525e-21)
(0.0047079922 0.001908967 4.8790488e-20)
(0.0046093167 0.0016159977 2.5475598e-20)
(0.0041356686 0.00122813 -8.1165061e-20)
(0.0031067994 0.00076102373 5.1470818e-21)
(0.0013306339 0.00026591597 1.5174684e-20)
(-0.0014204739 -0.00016912011 2.8603422e-21)
(-0.0053420347 -0.00040603078 -4.100044e-21)
(-0.010472605 -0.00024484888 2.549389e-21)
(-0.017211369 0.00056453316 -4.730649e-21)
(-0.025310938 0.0023447327 3.8090967e-20)
(-0.033975647 0.0052195541 -5.2314195e-20)
(-0.042752451 0.0092275162 1.988666e-20)
(-0.051000888 0.014268719 -1.7698042e-20)
(-0.058313352 0.020174212 1.1221735e-19)
(-0.064292494 0.026678665 1.7883301e-20)
(-0.068720192 0.033501748 -1.5544705e-19)
(-0.071456339 0.040336022 1.3150256e-19)
(-0.072502059 0.046902412 2.496848e-21)
(-0.071872258 0.052901985 -3.9719504e-20)
(-0.06976879 0.058152867 3.6291712e-20)
(-0.066246146 0.062356836 -5.795939e-20)
(-0.061582209 0.065406026 4.7351531e-21)
(-0.056057105 0.067237203 -1.1441105e-20)
(-0.049792298 0.06762965 1.3945234e-21)
(-0.043117097 0.066632919 -5.4964084e-22)
(-0.036252134 0.064203766 -4.7443885e-20)
(-0.029447745 0.060386175 7.4092399e-20)
(-0.022934129 0.055248674 7.9841099e-20)
(-0.016924558 0.048893418 3.2558889e-20)
(-0.011611966 0.04145696 7.4786315e-20)
(-0.0071621085 0.033099574 -1.6691348e-20)
(-0.0037096483 0.024008994 4.8130776e-20)
(-0.0013625632 0.014396491 3.765856e-20)
(-0.00017860537 0.0044682717 5.0222881e-21)
)
;
    }
    frontAndBack
    {
        type            empty;
    }
}


// ************************************************************************* //
