/*--------------------------------*- C++ -*----------------------------------*\
  =========                 |
  \\      /  F ield         | OpenFOAM: The Open Source CFD Toolbox
   \\    /   O peration     | Website:  https://openfoam.org
    \\  /    A nd           | Version:  13
     \\/     M anipulation  |
\*---------------------------------------------------------------------------*/
FoamFile
{
    format      ascii;
    class       volVectorField;
    location    "18.996425";
    object      wallShearStress;
}
// * * * * * * * * * * * * * * * * * * * * * * * * * * * * * * * * * * * * * //

dimensions      [0 2 -2 0 0 0 0];

internalField   uniform (0 0 0);

boundaryField
{
    inlet
    {
        type            calculated;
        value           uniform (0 0 0);
    }
    outlet
    {
        type            calculated;
        value           uniform (0 0 0);
    }
    cylinder
    {
        type            calculated;
        value           nonuniform List<vector> 
132
(
(5.1235223e-05 -0.0024534201 -2.0500492e-22)
(0.00017643862 -0.0038970164 5.8633607e-23)
(0.00038313605 -0.005316374 3.2577554e-21)
(0.00066749978 -0.0066774538 -1.1012568e-20)
(0.001022381 -0.007940105 7.8408986e-21)
(0.0014352558 -0.0090595305 2.4190325e-20)
(0.0018877987 -0.0099896432 -4.6308101e-21)
(0.0023558481 -0.010687386 -1.854001e-20)
(0.002811658 -0.01111665 1.7655285e-20)
(0.0032242193 -0.011252107 -3.9964129e-20)
(0.0035620479 -0.01108269 -7.3327582e-22)
(0.0037955377 -0.010612675 2.520471e-20)
(0.0039010165 -0.0098659832 4.1304166e-20)
(0.0038630238 -0.0088835216 -3.3642966e-20)
(0.0036775159 -0.0077227065 3.5447912e-20)
(0.0033539131 -0.0064541281 5.6979452e-20)
(0.0029150462 -0.0051545506 -3.7224568e-20)
(0.0023961346 -0.0039018522 5.9454199e-20)
(0.0018385217 -0.0027619587 7.8204919e-20)
(0.0012873567 -0.0017868358 -5.0448365e-20)
(0.00077957234 -0.0010014933 -6.3947704e-20)
(0.00034549296 -0.00041298837 2.240733e-23)
(3.505684e-06 -9.2920471e-06 9.184803e-21)
(-0.00022584002 0.00022311529 -1.0948044e-20)
(-0.00029630516 0.0002727951 -1.8547518e-20)
(-0.00018664021 0.00016162761 3.9513453e-21)
(0.0002252816 -0.00016734846 -3.5549165e-20)
(0.00089539087 -0.00062387616 9.4772369e-21)
(0.0017128842 -0.0010909572 7.4366795e-21)
(0.0024844775 -0.0014342782 -5.1258035e-20)
(0.0030477359 -0.001581099 6.6956267e-20)
(0.0033912407 -0.0015647056 2.0270756e-21)
(0.0036102951 -0.0014624131 1.4597534e-20)
(0.0037980789 -0.0013285462 -1.7263299e-20)
(0.0039245887 -0.0011599602 5.4727611e-20)
(0.0038514231 -0.00093289915 -3.4532592e-21)
(0.0034078484 -0.00064646056 1.3900607e-20)
(0.0023947808 -0.00033211336 -1.9055977e-21)
(0.00060115288 -6.3680871e-05 2.7323795e-21)
(-0.0022152442 3.7302596e-05 -1.705527e-21)
(-0.0064188626 -0.00021812945 3.1937513e-21)
(-0.012079903 -0.0011301506 -9.905248e-23)
(-0.018808703 -0.002901122 3.6588055e-20)
(-0.026191506 -0.0056648846 -1.4217147e-20)
(-0.033663564 -0.0094292386 1.2941253e-20)
(-0.040774772 -0.014116802 -8.3852224e-20)
(-0.047004391 -0.019517069 -1.3623018e-20)
(-0.052034475 -0.025379169 1.2037827e-19)
(-0.055648964 -0.031423904 -1.0312423e-19)
(-0.057747933 -0.037367772 -1.9741609e-21)
(-0.058325409 -0.042939817 3.1479075e-20)
(-0.057480272 -0.047918517 -2.8559838e-20)
(-0.055314146 -0.052074465 -5.5329835e-21)
(-0.052003392 -0.055239203 -3.3970798e-21)
(-0.047783824 -0.057320431 -4.3375139e-21)
(-0.042838213 -0.058190741 -4.0410508e-21)
(-0.037403769 -0.057809767 6.5212953e-22)
(-0.031706206 -0.056159138 5.0598774e-20)
(-0.025968776 -0.053258904 -7.608011e-20)
(-0.020404642 -0.049162782 -8.0566012e-20)
(-0.015212364 -0.043956429 -3.2573722e-20)
(-0.010571233 -0.037753958 -7.4525286e-20)
(-0.0066378829 -0.030696233 1.6613554e-20)
(-0.003540347 -0.022944615 2.4172558e-20)
(-0.0013826463 -0.014695392 -3.7591079e-20)
(-0.00022074509 -0.0060981387 -5.0275655e-21)
(4.3372954e-06 -0.0010005585 -9.400516e-22)
(3.6779562e-05 0.00046186837 -5.5909156e-23)
(0.00014904887 0.0019215345 -3.208528e-21)
(0.00034288664 0.003348569 1.0773236e-20)
(0.00061250851 0.0047060487 -7.6270087e-21)
(0.00094822475 0.0059513207 -2.3409184e-20)
(0.0013345243 0.0070380416 4.4609692e-21)
(0.0017499719 0.0079202327 1.7791312e-20)
(0.0021676854 0.0085572327 -1.6890041e-20)
(0.0025579471 0.0089174563 3.8142621e-20)
(0.0028893284 0.0089830613 6.9871305e-22)
(0.0031315894 0.0087518192 -2.3993944e-20)
(0.0032593243 0.008240372 -3.930574e-20)
(0.0032552233 0.0074843517 3.2019825e-20)
(0.0031132969 0.006537338 -3.3756248e-20)
(0.0028408982 0.0054670668 -5.430801e-20)
(0.002459325 0.0043494852 3.5518049e-20)
(0.0020016718 0.0032605137 -5.6800213e-20)
(0.0015080084 0.0022666047 -7.4812216e-20)
(0.0010185496 0.0014150517 4.8325504e-20)
(0.00057138297 0.00073558922 6.1333155e-20)
(0.00018834161 0.00022837354 5.4707865e-20)
(-0.00010385786 -0.0001080498 4.4765251e-20)
(-0.0002832805 -0.00028141071 1.0533383e-20)
(-0.0002835775 -0.00026212893 1.7858954e-20)
(-0.00010819164 -9.5970019e-05 -3.8079135e-21)
(0.00037074402 0.00027916113 3.4286933e-20)
(0.0010929455 0.00076318664 -9.1523383e-21)
(0.0018872592 0.0012034952 -7.1892807e-21)
(0.0025783178 0.0014896902 4.959579e-20)
(0.0030374065 0.00157656 -6.4802899e-20)
(0.0033134482 0.0015291694 -1.9507557e-21)
(0.0035070209 0.0014206741 3.215705e-20)
(0.0036809446 0.0012877468 1.6729799e-20)
(0.0037626736 0.0011125713 -5.3099883e-20)
(0.0036028913 0.0008735861 3.3557082e-21)
(0.0030278676 0.00057598354 9.8683178e-21)
(0.0018362101 0.00025811768 1.8585301e-21)
(-0.00017800869 2.3280445e-06 -2.6695888e-21)
(-0.003250319 -6.2692015e-05 1.6686425e-21)
(-0.0077253551 0.00026238531 -3.1266597e-21)
(-0.013627202 0.0012719112 2.5550352e-20)
(-0.020499642 0.0031591198 -3.5698547e-20)
(-0.027916173 0.0060352215 1.3817724e-20)
(-0.03532131 0.0098909121 -1.2510268e-20)
(-0.04223638 0.014620666 8.0493141e-20)
(-0.048196611 0.020009542 1.2971824e-20)
(-0.052915368 0.02580588 -1.1346126e-19)
(-0.056188486 0.03172573 9.6001952e-20)
(-0.057958662 0.03750134 1.8081299e-21)
(-0.058214258 0.042855226 -2.8181526e-20)
(-0.057095808 0.047595258 2.4694342e-20)
(-0.05467435 0.051469131 -3.6112766e-20)
(-0.051160575 0.054341015 2.3344933e-21)
(-0.046798346 0.056134955 -4.0761814e-22)
(-0.041736855 0.056690911 7.5858619e-21)
(-0.036243187 0.056011723 -8.3816645e-22)
(-0.030528818 0.054068546 -5.8833427e-20)
(-0.024817859 0.050892122 8.4388579e-20)
(-0.019320081 0.046541385 8.6885037e-20)
(-0.014229808 0.041106049 3.4460492e-20)
(-0.0097224051 0.034706014 7.7719441e-20)
(-0.0059490274 0.027484157 -1.7128023e-20)
(-0.0030324648 0.019607548 4.8946213e-20)
(-0.0010706018 0.011262108 3.8047451e-20)
(-0.00011899547 0.0026475491 5.0505868e-21)
)
;
    }
    frontAndBack
    {
        type            empty;
    }
}


// ************************************************************************* //
