/*--------------------------------*- C++ -*----------------------------------*\
  =========                 |
  \\      /  F ield         | OpenFOAM: The Open Source CFD Toolbox
   \\    /   O peration     | Website:  https://openfoam.org
    \\  /    A nd           | Version:  13
     \\/     M anipulation  |
\*---------------------------------------------------------------------------*/
FoamFile
{
    format      ascii;
    class       volVectorField;
    location    "10.497133";
    object      wallShearStress;
}
// * * * * * * * * * * * * * * * * * * * * * * * * * * * * * * * * * * * * * //

dimensions      [0 2 -2 0 0 0 0];

internalField   uniform (0 0 0);

boundaryField
{
    inlet
    {
        type            calculated;
        value           uniform (0 0 0);
    }
    outlet
    {
        type            calculated;
        value           uniform (0 0 0);
    }
    cylinder
    {
        type            calculated;
        value           nonuniform List<vector> 
132
(
(9.6180773e-05 -0.0019082365 -8.3877428e-23)
(0.00039502435 -0.0079390892 2.4534853e-23)
(0.0010222056 -0.013839665 1.4546143e-21)
(0.0019584691 -0.019412834 -5.3701966e-21)
(0.0031624906 -0.024461486 4.2454625e-21)
(0.004570324 -0.02879331 1.4637932e-20)
(0.0060960147 -0.032237645 -3.1273834e-21)
(0.0076389626 -0.034652815 -1.3872027e-20)
(0.0090866118 -0.035936999 1.4478155e-20)
(0.010321771 -0.036040237 -3.5454017e-20)
(0.011232366 -0.034971239 -6.9365672e-22)
(0.011723087 -0.032805598 2.5097721e-20)
(0.011727176 -0.029687263 4.2679057e-20)
(0.011220858 -0.025832233 -3.5609279e-20)
(0.010229364 -0.021508735 3.7989342e-20)
(0.0088349997 -0.017025439 6.1209597e-20)
(0.0071660058 -0.012690912 -3.9767543e-20)
(0.0053791099 -0.0087755836 6.2811094e-20)
(0.003638829 -0.0054798664 8.1445647e-20)
(0.002084913 -0.002906853 -5.1740715e-20)
(0.00080681026 -0.0010530681 -6.4645573e-20)
(-0.00015130804 0.00016051715 2.2334361e-23)
(-0.00083108869 0.00088996225 9.0736403e-21)
(-0.0012844995 0.0012769925 -1.0726237e-20)
(-0.0015793453 0.0014497092 -1.8052918e-20)
(-0.001645296 0.0013912748 3.8195709e-21)
(-0.0014121215 0.0011006072 -3.4110945e-20)
(-0.00045211812 0.00033429868 9.0056688e-21)
(0.00102884 -0.00064426235 7.0359153e-21)
(0.0024641346 -0.0014164157 -4.8407327e-20)
(0.0034953332 -0.0018111303 6.3392867e-20)
(0.0039467322 -0.0018211472 1.9237869e-21)
(0.0041216117 -0.0016702993 1.387959e-20)
(0.0042482408 -0.0014863711 -1.64234e-20)
(0.0043926007 -0.0012980542 5.20985e-20)
(0.0043758036 -0.0010592376 -3.290875e-21)
(0.0039955316 -0.00075672356 1.3272806e-20)
(0.0030252754 -0.00041694278 -1.8247593e-21)
(0.0012399093 -0.00011548263 2.6271013e-21)
(-0.0016161156 2.1313839e-05 -1.6484859e-21)
(-0.0059446743 -0.00020210617 3.1072635e-21)
(-0.011827478 -0.0011084764 -9.713552e-23)
(-0.018855775 -0.0029099611 3.6161915e-20)
(-0.026586579 -0.0057516332 -1.4155477e-20)
(-0.034417135 -0.0096413412 1.2968979e-20)
(-0.041861843 -0.014493717 -8.448822e-20)
(-0.048370759 -0.020084778 -1.3786605e-20)
(-0.053612064 -0.026148981 1.2223661e-19)
(-0.057362179 -0.032391478 -1.0498114e-19)
(-0.059526171 -0.038518412 -2.0133381e-21)
(-0.060100099 -0.044246185 3.2138602e-20)
(-0.059201856 -0.049353434 -2.9175559e-20)
(-0.056930763 -0.053595961 -5.6487729e-21)
(-0.053483669 -0.05681114 -3.4621021e-21)
(-0.049107159 -0.058907283 -4.3590771e-21)
(-0.043982303 -0.059744174 -4.227819e-21)
(-0.038366871 -0.059297537 6.7365009e-22)
(-0.032487698 -0.057542438 5.212542e-20)
(-0.026576668 -0.054504533 -7.8271758e-20)
(-0.02085236 -0.050240144 -8.2811594e-20)
(-0.015518209 -0.044838361 -3.345599e-20)
(-0.01075781 -0.0384177 -7.6488057e-20)
(-0.0067310121 -0.031122755 1.7038435e-20)
(-0.0035685488 -0.023120177 2.4770755e-20)
(-0.0013762057 -0.014608681 -3.8487231e-20)
(-0.00021164479 -0.0057491597 -5.1421872e-21)
(0.00012587948 0.0041213664 -3.8919534e-22)
(0.00048166128 0.01007806 -2.4322013e-23)
(0.0011576195 0.015828491 -1.510239e-21)
(0.0021283453 0.021179057 5.6156376e-21)
(0.0033467167 0.025938379 -4.4541104e-21)
(0.0047440135 0.029924058 -1.5350735e-20)
(0.0062306933 0.032980038 3.269773e-21)
(0.0077060919 0.034981229 1.4434662e-20)
(0.0090584348 0.035845199 -1.4979302e-20)
(0.010174484 0.035542538 3.6455281e-20)
(0.010949326 0.034104269 7.0886512e-22)
(0.011297511 0.031627046 -2.5489149e-20)
(0.011165627 0.028276448 -4.3097597e-20)
(0.010543623 0.024282416 3.5774889e-20)
(0.0094721668 0.019924456 -3.7998836e-20)
(0.0080444152 0.015507635 -6.1014543e-20)
(0.0063926158 0.01132607 3.9544565e-20)
(0.0046740562 0.0076294132 -6.2373369e-20)
(0.0030418829 0.0045849234 -8.0844906e-20)
(0.00161665 0.0022583885 5.1377934e-20)
(0.00047425759 0.00062703768 6.4241957e-20)
(-0.00036980106 -0.0004192808 5.656713e-20)
(-0.00095523761 -0.0010259694 4.5812975e-20)
(-0.001349253 -0.0013426223 1.0691356e-20)
(-0.0015874618 -0.0014582702 1.799826e-20)
(-0.0015632394 -0.0013241174 -3.8075856e-21)
(-0.0011069852 -0.00086695095 3.400745e-20)
(7.0200414e-07 -1.5205492e-05 -9.0014996e-21)
(0.0014842568 0.00093721986 -7.0433331e-21)
(0.0028079348 0.0016175706 4.8577014e-20)
(0.0036316767 0.0018836096 -6.3636442e-20)
(0.0039723163 0.0018336627 -1.9203003e-21)
(0.0041100194 0.0016656652 3.1699949e-20)
(0.0042489561 0.0014866607 1.6501146e-20)
(0.0043644587 0.0012901312 -5.2409355e-20)
(0.0042630669 0.0010327968 3.3162941e-21)
(0.0037368497 0.00070920578 9.7726884e-21)
(0.0025636019 0.00035621827 1.8461807e-21)
(0.00051787427 5.9007571e-05 -2.6630574e-21)
(-0.0026588142 -4.6249561e-05 1.6735714e-21)
(-0.007341833 0.00024946553 -3.1569409e-21)
(-0.013556871 0.0012672764 2.6001443e-20)
(-0.020824926 0.0032108227 -3.6617262e-20)
(-0.028679926 0.0062016018 1.4279429e-20)
(-0.036519166 0.010227306 -1.3017031e-20)
(-0.043828396 0.015172219 8.4279104e-20)
(-0.050115605 0.020806798 1.3659031e-20)
(-0.055078435 0.026861115 -1.2013517e-19)
(-0.058509282 0.033036284 1.022344e-19)
(-0.060354993 0.039051885 1.9385468e-21)
(-0.060610868 0.044619462 -3.0484925e-20)
(-0.059430725 0.049541539 2.7081445e-20)
(-0.056892707 0.053557294 -4.0646887e-20)
(-0.053221385 0.056529817 2.8224251e-21)
(-0.048674916 0.058385852 -2.5376418e-21)
(-0.043407109 0.058959611 6.5061354e-21)
(-0.037695524 0.058256343 -7.9606331e-22)
(-0.031760003 0.056249334 -5.7650776e-20)
(-0.025831477 0.052971184 8.3935571e-20)
(-0.020126273 0.048484328 8.7175441e-20)
(-0.014843957 0.042881556 3.4772678e-20)
(-0.010164605 0.036286862 7.8735685e-20)
(-0.0062431429 0.028847114 -1.7402769e-20)
(-0.0032054795 0.020733955 4.9842815e-20)
(-0.0011517999 0.012139027 3.8812881e-20)
(-0.00013825484 0.0032605956 5.1595199e-21)
)
;
    }
    frontAndBack
    {
        type            empty;
    }
}


// ************************************************************************* //
