/*--------------------------------*- C++ -*----------------------------------*\
  =========                 |
  \\      /  F ield         | OpenFOAM: The Open Source CFD Toolbox
   \\    /   O peration     | Website:  https://openfoam.org
    \\  /    A nd           | Version:  13
     \\/     M anipulation  |
\*---------------------------------------------------------------------------*/
FoamFile
{
    format      ascii;
    class       volVectorField;
    location    "2.80325";
    object      wallShearStress;
}
// * * * * * * * * * * * * * * * * * * * * * * * * * * * * * * * * * * * * * //

dimensions      [0 2 -2 0 0 0 0];

internalField   uniform (0 0 0);

boundaryField
{
    inlet
    {
        type            calculated;
        value           uniform (0 0 0);
    }
    outlet
    {
        type            calculated;
        value           uniform (0 0 0);
    }
    cylinder
    {
        type            calculated;
        value           nonuniform List<vector> 
132
(
(0.00011256662 -0.0017631096 -2.4341938e-22)
(0.00047269948 -0.0093957485 7.0152638e-23)
(0.0012450656 -0.016826939 4.0080928e-21)
(0.0023978766 -0.023764185 -1.4117702e-20)
(0.0038662056 -0.029914458 1.0585075e-20)
(0.0055520939 -0.034998261 3.4588333e-20)
(0.0073250584 -0.038770881 -7.0218342e-21)
(0.0090378534 -0.041039852 -2.9723237e-20)
(0.010529277 -0.041689889 2.97456e-20)
(0.011642235 -0.040702375 -7.0171197e-20)
(0.012243533 -0.038173149 -1.3288117e-21)
(0.012244474 -0.034318209 4.6687805e-20)
(0.011620722 -0.02946889 7.7443935e-20)
(0.010423198 -0.02404229 -6.3306059e-20)
(0.0087786934 -0.018496324 6.6485045e-20)
(0.0068692574 -0.01326714 1.0602287e-19)
(0.0048996181 -0.0087013891 -6.8552295e-20)
(0.0030596291 -0.0050114503 1.0833165e-19)
(0.0014873056 -0.0022593344 1.4116246e-19)
(0.00024162225 -0.00036199997 -9.0401803e-20)
(-0.00068434267 0.00085177509 -1.1399892e-19)
(-0.0013692798 0.0015959624 3.9824589e-23)
(-0.0018294969 0.0019771709 1.6270083e-20)
(-0.001912544 0.001913947 -1.9328684e-20)
(-0.0014099074 0.001311952 -3.2616517e-20)
(0.00010133728 -5.9753845e-05 6.9277083e-21)
(0.0022287363 -0.0016985154 -6.2410226e-20)
(0.0041836753 -0.0029372916 1.6719455e-20)
(0.005348565 -0.0034255085 1.3194888e-20)
(0.005757918 -0.0033375312 -9.1250678e-20)
(0.0058588949 -0.0030468955 1.1933662e-19)
(0.0059593905 -0.0027531301 3.6177852e-21)
(0.0060298067 -0.0024456127 2.6143906e-20)
(0.0058298443 -0.002044525 -3.1102788e-20)
(0.0051177493 -0.0015207906 9.9360856e-20)
(0.0036529912 -0.00089676533 -6.326312e-21)
(0.0012148033 -0.00024921865 2.5708929e-20)
(-0.0024440572 0.00030058599 -3.5563523e-21)
(-0.0074771969 0.00057261611 5.1312098e-21)
(-0.013844966 0.00032934604 -3.2108376e-21)
(-0.021929227 -0.00071459511 5.9898161e-21)
(-0.03121053 -0.0028860897 -1.834752e-22)
(-0.040683561 -0.0062440047 6.6538316e-20)
(-0.049872197 -0.010757641 -2.5282408e-20)
(-0.058160306 -0.016265543 2.247049e-20)
(-0.065182665 -0.022543928 -1.4221154e-19)
(-0.070630167 -0.029300886 -2.2639647e-20)
(-0.074387734 -0.036257441 1.9681591e-19)
(-0.076387754 -0.043113017 -1.669229e-19)
(-0.076696841 -0.049610014 -3.1878426e-21)
(-0.075378727 -0.055477627 5.1294686e-20)
(-0.072650491 -0.060550229 -4.7811882e-20)
(-0.068601729 -0.064570433 -9.8407567e-21)
(-0.063489307 -0.06742842 -7.0022533e-21)
(-0.05758945 -0.069072922 -1.548222e-20)
(-0.051042371 -0.069326174 3.8042279e-21)
(-0.044141439 -0.068215412 3.3246955e-22)
(-0.037105177 -0.065715029 4.0244237e-20)
(-0.03016754 -0.061863875 -6.9292004e-20)
(-0.02354714 -0.05672863 -7.819224e-20)
(-0.017446349 -0.050406176 -3.274516e-20)
(-0.01204855 -0.043024418 -7.6511943e-20)
(-0.007512816 -0.034735434 1.727944e-20)
(-0.0039693099 -0.025714212 2.5339608e-20)
(-0.0015234256 -0.016167694 -3.9572559e-20)
(-0.0002315352 -0.0062628825 -5.2997328e-21)
(0.00016765037 0.0058661928 -1.126007e-21)
(0.00063350891 0.013364499 -6.8761574e-23)
(0.0014967662 0.020522518 -4.1125761e-21)
(0.002714194 0.027052031 1.4572083e-20)
(0.0042102776 0.032671734 -1.096763e-20)
(0.0058775031 0.037121482 -3.5879504e-20)
(0.0075817882 0.040183772 7.274819e-21)
(0.0091741925 0.041701375 3.0698748e-20)
(0.010498302 0.041601727 -3.0586258e-20)
(0.011408613 0.039914227 7.1778481e-20)
(0.011790346 0.036784179 1.3518378e-21)
(0.011578772 0.032472494 -4.7232417e-20)
(0.010776624 0.027345036 -7.795519e-20)
(0.0094596014 0.021833186 6.3453826e-20)
(0.0077725795 0.016385871 -6.6425339e-20)
(0.0058998062 0.011402559 -1.057078e-19)
(0.0040372897 0.0071766258 6.828052e-20)
(0.0023502406 0.00385704 -1.078947e-19)
(0.00094671611 0.0014520824 -1.4067085e-19)
(-0.00014386323 -0.00017332047 9.0156881e-20)
(-0.00094444592 -0.0011851906 1.1377003e-19)
(-0.0015383606 -0.0017965004 1.0107183e-19)
(-0.0018906231 -0.0020457452 8.2389058e-20)
(-0.0018250618 -0.0018307892 1.9299451e-20)
(-0.00096216709 -0.00090508914 3.256592e-20)
(0.00079461291 0.00064388846 -6.9311312e-21)
(0.0029001571 0.0022195744 6.2550966e-20)
(0.0046356991 0.0032600602 -1.6784294e-20)
(0.0054662573 0.0035038331 -1.3251978e-20)
(0.0057306425 0.0033223567 9.1604778e-20)
(0.005841647 0.0030378358 -1.1984442e-19)
(0.0059424802 0.0027454565 -3.6144839e-21)
(0.0059670649 0.0024208622 5.9848399e-20)
(0.0056396765 0.001979131 3.1340342e-20)
(0.0047455873 0.0014123558 -1.0028146e-19)
(0.0030320423 0.00074861535 6.3956741e-21)
(0.00028444778 7.6291291e-05 1.8985041e-20)
(-0.0037169139 -0.00046993089 3.6057662e-21)
(-0.0090892706 -0.0007013874 -5.2061345e-21)
(-0.015788198 -0.00038177073 3.2570833e-21)
(-0.024154 0.00078325087 -6.0690442e-21)
(-0.033587617 0.0031027179 4.8913854e-20)
(-0.043084143 0.0066095029 -6.7049007e-20)
(-0.052198196 0.011256816 2.537788e-20)
(-0.060279539 0.016855812 -2.2453533e-20)
(-0.067032094 0.023180571 1.4145314e-19)
(-0.072176248 0.029939376 2.2399898e-20)
(-0.07560454 0.036847811 -1.9365032e-19)
(-0.077280778 0.043614442 1.6317463e-19)
(-0.077280413 0.049984989 3.0928572e-21)
(-0.075668051 0.05568812 -4.9286772e-20)
(-0.072692719 0.060583066 4.536457e-20)
(-0.06841081 0.064388081 -7.3741034e-20)
(-0.063098412 0.067010734 6.2878903e-21)
(-0.057058958 0.0684339 -1.7565538e-20)
(-0.050392867 0.06844091 -1.3283931e-21)
(-0.043416712 0.067091953 -4.6376957e-22)
(-0.036341234 0.064357954 -4.6119191e-20)
(-0.029399649 0.0602842 7.5271924e-20)
(-0.022808505 0.054942812 8.2773322e-20)
(-0.016766747 0.048434157 3.4121075e-20)
(-0.011454583 0.040891137 7.8852181e-20)
(-0.0070266286 0.032467913 -1.7657737e-20)
(-0.0036086528 0.023344179 5.0996819e-20)
(-0.0013009796 0.013719931 3.990958e-20)
(-0.00015884262 0.0037986126 5.3176432e-21)
)
;
    }
    frontAndBack
    {
        type            empty;
    }
}


// ************************************************************************* //
