/*--------------------------------*- C++ -*----------------------------------*\
  =========                 |
  \\      /  F ield         | OpenFOAM: The Open Source CFD Toolbox
   \\    /   O peration     | Website:  https://openfoam.org
    \\  /    A nd           | Version:  13
     \\/     M anipulation  |
\*---------------------------------------------------------------------------*/
FoamFile
{
    format      ascii;
    class       volVectorField;
    location    "32.596489";
    object      wallShearStress;
}
// * * * * * * * * * * * * * * * * * * * * * * * * * * * * * * * * * * * * * //

dimensions      [0 2 -2 0 0 0 0];

internalField   uniform (0 0 0);

boundaryField
{
    inlet
    {
        type            calculated;
        value           uniform (0 0 0);
    }
    outlet
    {
        type            calculated;
        value           uniform (0 0 0);
    }
    cylinder
    {
        type            calculated;
        value           nonuniform List<vector> 
132
(
(2.2599311e-05 -0.0013700521 -2.617982e-22)
(7.2347154e-05 -0.001676822 7.463024e-23)
(0.00013995974 -0.0019771165 4.1229332e-21)
(0.00022459436 -0.002265514 -1.3838109e-20)
(0.0003252192 -0.0025364899 9.7678283e-21)
(0.00044016123 -0.0027843908 2.9840095e-20)
(0.00056709922 -0.0030037156 -5.6519742e-21)
(0.00070302266 -0.0031893287 -2.2382275e-20)
(0.00084442919 -0.0033366677 2.1086946e-20)
(0.00098735573 -0.0034420255 -4.7258596e-20)
(0.0011274705 -0.0035027285 -8.5963547e-22)
(0.0012603595 -0.003517553 2.9337751e-20)
(0.0013816787 -0.0034866295 4.7833431e-20)
(0.0014876136 -0.0034120505 -3.8846731e-20)
(0.001574969 -0.0032973658 4.0900767e-20)
(0.0016417085 -0.0031480645 6.5829699e-20)
(0.0016871384 -0.0029711637 -4.3139296e-20)
(0.0017123094 -0.0027751704 6.9207669e-20)
(0.0017204711 -0.0025700676 9.1520074e-20)
(0.00171691 -0.0023662573 -5.9377031e-20)
(0.0017096423 -0.002174917 -7.5695929e-20)
(0.0017092903 -0.0020070693 2.6646645e-23)
(0.0017294403 -0.0018733891 1.0986638e-20)
(0.001786128 -0.0017830303 -1.315876e-20)
(0.0018966369 -0.0017421424 -2.2395468e-20)
(0.0020765747 -0.0017514701 4.7922202e-21)
(0.0023358137 -0.0018042474 -4.3294303e-20)
(0.0026703985 -0.0018825997 1.1575293e-20)
(0.0030633745 -0.0019624651 9.0964256e-21)
(0.0034817969 -0.0020155063 -6.2702723e-20)
(0.0038785957 -0.0020141245 8.1897722e-20)
(0.004215686 -0.0019455603 2.4811708e-21)
(0.004457073 -0.0018061035 1.7906049e-20)
(0.0045331753 -0.0015875917 -2.1246738e-20)
(0.0043379859 -0.0012854017 6.7612521e-20)
(0.0037196317 -0.00090575515 -4.2829783e-21)
(0.0025016826 -0.00048204848 1.7301703e-20)
(0.00046334237 -7.92278e-05 -2.3781773e-21)
(-0.0025783337 0.0001860914 3.4128651e-21)
(-0.0067888207 0.00014901479 -2.1272332e-21)
(-0.012536797 -0.00041735461 3.9645354e-21)
(-0.019718026 -0.0018319728 -1.2187397e-22)
(-0.027701408 -0.0042611105 4.4502543e-20)
(-0.036031924 -0.0077824769 -1.7073106e-20)
(-0.04412859 -0.012350919 1.5342036e-20)
(-0.051548422 -0.01783859 -9.8212195e-20)
(-0.057833631 -0.024004703 -1.5794964e-20)
(-0.062719588 -0.030582389 1.3844766e-19)
(-0.066018812 -0.037272323 -1.1800001e-19)
(-0.067677307 -0.043786649 -2.2547747e-21)
(-0.067701157 -0.049836973 3.6057473e-20)
(-0.066219888 -0.055199672 -3.3041257e-20)
(-0.063333819 -0.059620485 -6.5565231e-21)
(-0.059263545 -0.062947887 -4.2851509e-21)
(-0.054249033 -0.065073098 -7.2338477e-21)
(-0.048473326 -0.065842953 -1.822829e-21)
(-0.0422141 -0.065242391 5.4969291e-22)
(-0.035704405 -0.063239156 4.6554167e-20)
(-0.029189222 -0.05986222 -7.2382646e-20)
(-0.022898794 -0.055170969 -7.7967431e-20)
(-0.017048152 -0.049259974 -3.1836105e-20)
(-0.011831986 -0.042255735 -7.3287291e-20)
(-0.0074201563 -0.034312962 1.6402313e-20)
(-0.003951386 -0.025609391 2.3925968e-20)
(-0.0015394661 -0.016361082 -3.7265176e-20)
(-0.00024416521 -0.0067317461 -4.9878044e-21)
(-1.0380577e-05 -0.0010590179 -1.2024981e-21)
(-2.6583776e-05 -0.00074316861 -7.149095e-23)
(-2.5377208e-05 -0.00042370621 -4.0945208e-21)
(-6.5591501e-06 -0.00010672719 1.3692308e-20)
(2.9507394e-05 0.00020302845 -9.6365413e-21)
(8.1809287e-05 0.00050050283 -2.9356041e-20)
(0.00014965968 0.00078029354 5.545275e-21)
(0.0002307622 0.0010374807 2.1904196e-20)
(0.00032267063 0.0012676264 -2.0588482e-20)
(0.000422498 0.0014669238 4.6044914e-20)
(0.00052702501 0.0016324576 8.3603046e-22)
(0.00063286115 0.0017623528 -2.8487458e-20)
(0.00073675053 0.0018559748 -4.6388075e-20)
(0.00083561845 0.001913944 3.7636235e-20)
(0.00092697112 0.0019384383 -3.9598824e-20)
(0.0010090039 0.001932826 -6.3708003e-20)
(0.0010811446 0.0019021662 4.1742053e-20)
(0.0011439542 0.0018523521 -6.6970808e-20)
(0.0011998773 0.0017907906 -8.8584966e-20)
(0.0012532118 0.0017256118 5.7496809e-20)
(0.0013103035 0.0016653356 7.3338047e-20)
(0.0013802468 0.0016191538 6.5729939e-20)
(0.001473891 0.0015950785 5.4041361e-20)
(0.0016040956 0.0015999617 1.2773945e-20)
(0.0017830049 0.001636665 2.1755495e-20)
(0.0020199212 0.0017029389 -4.6583487e-21)
(0.0023165581 0.0017890056 4.211014e-20)
(0.0026669567 0.0018801362 -1.1264148e-20)
(0.0030501488 0.0019542295 -8.8555232e-21)
(0.0034332367 0.0019877247 6.1058703e-20)
(0.0037916895 0.0019692628 -7.9762886e-20)
(0.0040938731 0.0018896053 -2.4029765e-21)
(0.00429246 0.0017397645 3.9700538e-20)
(0.0043091729 0.001509725 2.0718377e-20)
(0.0040284814 0.0011946672 -6.5980957e-20)
(0.0032899314 0.00080285867 4.1833199e-21)
(0.0019148768 0.00037277502 1.2335422e-20)
(-0.00031551805 -2.401913e-05 2.3268393e-21)
(-0.0035912283 -0.00026802271 -3.3404532e-21)
(-0.0080247397 -0.00018197709 2.0821442e-21)
(-0.013985463 0.00046235264 -3.8772789e-21)
(-0.021335235 0.0019796647 3.1367502e-20)
(-0.029380689 0.00451691 -4.329798e-20)
(-0.03767453 0.0081348689 1.6542328e-20)
(-0.045648843 0.012774454 -1.4788564e-20)
(-0.05284467 0.018285177 9.4066062e-20)
(-0.058848925 0.024423415 1.5016954e-20)
(-0.063424057 0.030923183 -1.3044101e-19)
(-0.066390094 0.037479286 1.0995025e-19)
(-0.067733671 0.043820459 2.0710378e-21)
(-0.067443822 0.049644862 -3.2462767e-20)
(-0.065708173 0.054770443 2.888999e-20)
(-0.062570561 0.058898822 -4.3801072e-20)
(-0.058294728 0.061915859 3.1643396e-21)
(-0.053153944 0.06375614 -4.1449732e-21)
(-0.047268098 0.064201919 5.5169737e-21)
(-0.040955915 0.063293338 -7.4258487e-22)
(-0.034436105 0.060987306 -5.5060438e-20)
(-0.027954541 0.057323323 8.0938721e-20)
(-0.021738661 0.052367033 8.4458685e-20)
(-0.015999208 0.046217106 3.3770401e-20)
(-0.010927064 0.039006463 7.6556739e-20)
(-0.0066864894 0.030892023 -1.6928262e-20)
(-0.0034108562 0.022057671 4.8478596e-20)
(-0.0012074616 0.012708026 3.7731094e-20)
(-0.00013591965 0.003060825 5.011229e-21)
)
;
    }
    frontAndBack
    {
        type            empty;
    }
}


// ************************************************************************* //
