/*--------------------------------*- C++ -*----------------------------------*\
  =========                 |
  \\      /  F ield         | OpenFOAM: The Open Source CFD Toolbox
   \\    /   O peration     | Website:  https://openfoam.org
    \\  /    A nd           | Version:  13
     \\/     M anipulation  |
\*---------------------------------------------------------------------------*/
FoamFile
{
    format      ascii;
    class       volVectorField;
    location    "9.999114";
    object      wallShearStress;
}
// * * * * * * * * * * * * * * * * * * * * * * * * * * * * * * * * * * * * * //

dimensions      [0 2 -2 0 0 0 0];

internalField   uniform (0 0 0);

boundaryField
{
    inlet
    {
        type            calculated;
        value           uniform (0 0 0);
    }
    outlet
    {
        type            calculated;
        value           uniform (0 0 0);
    }
    cylinder
    {
        type            calculated;
        value           nonuniform List<vector> 
132
(
(0.00010037067 -0.0020492578 -8.4980819e-23)
(0.00041095754 -0.0082733515 2.4906486e-23)
(0.0010601783 -0.01435937 1.4808898e-21)
(0.0020276575 -0.020101808 -5.4842974e-21)
(0.0032701751 -0.025296617 4.3485552e-21)
(0.0047210868 -0.02974495 1.5031843e-20)
(0.0062907136 -0.033269455 -3.2181161e-21)
(0.0078747062 -0.035724364 -1.4295842e-20)
(0.0093563745 -0.037006033 1.4935519e-20)
(0.010614544 -0.037064659 -3.6595337e-20)
(0.011533787 -0.035911868 -7.1615354e-22)
(0.012016585 -0.033629085 2.5909975e-20)
(0.01199555 -0.030368789 4.4047583e-20)
(0.011448465 -0.026358289 -3.6734297e-20)
(0.010404125 -0.02187814 3.9167773e-20)
(0.0089506913 -0.017249961 6.3070745e-20)
(0.0072231997 -0.012793612 -4.0954199e-20)
(0.0053848032 -0.0087861144 6.465647e-20)
(0.0036055426 -0.0054309587 8.3813189e-20)
(0.0020269918 -0.0028274394 -5.3237796e-20)
(0.00073892205 -0.00096682909 -6.6515653e-20)
(-0.00021939571 0.00024054788 2.2989081e-23)
(-0.00089236129 0.00095649274 9.3388055e-21)
(-0.0013397621 0.0013323344 -1.1042225e-20)
(-0.0016246694 0.0014915741 -1.858685e-20)
(-0.0016772442 0.0014186215 3.9330024e-21)
(-0.0014052348 0.0010959537 -3.512446e-20)
(-0.00038640464 0.00028849805 9.2761958e-21)
(0.0011398484 -0.00071520086 7.2492703e-21)
(0.0025876497 -0.0014881578 -4.9895386e-20)
(0.0035882104 -0.0018597606 6.5346436e-20)
(0.0040069548 -0.0018491905 1.9827527e-21)
(0.0041690197 -0.0016895621 1.4301388e-20)
(0.004298553 -0.00150398 -1.6921067e-20)
(0.0044405862 -0.0013122954 5.3673528e-20)
(0.0044092313 -0.0010674803 -3.3903113e-21)
(0.0039974504 -0.00075735174 1.3672663e-20)
(0.0029792011 -0.00041110452 -1.8794932e-21)
(0.0011274128 -0.00010681947 2.7052321e-21)
(-0.0018164815 2.6124891e-05 -1.6968426e-21)
(-0.0062518921 -0.0002125162 3.1965789e-21)
(-0.012246642 -0.0011471489 -9.983753e-23)
(-0.019377109 -0.0029898331 3.7128421e-20)
(-0.027187906 -0.0058811349 -1.4516815e-20)
(-0.035071178 -0.0098239771 1.3284777e-20)
(-0.04254135 -0.014728487 -8.6454735e-20)
(-0.049050195 -0.020366422 -1.4095128e-20)
(-0.054271316 -0.026469927 1.2489609e-19)
(-0.057986502 -0.032743461 -1.0723621e-19)
(-0.060106018 -0.038893108 -2.0569915e-21)
(-0.060628984 -0.044635092 3.2864207e-20)
(-0.059678064 -0.049750011 -2.9895189e-20)
(-0.057352145 -0.053992286 -5.8135818e-21)
(-0.053851638 -0.057201684 -3.6040032e-21)
(-0.049424118 -0.059287206 -4.8130595e-21)
(-0.044249476 -0.06010684 -3.8926552e-21)
(-0.038588457 -0.059639791 6.5906034e-22)
(-0.032666997 -0.057859824 5.1600954e-20)
(-0.026717737 -0.054793685 -7.7857041e-20)
(-0.020959443 -0.05049801 -8.2580931e-20)
(-0.015595744 -0.045062285 -3.3412867e-20)
(-0.010810424 -0.038605512 -7.6462434e-20)
(-0.0067634447 -0.031272669 1.7043456e-20)
(-0.0035856366 -0.023230853 2.4788454e-20)
(-0.0013828456 -0.014679243 -3.852513e-20)
(-0.00021271759 -0.0057790119 -5.1480524e-21)
(0.00012888633 0.0041755285 -3.9396174e-22)
(0.00049402884 0.010325589 -2.4627181e-23)
(0.0011896245 0.016261895 -1.5310458e-21)
(0.0021891549 0.021782357 5.7034405e-21)
(0.0034436429 0.026688883 -4.5328072e-21)
(0.0048816384 0.030792129 -1.5651826e-20)
(0.0064099818 0.033929759 3.3393859e-21)
(0.0079241688 0.035972309 1.4761347e-20)
(0.0093081075 0.036834644 -1.5333108e-20)
(0.010444583 0.036487793 3.7340216e-20)
(0.011225339 0.034965885 7.2632168e-22)
(0.011562853 0.03237189 -2.6118833e-20)
(0.011403522 0.028880991 -4.4156003e-20)
(0.010739191 0.024734885 3.6641918e-20)
(0.0096149714 0.020226804 -3.890303e-20)
(0.0081300321 0.015674294 -6.2436376e-20)
(0.0064237672 0.011382697 4.0447244e-20)
(0.0046598301 0.0076074589 -6.3773802e-20)
(0.0029955385 0.0045163558 -8.2639608e-20)
(0.0015528116 0.0021706632 5.2513699e-20)
(0.0004064295 0.00054075739 6.566323e-20)
(-0.00043384688 -0.00049462324 5.7827075e-20)
(-0.0010107365 -0.001086255 4.68403e-20)
(-0.001399056 -0.0013924799 1.093344e-20)
(-0.0016300974 -0.0014976598 1.8407195e-20)
(-0.0015891884 -0.0013465115 -3.8942347e-21)
(-0.0010810031 -0.00084757437 3.478106e-20)
(8.5142368e-05 4.3924255e-05 -9.2099884e-21)
(0.0015994781 0.0010110045 -7.2083185e-21)
(0.0029251944 0.001685741 4.9732635e-20)
(0.0037187745 0.0019291936 -6.5153267e-20)
(0.0040338999 0.0018622755 -1.965879e-21)
(0.0041643083 0.001687695 3.2448174e-20)
(0.0043061759 0.0015066964 1.6890772e-20)
(0.0044170266 0.0013057498 -5.3649917e-20)
(0.0042978885 0.001041393 3.3951061e-21)
(0.0037386326 0.00070981994 1.0005657e-20)
(0.0025156938 0.00035014188 1.8902932e-21)
(0.00040251716 5.000686e-05 -2.7266255e-21)
(-0.0028597214 -5.0803506e-05 1.7133044e-21)
(-0.0076447047 0.00025974751 -3.2309142e-21)
(-0.013966975 0.0013050881 2.65959e-20)
(-0.021327668 0.0032878162 -3.7426455e-20)
(-0.029255832 0.0063256245 1.4583163e-20)
(-0.037146892 0.010402579 -1.3282548e-20)
(-0.044473738 0.015395149 8.5925583e-20)
(-0.050757578 0.021072762 1.3917335e-20)
(-0.055700461 0.027163918 -1.2234739e-19)
(-0.059096031 0.033367078 1.0410388e-19)
(-0.060899705 0.03940387 1.974439e-21)
(-0.061107188 0.044984417 -3.1077267e-20)
(-0.059876625 0.049912864 2.7661642e-20)
(-0.057286651 0.05392781 -4.1705791e-20)
(-0.053565256 0.056894778 2.9334941e-21)
(-0.048970549 0.058740211 -3.0189898e-21)
(-0.043656391 0.059297984 6.2569578e-21)
(-0.037901547 0.058574545 -7.8564529e-22)
(-0.031926201 0.056543515 -5.7299229e-20)
(-0.025961585 0.053237845 8.3685484e-20)
(-0.020224351 0.048720475 8.7063811e-20)
(-0.014914246 0.043084504 3.4763597e-20)
(-0.010211553 0.036454373 7.8765658e-20)
(-0.0062713384 0.028977313 -1.7416491e-20)
(-0.0032196297 0.020825384 4.9894543e-20)
(-0.0011567127 0.012190637 3.8858225e-20)
(-0.00013877493 0.0032717242 5.1657125e-21)
)
;
    }
    frontAndBack
    {
        type            empty;
    }
}


// ************************************************************************* //
