/*--------------------------------*- C++ -*----------------------------------*\
  =========                 |
  \\      /  F ield         | OpenFOAM: The Open Source CFD Toolbox
   \\    /   O peration     | Website:  https://openfoam.org
    \\  /    A nd           | Version:  13
     \\/     M anipulation  |
\*---------------------------------------------------------------------------*/
FoamFile
{
    format      ascii;
    class       volVectorField;
    location    "44.40396";
    object      wallShearStress;
}
// * * * * * * * * * * * * * * * * * * * * * * * * * * * * * * * * * * * * * //

dimensions      [0 2 -2 0 0 0 0];

internalField   uniform (0 0 0);

boundaryField
{
    inlet
    {
        type            calculated;
        value           uniform (0 0 0);
    }
    outlet
    {
        type            calculated;
        value           uniform (0 0 0);
    }
    cylinder
    {
        type            calculated;
        value           nonuniform List<vector> 
132
(
(3.8145421e-05 -0.0025402015 -3.0111446e-22)
(0.00011849363 -0.0028120163 8.5698121e-23)
(0.00021450598 -0.0030649144 4.7263505e-21)
(0.00032433419 -0.0032936915 -1.5835001e-20)
(0.00044593924 -0.0034935193 1.1156327e-20)
(0.0005767279 -0.0036598456 3.4014572e-20)
(0.00071359327 -0.003788721 -6.4293491e-21)
(0.00085299349 -0.0038769828 -2.5406047e-20)
(0.00099117551 -0.0039223606 2.3882462e-20)
(0.0011242074 -0.0039238334 -5.3401522e-20)
(0.0012481528 -0.0038815045 -9.6915511e-22)
(0.001359418 -0.0037971535 3.2996729e-20)
(0.0014548004 -0.003673694 5.3673775e-20)
(0.0015319863 -0.0035158647 -4.348986e-20)
(0.0015895918 -0.0033295813 4.5687451e-20)
(0.0016274953 -0.0031220245 7.337769e-20)
(0.0016471876 -0.0029016719 -4.7989447e-20)
(0.0016517085 -0.0026775035 7.6847043e-20)
(0.0016461064 -0.0024592398 1.0145297e-19)
(0.0016373738 -0.0022566302 -6.572457e-20)
(0.0016348409 -0.0020794983 -8.368172e-20)
(0.0016502887 -0.0019373044 2.9445784e-23)
(0.0016979859 -0.0018386489 1.2122624e-20)
(0.0017941432 -0.0017902511 -1.4510133e-20)
(0.0019549985 -0.0017949579 -2.4684733e-20)
(0.0021931156 -0.0018490794 5.2808166e-21)
(0.0025132053 -0.0019407798 -4.7704802e-20)
(0.0029052514 -0.0020479323 1.2755072e-20)
(0.0033425211 -0.0021413207 1.0024556e-20)
(0.0037846742 -0.0021910171 -6.9105355e-20)
(0.0041928673 -0.0021775416 9.0260443e-20)
(0.0045319668 -0.0020917717 2.7344798e-21)
(0.0047580691 -0.0019283836 1.9734279e-20)
(0.0047948224 -0.0016796324 -2.3416813e-20)
(0.0045260937 -0.0013417299 7.4522524e-20)
(0.0037849386 -0.00092261962 -4.7209971e-21)
(0.0023840057 -0.00046137564 1.9071479e-20)
(9.1535373e-05 -3.1095813e-05 -2.6211832e-21)
(-0.0032812101 0.00024096188 3.7602567e-21)
(-0.0078735569 0.00017572106 -2.342346e-21)
(-0.01406783 -0.00046638844 4.3607781e-21)
(-0.021715889 -0.0020159006 -1.3383569e-22)
(-0.030105786 -0.0046292016 4.877748e-20)
(-0.038774923 -0.0083731981 -1.8676288e-20)
(-0.047130229 -0.013189412 1.6750934e-20)
(-0.054691222 -0.018924513 -1.0705199e-19)
(-0.061030653 -0.025329697 -1.7200989e-20)
(-0.065896262 -0.032129431 1.5073606e-19)
(-0.06910417 -0.039012456 -1.2861075e-19)
(-0.070626829 -0.045693336 -2.4639579e-21)
(-0.070471791 -0.051875061 3.9608236e-20)
(-0.068788867 -0.057339835 -3.6638151e-20)
(-0.065677683 -0.061825782 -7.4009551e-21)
(-0.061372801 -0.06518734 -5.0305376e-21)
(-0.056121325 -0.067318194 -9.6939915e-21)
(-0.050105683 -0.068059653 5.5842832e-23)
(-0.043612371 -0.067403059 4.6435728e-22)
(-0.036876873 -0.065315667 4.3310267e-20)
(-0.030148111 -0.061828873 -6.9605447e-20)
(-0.023659342 -0.057003884 -7.6212207e-20)
(-0.017628359 -0.050937478 -3.1415365e-20)
(-0.012252209 -0.043758333 -7.2751114e-20)
(-0.0077029654 -0.035624137 1.6346102e-20)
(-0.0041209477 -0.02671457 2.3906073e-20)
(-0.001621703 -0.017251771 -3.7295562e-20)
(-0.00026481501 -0.0073921507 -4.9964306e-21)
(-2.6821506e-05 -0.0022519946 -1.3852396e-21)
(-7.597803e-05 -0.0019467172 -8.2481734e-23)
(-0.00010826672 -0.0016259495 -4.7310639e-21)
(-0.00012237752 -0.0012943242 1.584462e-20)
(-0.00011730033 -0.00095540803 -1.116798e-20)
(-9.3038074e-05 -0.0006176402 -3.4071703e-20)
(-4.9605608e-05 -0.00028486096 6.445734e-21)
(1.1762968e-05 3.6504973e-05 2.549982e-20)
(8.9372439e-05 0.00034060079 -2.400524e-20)
(0.00018131895 0.00062189144 5.3770074e-20)
(0.00028450156 0.00087541264 9.7781334e-22)
(0.00039560692 0.00109719 -3.3372719e-20)
(0.0005112054 0.0012842863 -5.4430061e-20)
(0.0006277796 0.0014350941 4.4231379e-20)
(0.00074210658 0.0015495836 -4.661093e-20)
(0.00085149193 0.001629233 -7.5103743e-20)
(0.00095429096 0.0016774342 4.9280557e-20)
(0.0010499597 0.0016988614 -7.9174384e-20)
(0.001139966 0.0017002963 -1.0485993e-19)
(0.0012273111 0.0016890534 6.8138536e-20)
(0.0013178287 0.0016741677 8.6999186e-20)
(0.0014195201 0.0016646612 7.8041803e-20)
(0.0015420831 0.0016684909 6.4209576e-20)
(0.0016967202 0.0016921509 1.5186122e-20)
(0.0018940426 0.0017385825 2.5874328e-20)
(0.0021405548 0.0018048096 -5.5417913e-21)
(0.0024366552 0.00188205 5.0101812e-20)
(0.0027755585 0.0019570642 -1.3401339e-20)
(0.003138753 0.0020113346 -1.0533429e-20)
(0.0035028648 0.0020282914 7.2599647e-20)
(0.0038439172 0.0019966097 -9.479157e-20)
(0.0041229294 0.0019033012 -2.8539882e-21)
(0.0042801486 0.0017352404 4.7115508e-20)
(0.0042213393 0.0014797349 2.45629e-20)
(0.0038183924 0.0011336778 -7.81155e-20)
(0.0028990474 0.00070987127 4.943316e-21)
(0.0012781226 0.00025481331 1.4539688e-20)
(-0.0012668602 -0.00014994475 2.7336684e-21)
(-0.004933923 -0.0003745118 -3.9082456e-21)
(-0.0097785283 -0.00022787618 2.4239178e-21)
(-0.016191608 0.00053175593 -4.4867051e-21)
(-0.023969868 0.0022212389 3.6047914e-20)
(-0.032352567 0.0049710244 -4.9414799e-20)
(-0.040892809 0.0088270669 1.8753937e-20)
(-0.048984299 0.01370556 -1.6664107e-20)
(-0.056193921 0.019441951 1.0547002e-19)
(-0.062124086 0.025779883 1.6771371e-20)
(-0.066552231 0.03244576 -1.4534352e-19)
(-0.069321437 0.039131705 1.2244147e-19)
(-0.070434454 0.045565515 2.3107684e-21)
(-0.069887907 0.051441895 -3.6420332e-20)
(-0.067894396 0.056590895 3.2798804e-20)
(-0.064481809 0.060696106 -5.0981966e-20)
(-0.059940334 0.063662166 3.9319251e-21)
(-0.054555719 0.065436038 -7.5405098e-21)
(-0.048424229 0.065770781 3.6983836e-21)
(-0.041888743 0.064733534 -6.6272202e-22)
(-0.035163377 0.062273894 -5.2143861e-20)
(-0.028498235 0.058436698 7.8560004e-20)
(-0.022122476 0.053289897 8.3048301e-20)
(-0.016248306 0.046934568 3.3462552e-20)
(-0.011068022 0.039506769 7.6224858e-20)
(-0.0067467654 0.031166014 -1.6906629e-20)
(-0.0034185568 0.022099388 4.850871e-20)
(-0.0011910378 0.01251326 3.7793932e-20)
(-0.00012459983 0.0026359485 5.0213697e-21)
)
;
    }
    frontAndBack
    {
        type            empty;
    }
}


// ************************************************************************* //
