/*--------------------------------*- C++ -*----------------------------------*\
  =========                 |
  \\      /  F ield         | OpenFOAM: The Open Source CFD Toolbox
   \\    /   O peration     | Website:  https://openfoam.org
    \\  /    A nd           | Version:  13
     \\/     M anipulation  |
\*---------------------------------------------------------------------------*/
FoamFile
{
    format      ascii;
    class       volVectorField;
    location    "7.698925";
    object      wallShearStress;
}
// * * * * * * * * * * * * * * * * * * * * * * * * * * * * * * * * * * * * * //

dimensions      [0 2 -2 0 0 0 0];

internalField   uniform (0 0 0);

boundaryField
{
    inlet
    {
        type            calculated;
        value           uniform (0 0 0);
    }
    outlet
    {
        type            calculated;
        value           uniform (0 0 0);
    }
    cylinder
    {
        type            calculated;
        value           nonuniform List<vector> 
132
(
(0.00010712654 -0.0017921455 -1.1749214e-22)
(0.0004474466 -0.008916482 3.4147842e-23)
(0.0011749395 -0.015882559 1.9940189e-21)
(0.0022653994 -0.022446642 -7.2207338e-21)
(0.0036673685 -0.028365597 5.5888323e-21)
(0.0053022503 -0.033407667 1.887422e-20)
(0.0070653012 -0.037367708 -3.9566265e-21)
(0.0088341007 -0.04008029 -1.7260878e-20)
(0.01047481 -0.041434249 1.7761044e-20)
(0.01185011 -0.041384202 -4.2978934e-20)
(0.012832403 -0.039960342 -8.327917e-22)
(0.013317874 -0.037275421 2.989263e-20)
(0.013240237 -0.033523722 5.0528113e-20)
(0.012585617 -0.028979175 -4.1979497e-20)
(0.011397191 -0.023968065 4.4672391e-20)
(0.0097804752 -0.018849846 7.1914253e-20)
(0.0078874903 -0.013970295 -4.6750745e-20)
(0.0058945979 -0.0096175036 7.3975739e-20)
(0.0039800137 -0.0059941366 9.6176554e-20)
(0.002283096 -0.0031829597 -6.1286023e-20)
(0.00089818319 -0.0011717161 -7.679506e-20)
(-0.00015753421 0.00016605768 2.6599131e-23)
(-0.00090014569 0.00096383493 1.0826034e-20)
(-0.0013903405 0.0013831639 -1.2814962e-20)
(-0.0015804096 0.0014535478 -2.1570491e-20)
(-0.0013709523 0.0011659749 4.5644744e-21)
(-0.00048078492 0.00038746017 -4.0809128e-20)
(0.00097286724 -0.00066890898 1.0839322e-20)
(0.0025793576 -0.0016397651 8.5010409e-21)
(0.0038849942 -0.0022429654 -5.872431e-20)
(0.0046149935 -0.0023957989 7.6952491e-20)
(0.0049149335 -0.0022695217 2.3367063e-21)
(0.0050355303 -0.0020413525 1.6875492e-20)
(0.0050966978 -0.0017846455 -2.0024795e-20)
(0.0049889358 -0.0014770278 6.3744202e-20)
(0.004500465 -0.0010935876 -4.0419097e-21)
(0.0034130303 -0.00065276646 1.6358087e-20)
(0.0014861722 -0.00021650794 -2.25502e-21)
(-0.0014863262 9.5218695e-05 3.2496291e-21)
(-0.0057288454 0.00012024288 -2.0362745e-21)
(-0.011613207 -0.00039047652 3.8207685e-21)
(-0.019055806 -0.0017733285 -1.1838961e-22)
(-0.027426349 -0.0042214042 4.3574175e-20)
(-0.036226457 -0.0078267741 -1.6843475e-20)
(-0.044815151 -0.012544748 1.5236475e-20)
(-0.052713448 -0.018243163 -9.8090228e-20)
(-0.059417874 -0.024663803 -1.5846345e-20)
(-0.0646393 -0.031519653 1.3936375e-19)
(-0.068180455 -0.03849361 -1.1903548e-19)
(-0.069983376 -0.04527926 -2.2767064e-21)
(-0.070058122 -0.051572374 3.6385759e-20)
(-0.068550634 -0.057142707 -3.3257841e-20)
(-0.065562257 -0.061718192 -6.5559822e-21)
(-0.061333108 -0.065145955 -4.2191685e-21)
(-0.056127102 -0.067325605 -6.6954317e-21)
(-0.050124977 -0.068086001 -2.577309e-21)
(-0.043623652 -0.067420291 6.0580168e-22)
(-0.036866622 -0.065296914 4.9880326e-20)
(-0.030109047 -0.061747667 -7.6728148e-20)
(-0.023590693 -0.056836724 -8.2180982e-20)
(-0.017534435 -0.050663322 -3.3437377e-20)
(-0.012141952 -0.04336014 -7.6781087e-20)
(-0.0075886258 -0.035087792 1.7151402e-20)
(-0.0040176832 -0.026031567 2.4978978e-20)
(-0.0015461225 -0.016412446 -3.885136e-20)
(-0.00023630315 -0.0064082169 -5.1933504e-21)
(0.00015456167 0.0053243607 -5.4424528e-22)
(0.00058611319 0.012337202 -3.3664924e-23)
(0.001392735 0.019078303 -2.0562639e-21)
(0.0025409565 0.025308242 7.4916309e-21)
(0.003970879 0.030794623 -5.8157834e-21)
(0.0055968559 0.035320377 -1.9634712e-20)
(0.0073088153 0.038701512 4.1045393e-21)
(0.0089843952 0.040798053 1.7824114e-20)
(0.010491089 0.041527769 -1.823649e-20)
(0.011697867 0.040876809 4.3853993e-20)
(0.012488195 0.038909096 8.4437803e-22)
(0.012772833 0.035767558 -3.011353e-20)
(0.012505774 0.031679213 -5.0598146e-20)
(0.011691371 0.026933023 4.1814518e-20)
(0.010395349 0.021871923 -4.4292851e-20)
(0.0087357994 0.016844181 -7.1051792e-20)
(0.0068693826 0.012173473 4.6072439e-20)
(0.0049700909 0.0081145612 -7.2801219e-20)
(0.003196507 0.0048191779 -9.4601225e-20)
(0.0016692955 0.0023330396 6.029908e-20)
(0.00045286481 0.00060146154 7.5611121e-20)
(-0.00045449964 -0.00051755791 6.6744562e-20)
(-0.0010829817 -0.0011641046 5.4141497e-20)
(-0.0014557722 -0.0014508773 1.2644996e-20)
(-0.0014825303 -0.001365937 2.1287773e-20)
(-0.0011299222 -0.00096471833 -4.5080114e-21)
(-3.3747137e-05 -4.3630995e-05 4.0322593e-20)
(0.0015349572 0.0010659158 -1.0734212e-20)
(0.0030539194 0.0019460076 -8.432812e-21)
(0.0041689225 0.0024096774 5.8340367e-20)
(0.0047121368 0.0024476326 -7.6472208e-20)
(0.0049328907 0.0022782414 -2.3091307e-21)
(0.0050366312 0.0020419418 3.8184889e-20)
(0.0050712053 0.0017761341 1.9942034e-20)
(0.004878452 0.0014452103 -6.3585493e-20)
(0.0042442114 0.0010328749 4.0397847e-21)
(0.0029523824 0.00056764812 1.1948675e-20)
(0.00075899934 0.00012038566 2.2635139e-21)
(-0.002529661 -0.00018084173 -3.2680118e-21)
(-0.0071041047 -0.00015475977 2.0506861e-21)
(-0.013340507 0.0004447426 -3.8497332e-21)
(-0.02109447 0.0019600493 3.1428636e-20)
(-0.029655644 0.0045615737 -4.3775004e-20)
(-0.038519158 0.0083192473 1.6865313e-20)
(-0.047058522 0.013170277 -1.5192644e-20)
(-0.05478178 0.018956552 9.7304062e-20)
(-0.06123247 0.025413881 1.5626741e-20)
(-0.066151726 0.032254067 -1.3648669e-19)
(-0.06935541 0.039154008 1.1563461e-19)
(-0.070827964 0.045822825 2.1896245e-21)
(-0.070567938 0.051944847 -3.4527249e-20)
(-0.068775585 0.057327486 3.0971943e-20)
(-0.065504341 0.061660622 -4.7579967e-20)
(-0.061038043 0.064829754 3.5424198e-21)
(-0.055662972 0.066765795 -5.5927567e-21)
(-0.049507045 0.067243202 4.9498232e-21)
(-0.042906937 0.066308794 -7.3247986e-22)
(-0.03609076 0.063918258 -5.5570331e-20)
(-0.029315589 0.060115037 8.2538491e-20)
(-0.022818084 0.054968438 8.6644214e-20)
(-0.01681726 0.048581975 3.4780777e-20)
(-0.011511145 0.041094259 7.907002e-20)
(-0.0070699088 0.032668286 -1.752189e-20)
(-0.0036317236 0.023494787 5.0267026e-20)
(-0.0013075521 0.013786787 3.9181964e-20)
(-0.00015828492 0.003762747 5.2109349e-21)
)
;
    }
    frontAndBack
    {
        type            empty;
    }
}


// ************************************************************************* //
