/*--------------------------------*- C++ -*----------------------------------*\
  =========                 |
  \\      /  F ield         | OpenFOAM: The Open Source CFD Toolbox
   \\    /   O peration     | Website:  https://openfoam.org
    \\  /    A nd           | Version:  13
     \\/     M anipulation  |
\*---------------------------------------------------------------------------*/
FoamFile
{
    format      ascii;
    class       volVectorField;
    location    "28.002243";
    object      wallShearStress;
}
// * * * * * * * * * * * * * * * * * * * * * * * * * * * * * * * * * * * * * //

dimensions      [0 2 -2 0 0 0 0];

internalField   uniform (0 0 0);

boundaryField
{
    inlet
    {
        type            calculated;
        value           uniform (0 0 0);
    }
    outlet
    {
        type            calculated;
        value           uniform (0 0 0);
    }
    cylinder
    {
        type            calculated;
        value           nonuniform List<vector> 
132
(
(4.9697296e-06 -8.8836833e-05 -2.4759402e-22)
(2.0710551e-05 -0.0004146488 7.0378953e-23)
(5.4432838e-05 -0.00073634339 3.8775552e-21)
(0.000105849 -0.0010483479 -1.2979701e-20)
(0.00017404253 -0.0013448821 9.138251e-21)
(0.0002574694 -0.00162018 2.7847874e-20)
(0.00035394034 -0.0018687042 -5.2622926e-21)
(0.00046064762 -0.0020853176 -2.0793383e-20)
(0.0005742427 -0.0022655631 1.955006e-20)
(0.00069086311 -0.0024058464 -4.3732488e-20)
(0.00080650491 -0.0025037222 -7.9416177e-22)
(0.00091700311 -0.0025579528 2.7061785e-20)
(0.0010183766 -0.0025689247 4.4063543e-20)
(0.0011070139 -0.0025384731 -3.5743565e-20)
(0.0011800597 -0.0024701841 3.7595955e-20)
(0.0012356768 -0.0023692482 6.0460064e-20)
(0.0012729827 -0.0022417015 -3.9593094e-20)
(0.0012929659 -0.0020955102 6.3483136e-20)
(0.0012982577 -0.0019393909 8.3912945e-20)
(0.0012932654 -0.0017824529 -5.4422803e-20)
(0.0012843189 -0.0016339265 -6.9361424e-20)
(0.0012798559 -0.0015029093 2.4414701e-23)
(0.0012905323 -0.0013980232 1.0062931e-20)
(0.0013294165 -0.0013271449 -1.2049634e-20)
(0.0014115473 -0.0012965246 -2.0501563e-20)
(0.001552171 -0.0013090086 4.3850627e-21)
(0.0017638702 -0.0013621637 -3.9591543e-20)
(0.0020489115 -0.0014440092 1.0576418e-20)
(0.0024000433 -0.0015369411 8.302358e-21)
(0.002791783 -0.0016154123 -5.7153148e-20)
(0.00318608 -0.0016537527 7.4530338e-20)
(0.0035545829 -0.0016395841 2.2538161e-21)
(0.0038716879 -0.0015677893 1.6230928e-20)
(0.0040964298 -0.0014330987 -1.9212001e-20)
(0.0041536567 -0.0012285459 6.0978088e-20)
(0.0039121512 -0.00094910226 -3.8528836e-21)
(0.0032059332 -0.00061059119 1.5531018e-20)
(0.0018236258 -0.00025786161 -2.1320111e-21)
(-0.00044142004 1.6328643e-05 3.0600016e-21)
(-0.0038229836 7.5686476e-05 -1.9104744e-21)
(-0.008666741 -0.00029441196 3.5742338e-21)
(-0.014953708 -0.0013943844 -1.1053269e-22)
(-0.022168465 -0.0034148757 4.064884e-20)
(-0.029871621 -0.0064565285 -1.5711018e-20)
(-0.037498304 -0.010499056 1.4215597e-20)
(-0.044551577 -0.015420668 -9.1529059e-20)
(-0.05059332 -0.021003159 -1.4789553e-20)
(-0.055348402 -0.02699121 1.3002279e-19)
(-0.058620071 -0.033097733 -1.1097969e-19)
(-0.060365045 -0.039057714 -2.1193174e-21)
(-0.060577324 -0.04459452 3.3781073e-20)
(-0.059395323 -0.049512182 -3.0735165e-20)
(-0.05690458 -0.053569143 -6.0048058e-21)
(-0.053303948 -0.056618462 -3.7843037e-21)
(-0.048831567 -0.058575191 -5.5091999e-21)
(-0.0436545 -0.059297651 -3.2177914e-21)
(-0.038026207 -0.058770013 6.178979e-22)
(-0.03216216 -0.056965013 4.9407449e-20)
(-0.026286381 -0.053908539 -7.5138896e-20)
(-0.020609787 -0.049655187 -8.0002622e-20)
(-0.015329021 -0.044291326 -3.2436012e-20)
(-0.010621971 -0.037932309 -7.4311577e-20)
(-0.0066436879 -0.030718787 1.6574121e-20)
(-0.003521158 -0.022813106 2.4112231e-20)
(-0.0013574291 -0.014409237 -3.7474595e-20)
(-0.00020855272 -0.0056630656 -5.0066372e-21)
(7.034806e-06 0.00023870985 -1.1405076e-21)
(2.711891e-05 0.0005684605 -6.800539e-23)
(6.5765246e-05 0.0008981287 -3.9067263e-21)
(0.00012303319 0.0012220589 1.3104933e-20)
(0.00019834925 0.0015341643 -9.2522268e-21)
(0.00029045232 0.0018281802 -2.8274111e-20)
(0.00039735641 0.0020978322 5.3577397e-21)
(0.00051634395 0.0023370704 2.1229e-20)
(0.0006439338 0.0025403567 -2.0014051e-20)
(0.00077621998 0.0027028768 4.4889583e-20)
(0.00090874632 0.002820849 8.1725369e-22)
(0.0010368068 0.0028918523 -2.7918927e-20)
(0.0011556749 0.0029149914 -4.5567002e-20)
(0.0012609873 0.0028913022 3.7045855e-20)
(0.0013489275 0.002823472 -3.9046995e-20)
(0.0014169732 0.0027167172 -6.2913999e-20)
(0.0014633721 0.0025768929 4.1271807e-20)
(0.0014886766 0.0024126829 -6.6277798e-20)
(0.0014952358 0.0022336978 -8.7726649e-20)
(0.0014873107 0.0020500187 5.6963515e-20)
(0.001471881 0.0018727296 7.2672436e-20)
(0.0014580111 0.001712353 6.5133552e-20)
(0.0014577915 0.0015794961 5.3541611e-20)
(0.0014854959 0.0014832696 1.2651448e-20)
(0.0015575365 0.0014309451 2.153581e-20)
(0.0016897133 0.0014253323 -4.6082053e-21)
(0.001894817 0.0014635991 4.1622553e-20)
(0.0021751068 0.0015332492 -1.1123474e-20)
(0.0025184068 0.0016130536 -8.735904e-21)
(0.0028962605 0.0016761638 6.016883e-20)
(0.0032741337 0.0016997265 -7.8509397e-20)
(0.003621118 0.0016705641 -2.3620195e-21)
(0.0039041131 0.0015813118 3.896016e-20)
(0.0040689648 0.0014241059 2.0292283e-20)
(0.0040225903 0.0011907738 -6.4488065e-20)
(0.0036191961 0.00087965449 4.0801213e-21)
(0.0026845105 0.00051424828 1.2010116e-20)
(0.00099634453 0.00014854225 2.2630308e-21)
(-0.0016398814 -0.00011289584 -3.2493064e-21)
(-0.0054181997 -0.00011545529 2.027854e-21)
(-0.010698156 0.00035881881 -3.7871546e-21)
(-0.017368055 0.001615631 3.0773112e-20)
(-0.024836674 0.0038222156 -4.2699813e-20)
(-0.032652631 0.007053991 1.6400865e-20)
(-0.040215354 0.011256611 -1.4735731e-20)
(-0.047088675 0.016296026 9.4182284e-20)
(-0.052853295 0.021937572 1.5097531e-20)
(-0.057265973 0.027922742 -1.3165826e-19)
(-0.060169886 0.033969361 1.1138451e-19)
(-0.061541005 0.039815339 2.1062291e-21)
(-0.061391248 0.045190574 -3.3170747e-20)
(-0.059881485 0.049914418 2.9703402e-20)
(-0.057084604 0.053735483 -4.5559102e-20)
(-0.053223029 0.056529521 3.372969e-21)
(-0.048549072 0.058233182 -5.2067288e-21)
(-0.043201697 0.058679148 4.8742883e-21)
(-0.037452291 0.057879234 -7.1032121e-22)
(-0.031510917 0.055807189 -5.3704253e-20)
(-0.025599868 0.052495426 7.9644931e-20)
(-0.019927728 0.048005388 8.3537035e-20)
(-0.014686955 0.042427514 3.3517463e-20)
(-0.010051568 0.035882992 7.6177689e-20)
(-0.0061713103 0.028515034 -1.6879109e-20)
(-0.0031679549 0.020491284 4.8423753e-20)
(-0.0011384402 0.011998786 3.7749836e-20)
(-0.00013684862 0.0032315881 5.0217065e-21)
)
;
    }
    frontAndBack
    {
        type            empty;
    }
}


// ************************************************************************* //
