/*--------------------------------*- C++ -*----------------------------------*\
  =========                 |
  \\      /  F ield         | OpenFOAM: The Open Source CFD Toolbox
   \\    /   O peration     | Website:  https://openfoam.org
    \\  /    A nd           | Version:  13
     \\/     M anipulation  |
\*---------------------------------------------------------------------------*/
FoamFile
{
    format      ascii;
    class       volVectorField;
    location    "40.603043";
    object      wallShearStress;
}
// * * * * * * * * * * * * * * * * * * * * * * * * * * * * * * * * * * * * * //

dimensions      [0 2 -2 0 0 0 0];

internalField   uniform (0 0 0);

boundaryField
{
    inlet
    {
        type            calculated;
        value           uniform (0 0 0);
    }
    outlet
    {
        type            calculated;
        value           uniform (0 0 0);
    }
    cylinder
    {
        type            calculated;
        value           nonuniform List<vector> 
132
(
(-1.2657001e-05 0.0012112903 -2.8842157e-22)
(-3.3749104e-05 0.00091223474 8.1803195e-23)
(-3.8501962e-05 0.00061165407 4.4965055e-21)
(-2.7175139e-05 0.00031505251 -1.5014663e-20)
(-4.2675564e-09 2.7091896e-05 1.0544018e-20)
(4.184071e-05 -0.00024756711 3.2047853e-20)
(9.7485924e-05 -0.00050436149 -6.0399098e-21)
(0.00016484091 -0.00073911748 -2.3802506e-20)
(0.00024166163 -0.00094831545 2.232025e-20)
(0.00032537604 -0.001129125 -4.9800801e-20)
(0.00041322372 -0.0012796038 -9.0215076e-22)
(0.00050244138 -0.0013988175 3.0668974e-20)
(0.00059041987 -0.0014869568 4.9829101e-20)
(0.00067485275 -0.0015453571 -4.0341352e-20)
(0.00075407232 -0.0015765406 4.235848e-20)
(0.00082711758 -0.0015840614 6.8017385e-20)
(0.0008940569 -0.0015726292 -4.4486659e-20)
(0.00095609709 -0.0015477454 7.1258892e-20)
(0.0010159777 -0.0015158559 9.41205e-20)
(0.0010780553 -0.0014839072 -6.1011758e-20)
(0.0011486365 -0.0014592943 -7.773562e-20)
(0.0012360684 -0.0014494171 2.7383061e-23)
(0.0013507771 -0.0014612293 1.1277755e-20)
(0.0015043903 -0.0014999246 -1.3508033e-20)
(0.0017083274 -0.0015675814 -2.2993207e-20)
(0.0019706243 -0.0016609136 4.9210785e-21)
(0.0022939004 -0.0017711346 -4.4465204e-20)
(0.0026683101 -0.0018808203 1.1888807e-20)
(0.0030740452 -0.0019692996 9.3412742e-21)
(0.0034855321 -0.0020177895 -6.4363116e-20)
(0.0038692712 -0.0020093885 8.4011578e-20)
(0.0041971638 -0.0019370585 2.5431938e-21)
(0.0044352066 -0.0017972572 1.8337978e-20)
(0.0045093234 -0.0015792726 -2.1739662e-20)
(0.0043075457 -0.0012764879 6.9115036e-20)
(0.0036726039 -0.00089455312 -4.373695e-21)
(0.0024242357 -0.00046773758 1.764887e-20)
(0.00033766574 -6.2666165e-05 -2.423081e-21)
(-0.0027719281 0.0002012574 3.473005e-21)
(-0.0070680515 0.00015581756 -2.1619687e-21)
(-0.012924189 -0.00042974741 4.0236872e-21)
(-0.020225879 -0.001878757 -1.2350932e-22)
(-0.028323899 -0.0043564481 4.503169e-20)
(-0.036750718 -0.0079373011 -1.7249878e-20)
(-0.044921305 -0.012572465 1.547757e-20)
(-0.052390795 -0.018129765 -9.8924505e-20)
(-0.058695088 -0.024361716 -1.5883352e-20)
(-0.063574028 -0.030998458 1.3897825e-19)
(-0.066842719 -0.03773691 -1.1821665e-19)
(-0.068453196 -0.044288069 -2.2536889e-21)
(-0.068410702 -0.050358712 3.5930941e-20)
(-0.066859601 -0.055732359 -3.2794349e-20)
(-0.063887758 -0.060141264 -6.461825e-21)
(-0.059728621 -0.063441266 -4.1684896e-21)
(-0.054633626 -0.065533743 -6.7056554e-21)
(-0.048771233 -0.066246817 -2.3548573e-21)
(-0.042432208 -0.065578577 5.8110685e-22)
(-0.035848315 -0.063492954 4.8100071e-20)
(-0.029267267 -0.060020904 -7.4099744e-20)
(-0.022921094 -0.055222887 -7.9396095e-20)
(-0.017026297 -0.049194299 -3.2300838e-20)
(-0.011779195 -0.042063421 -7.414243e-20)
(-0.007350751 -0.03398575 1.6552059e-20)
(-0.0038808854 -0.025141498 2.4086827e-20)
(-0.0014841802 -0.01574467 -3.7426044e-20)
(-0.00022232324 -0.0059704768 -4.9964816e-21)
(2.4280179e-05 0.0015072589 -1.3313165e-21)
(7.7304915e-05 0.0018006118 -7.9537274e-23)
(0.0001476146 0.002089238 -4.5776117e-21)
(0.00023453853 0.0023678626 1.5381213e-20)
(0.00033719351 0.0026309546 -1.0875798e-20)
(0.00045404629 0.0028727582 -3.328017e-20)
(0.00058284347 0.0030875976 6.3136274e-21)
(0.00072072746 0.0032700741 2.5040488e-20)
(0.00086426369 0.003415318 -2.3625253e-20)
(0.0010094706 0.0035192979 5.3018811e-20)
(0.0011520037 0.0035790579 9.656157e-22)
(0.0012874039 0.0035930983 -3.29937e-20)
(0.0014112871 0.003561379 -5.3852026e-20)
(0.0015198236 0.003485936 4.3777528e-20)
(0.0016098131 0.0033702978 -4.613322e-20)
(0.0016793613 0.0032202198 -7.4310758e-20)
(0.0017280201 0.003043079 4.8731808e-20)
(0.001757184 0.0028477819 -7.8229505e-20)
(0.0017705628 0.0026447318 -1.0350895e-19)
(0.0017742446 0.0024450588 6.7188987e-20)
(0.0017771385 0.0022605058 8.5693361e-20)
(0.0017910029 0.0021026867 7.6787729e-20)
(0.0018302512 0.0019822293 6.3115189e-20)
(0.0019111296 0.001907467 1.4914258e-20)
(0.0020499383 0.0018826869 2.5393363e-20)
(0.002259086 0.001905279 -5.436094e-21)
(0.0025446778 0.0019656378 4.9134549e-20)
(0.0028949524 0.002041182 -1.3143727e-20)
(0.0032854098 0.0021051455 -1.0334462e-20)
(0.0036837122 0.0021328794 7.1272007e-20)
(0.0040502005 0.0021037314 -9.313394e-20)
(0.0043422816 0.0020045937 -2.8066789e-21)
(0.0045031551 0.0018256685 4.638337e-20)
(0.0044428969 0.0015573228 2.4209536e-20)
(0.0040368359 0.0011982823 -7.7097104e-20)
(0.0031121136 0.00076142297 4.8866289e-21)
(0.0014829584 0.00029343638 1.4399293e-20)
(-0.0010744081 -0.0001239029 2.7128576e-21)
(-0.0047560328 -0.00036000436 -3.8872605e-21)
(-0.0096213237 -0.00022321507 2.416703e-21)
(-0.016057987 0.00052786064 -4.4848905e-21)
(-0.023864947 0.0022118396 3.6129913e-20)
(-0.03227701 0.0049596716 -4.9653493e-20)
(-0.040847615 0.0088175292 1.8891327e-20)
(-0.048975154 0.013703069 -1.6827206e-20)
(-0.056222142 0.01945176 1.0676047e-19)
(-0.062191094 0.025807942 1.7021008e-20)
(-0.066659087 0.032498122 -1.4793001e-19)
(-0.069468668 0.039215109 1.2505015e-19)
(-0.0706186 0.045684973 2.3701629e-21)
(-0.070111985 0.05160721 -3.7581191e-20)
(-0.068146334 0.056801304 3.4137843e-20)
(-0.064769731 0.060967745 -5.3908531e-20)
(-0.060257595 0.063999707 4.2954626e-21)
(-0.054885174 0.065831957 -9.4535914e-21)
(-0.048771433 0.066243353 2.478527e-21)
(-0.042242867 0.065282018 -5.9811317e-22)
(-0.035518195 0.062903884 -4.9243583e-20)
(-0.028845796 0.059151529 7.5578358e-20)
(-0.022454306 0.054092189 8.0724928e-20)
(-0.016555628 0.047826569 3.2747267e-20)
(-0.01134154 0.040489678 7.496537e-20)
(-0.0069768726 0.03224024 -1.6693013e-20)
(-0.0035955453 0.023264384 4.8058563e-20)
(-0.0013049321 0.013770352 3.7560009e-20)
(-0.00016331937 0.0039693589 5.0053812e-21)
)
;
    }
    frontAndBack
    {
        type            empty;
    }
}


// ************************************************************************* //
