/*--------------------------------*- C++ -*----------------------------------*\
  =========                 |
  \\      /  F ield         | OpenFOAM: The Open Source CFD Toolbox
   \\    /   O peration     | Website:  https://openfoam.org
    \\  /    A nd           | Version:  13
     \\/     M anipulation  |
\*---------------------------------------------------------------------------*/
FoamFile
{
    format      ascii;
    class       volVectorField;
    location    "43.199055";
    object      wallShearStress;
}
// * * * * * * * * * * * * * * * * * * * * * * * * * * * * * * * * * * * * * //

dimensions      [0 2 -2 0 0 0 0];

internalField   uniform (0 0 0);

boundaryField
{
    inlet
    {
        type            calculated;
        value           uniform (0 0 0);
    }
    outlet
    {
        type            calculated;
        value           uniform (0 0 0);
    }
    cylinder
    {
        type            calculated;
        value           nonuniform List<vector> 
132
(
(2.1250224e-05 -0.0012791272 -2.9768132e-22)
(6.8386683e-05 -0.0015805831 8.5062322e-23)
(0.00013345476 -0.0018818406 4.7100301e-21)
(0.00021616047 -0.0021775687 -1.5845136e-20)
(0.00031599447 -0.0024620026 1.1209974e-20)
(0.00043176417 -0.0027289806 3.4322281e-20)
(0.00056150333 -0.0029722298 -6.5151635e-21)
(0.00070252996 -0.003185597 -2.5855485e-20)
(0.00085150509 -0.0033633012 2.4409369e-20)
(0.0010043971 -0.0035002631 -5.4813151e-20)
(0.0011566735 -0.0035924286 -9.9892147e-22)
(0.0013035057 -0.0036370809 3.4153813e-20)
(0.0014400422 -0.0036331454 5.5780437e-20)
(0.0015617328 -0.0035814084 -4.5372855e-20)
(0.0016647388 -0.003484771 4.784227e-20)
(0.0017462236 -0.0033480376 7.7105813e-20)
(0.001804899 -0.0031781954 -5.0590501e-20)
(0.0018413274 -0.0029839996 8.1250286e-20)
(0.0018583479 -0.0027758291 1.07549e-19)
(0.0018613829 -0.0025652334 -6.9835227e-20)
(0.0018586214 -0.0023643612 -8.9092934e-20)
(0.0018613595 -0.0021856085 3.137529e-23)
(0.001883622 -0.0020404442 1.2945808e-20)
(0.0019419285 -0.0019386729 -1.5511987e-20)
(0.0020529458 -0.0018859077 -2.6410153e-20)
(0.0022325662 -0.0018832972 5.6529136e-21)
(0.0024889182 -0.0019228155 -5.108134e-20)
(0.0028183627 -0.0019872355 1.3658956e-20)
(0.0032020633 -0.0020516522 1.0734548e-20)
(0.0036046132 -0.0020869074 -7.3989612e-20)
(0.0039861231 -0.0020702084 9.6618491e-20)
(0.0043052659 -0.001987175 2.9262913e-21)
(0.0045124601 -0.0018289551 2.1109674e-20)
(0.0045251729 -0.0015854353 -2.5032771e-20)
(0.0042247596 -0.0012528933 7.9588648e-20)
(0.0034480256 -0.00084141671 -5.034977e-21)
(0.0020105035 -0.00039128164 2.0301792e-20)
(-0.00031320745 2.2973493e-05 -2.7835269e-21)
(-0.0037209357 0.00027772233 3.9810498e-21)
(-0.0083224549 0.00018881345 -2.4713304e-21)
(-0.014501901 -0.0004793464 4.582427e-21)
(-0.022114462 -0.0020518388 -1.400169e-22)
(-0.030439452 -0.0046795563 5.0817548e-20)
(-0.039025185 -0.0084264067 -1.9382277e-20)
(-0.04728696 -0.013232691 1.732544e-20)
(-0.054750864 -0.018944657 -1.1040898e-19)
(-0.060997617 -0.025315326 -1.7700772e-20)
(-0.065780415 -0.032072363 1.5486339e-19)
(-0.068917675 -0.038906661 -1.3200444e-19)
(-0.070384425 -0.045536058 -2.5283683e-21)
(-0.070186403 -0.051664584 4.0671566e-20)
(-0.068475924 -0.057078614 -3.7699244e-20)
(-0.065346941 -0.06151408 -7.6494784e-21)
(-0.061035495 -0.06482874 -5.2524651e-21)
(-0.055789369 -0.066919669 -1.0447276e-20)
(-0.049784893 -0.067623544 6.581933e-22)
(-0.043310419 -0.066935974 4.3511775e-22)
(-0.036599036 -0.064823068 4.2093388e-20)
(-0.029898727 -0.0613168 -6.8431447e-20)
(-0.023441616 -0.056478469 -7.5344232e-20)
(-0.017444362 -0.050404631 -3.1159007e-20)
(-0.012103154 -0.043224187 -7.2313121e-20)
(-0.0075889842 -0.035093972 1.6273201e-20)
(-0.0040415603 -0.026194304 2.3828783e-20)
(-0.0015753058 -0.016743699 -3.7214455e-20)
(-0.0002503259 -0.0069094159 -4.990476e-21)
(-9.4852753e-06 -0.00097936668 -1.364068e-21)
(-2.4284513e-05 -0.0006809802 -8.08994e-23)
(-2.2991789e-05 -0.00038540617 -4.6216376e-21)
(-6.1664274e-06 -9.8568306e-05 1.5414797e-20)
(2.5547582e-05 0.00017533072 -1.0819828e-20)
(7.0548829e-05 0.00043195753 -3.2870511e-20)
(0.00012780673 0.00066709431 6.1918316e-21)
(0.00019493662 0.00087728442 2.4388958e-20)
(0.00026952135 0.0010597785 -2.2858491e-20)
(0.00034898837 0.0012126736 5.0975263e-20)
(0.00043072809 0.0013350411 9.2294871e-22)
(0.00051223407 0.0014270467 -3.1359038e-20)
(0.00059130247 0.0014899466 -5.0923184e-20)
(0.00066622865 0.0015261469 4.1205285e-20)
(0.00073596606 0.0015390707 -4.3243157e-20)
(0.00080042511 0.0015331884 -6.9403087e-20)
(0.00086051195 0.0015137405 4.537117e-20)
(0.00091848583 0.0014868507 -7.2643162e-20)
(0.00097797359 0.0014590204 -9.5909284e-20)
(0.0010444726 0.0014374325 6.2148649e-20)
(0.0011250637 0.0014289916 7.915961e-20)
(0.0012291601 0.001440879 7.0863669e-20)
(0.0013673522 0.0014786826 5.8206831e-20)
(0.0015510742 0.0015460003 1.3748495e-20)
(0.0017905626 0.0016426495 2.3402922e-20)
(0.0020898483 0.0017611588 -5.0093722e-21)
(0.0024450212 0.00188775 4.5273431e-20)
(0.0028433555 0.0020042901 -1.210875e-20)
(0.0032617189 0.0020897611 -9.5180637e-21)
(0.0036675377 0.0021234928 6.5615214e-20)
(0.0040319865 0.0020942624 -8.5697278e-20)
(0.0043296906 0.0019986553 -2.5810644e-21)
(0.0045156373 0.0018304525 4.2632603e-20)
(0.0044992813 0.0015766626 2.2244247e-20)
(0.0041531589 0.0012321567 -7.0829716e-20)
(0.0033066045 0.00080782165 4.4901958e-21)
(0.0017721211 0.00034716201 1.3238569e-20)
(-0.00067614162 -7.1008608e-05 2.496754e-21)
(-0.0042342474 -0.00031841134 -3.5831266e-21)
(-0.008988646 -0.00020630395 2.2322145e-21)
(-0.01531993 0.0005048861 -4.1531357e-21)
(-0.023047903 0.0021371362 3.3554937e-20)
(-0.031419553 0.0048288505 -4.6245773e-20)
(-0.039979588 0.0086310365 1.7638551e-20)
(-0.048136328 0.013469112 -1.5741958e-20)
(-0.055429785 0.019178252 9.9982301e-20)
(-0.061456149 0.025503702 1.5942961e-20)
(-0.065988141 0.032171647 -1.3840267e-19)
(-0.068858012 0.03887092 1.1668028e-19)
(-0.07006699 0.045328538 2.2006803e-21)
(-0.06960922 0.051237454 -3.4599864e-20)
(-0.067692625 0.056423363 3.0988686e-20)
(-0.064350986 0.060573626 -4.7600659e-20)
(-0.05986984 0.063587913 3.5632265e-21)
(-0.054531475 0.065407608 -5.8536508e-21)
(-0.048441213 0.065794561 4.6420339e-21)
(-0.041936301 0.064807814 -7.0664896e-22)
(-0.035233583 0.062399144 -5.3877992e-20)
(-0.028583167 0.058611962 8.0128534e-20)
(-0.022214787 0.053513669 8.4120883e-20)
(-0.016341278 0.04720502 3.3750671e-20)
(-0.011155408 0.039821439 7.6661921e-20)
(-0.0068229148 0.031522224 -1.6968777e-20)
(-0.0034782951 0.02249379 4.8611316e-20)
(-0.0012298883 0.012943588 3.7826405e-20)
(-0.00013771492 0.0030906552 5.0202544e-21)
)
;
    }
    frontAndBack
    {
        type            empty;
    }
}


// ************************************************************************* //
