/*--------------------------------*- C++ -*----------------------------------*\
  =========                 |
  \\      /  F ield         | OpenFOAM: The Open Source CFD Toolbox
   \\    /   O peration     | Website:  https://openfoam.org
    \\  /    A nd           | Version:  13
     \\/     M anipulation  |
\*---------------------------------------------------------------------------*/
FoamFile
{
    format      ascii;
    class       volVectorField;
    location    "25.997613";
    object      wallShearStress;
}
// * * * * * * * * * * * * * * * * * * * * * * * * * * * * * * * * * * * * * //

dimensions      [0 2 -2 0 0 0 0];

internalField   uniform (0 0 0);

boundaryField
{
    inlet
    {
        type            calculated;
        value           uniform (0 0 0);
    }
    outlet
    {
        type            calculated;
        value           uniform (0 0 0);
    }
    cylinder
    {
        type            calculated;
        value           nonuniform List<vector> 
132
(
(2.0001562e-05 -0.0010901694 -2.4174912e-22)
(6.5902801e-05 -0.0014930461 6.8956676e-23)
(0.00013513882 -0.0018913813 3.8124101e-21)
(0.00022684417 -0.0022774686 -1.2806991e-20)
(0.00033984182 -0.0026434098 9.048948e-21)
(0.00047203577 -0.0029810693 2.7674467e-20)
(0.00062039172 -0.0032824617 -5.2481026e-21)
(0.00078089125 -0.003540031 -2.0809688e-20)
(0.00094872445 -0.0037470493 1.9631922e-20)
(0.0011184344 -0.0038978829 -4.405898e-20)
(0.0012840278 -0.003988508 -8.0254443e-22)
(0.0014392855 -0.0040167179 2.7427986e-20)
(0.0015782121 -0.0039826951 4.4779795e-20)
(0.0016953083 -0.0038888047 -3.6413223e-20)
(0.0017863379 -0.0037404713 3.8383755e-20)
(0.0018481788 -0.003544729 6.1844672e-20)
(0.0018800652 -0.0033117793 -4.0565595e-20)
(0.001883443 -0.0030534716 6.5131018e-20)
(0.0018621222 -0.0027826554 8.6186034e-20)
(0.0018231497 -0.0025136714 -5.5945994e-20)
(0.0017762797 -0.0022606479 -7.1350351e-20)
(0.0017345857 -0.0020376474 2.5111525e-23)
(0.0017140393 -0.0018574465 1.0360629e-20)
(0.0017335682 -0.0017311129 -1.2409988e-20)
(0.0018130862 -0.0016657241 -2.1121278e-20)
(0.0019705573 -0.0016621562 4.5193771e-21)
(0.0022161987 -0.0017117833 -4.0827178e-20)
(0.0025458856 -0.0017946541 1.0915288e-20)
(0.0029378829 -0.0018819215 8.5780812e-21)
(0.0033514821 -0.0019399701 -5.9135918e-20)
(0.003743186 -0.0019437207 7.7247247e-20)
(0.004078173 -0.0018820177 2.340683e-21)
(0.0043217357 -0.0017511535 1.6895249e-20)
(0.0044137239 -0.0015455721 -2.0050724e-20)
(0.0042540299 -0.0012602318 6.3819838e-20)
(0.0036952913 -0.0008993424 -4.0437319e-21)
(0.0025663315 -0.00049348631 1.634055e-20)
(0.00065284622 -0.00010382813 -2.2470284e-21)
(-0.0022281907 0.0001592986 3.2266076e-21)
(-0.0062523869 0.0001360661 -2.012636e-21)
(-0.011782042 -0.00039316748 3.7548566e-21)
(-0.018736752 -0.0017416024 -1.1558022e-22)
(-0.026521997 -0.0040805541 4.2264757e-20)
(-0.034705843 -0.0074969625 -1.623837e-20)
(-0.042701779 -0.01195236 1.461018e-20)
(-0.050060799 -0.017324561 -9.362161e-20)
(-0.056336776 -0.023384417 -1.5066129e-20)
(-0.061250903 -0.029867212 1.3206038e-19)
(-0.06460826 -0.03647688 -1.1247354e-19)
(-0.066347968 -0.042927426 -2.1451652e-21)
(-0.066468605 -0.048930433 3.4182775e-20)
(-0.065092962 -0.05426099 -3.11198e-20)
(-0.062319642 -0.05866642 -6.0983285e-21)
(-0.05836387 -0.061992838 -3.8720998e-21)
(-0.053460863 -0.06412816 -5.8315753e-21)
(-0.047795539 -0.064922718 -2.934473e-21)
(-0.041641165 -0.064357265 6.0275291e-22)
(-0.03523039 -0.062399864 4.8711318e-20)
(-0.028806763 -0.05907805 -7.4406168e-20)
(-0.022599654 -0.054450323 -7.94208e-20)
(-0.016823339 -0.048610324 -3.2255449e-20)
(-0.011671873 -0.041683636 -7.3997894e-20)
(-0.0073145561 -0.033823939 1.6523643e-20)
(-0.0038897098 -0.025208256 2.40661e-20)
(-0.0015106675 -0.016050753 -3.7446515e-20)
(-0.00023732897 -0.0065173362 -5.0092513e-21)
(-4.2289726e-06 -0.00068605631 -1.1098355e-21)
(-6.4108013e-06 -0.00028028122 -6.5960047e-23)
(1.3506754e-05 0.0001232694 -3.7764635e-21)
(5.4880843e-05 0.00051771538 1.2626586e-20)
(0.00011780844 0.00089550466 -8.8856223e-21)
(0.00019997861 0.0012490892 -2.7067723e-20)
(0.00029877838 0.0015712908 5.1133233e-21)
(0.00041080343 0.0018554553 2.0200267e-20)
(0.00053195142 0.0020957814 -1.8989769e-20)
(0.00065756491 0.0022876903 4.2476605e-20)
(0.00078261536 0.0024280613 7.7136977e-22)
(0.00090216856 0.0025155827 -2.6287789e-20)
(0.0010114177 0.0025507485 -4.2810418e-20)
(0.0011062721 0.0025364115 3.4734904e-20)
(0.0011834528 0.0024771068 -3.6545385e-20)
(0.0012412728 0.0023799036 -5.8789709e-20)
(0.0012794115 0.002252996 3.8513372e-20)
(0.0012997631 0.0021064935 -6.1776399e-20)
(0.0013065256 0.0019516496 -8.1691096e-20)
(0.0013062252 0.0018001089 5.300483e-20)
(0.0013082904 0.0016640516 6.7584537e-20)
(0.001324728 0.001555023 6.0550863e-20)
(0.0013705719 0.0014839301 4.9764831e-20)
(0.0014628022 0.0014593312 1.1758943e-20)
(0.0016181181 0.0014852525 2.0020547e-20)
(0.0018484373 0.0015580155 -4.2858398e-21)
(0.0021564658 0.0016648733 3.8737823e-20)
(0.002527412 0.0017812697 -1.036247e-20)
(0.0029344905 0.0018797095 -8.1476608e-21)
(0.0033406622 0.0019338632 5.6191552e-20)
(0.0037080077 0.0019256883 -7.3427614e-20)
(0.0040125045 0.0018519446 -2.2127389e-21)
(0.0042246616 0.0017120842 3.6568339e-20)
(0.0042752179 0.0014974746 1.909052e-20)
(0.0040548937 0.0012019061 -6.0825177e-20)
(0.0034098702 0.00083105897 3.8589212e-21)
(0.0021648767 0.00041881408 1.1388959e-20)
(0.00010327534 3.08087e-05 2.1508714e-21)
(-0.0029560236 -0.0002165123 -3.0929189e-21)
(-0.007159601 -0.00015932492 1.9316162e-21)
(-0.012871483 0.00042713926 -3.6060168e-21)
(-0.019977266 0.00185502 2.9260635e-20)
(-0.027838409 0.0042811742 -4.051881e-20)
(-0.036001021 0.0077748146 1.5526939e-20)
(-0.043895103 0.012284832 -1.3919633e-20)
(-0.051094845 0.017680889 8.8759569e-20)
(-0.0571487 0.023719228 1.4192853e-20)
(-0.061807507 0.030136419 -1.2341229e-19)
(-0.064891624 0.036634644 1.0400668e-19)
(-0.066363009 0.042934909 1.9561594e-21)
(-0.066216328 0.048742417 -3.0544937e-20)
(-0.06461981 0.053864254 2.6971711e-20)
(-0.061627117 0.05801171 -4.0211601e-20)
(-0.057488427 0.061060302 2.7719414e-21)
(-0.052472295 0.062939321 -2.3526507e-21)
(-0.046708048 0.063441994 6.518446e-21)
(-0.040504968 0.062597167 -7.8919503e-22)
(-0.034083852 0.060364174 -5.6907214e-20)
(-0.027689297 0.056780147 8.2629637e-20)
(-0.021548414 0.051909528 8.5647369e-20)
(-0.015871824 0.045850037 3.4108003e-20)
(-0.01085022 0.038733301 7.7125416e-20)
(-0.0066478869 0.03071534 -1.7026297e-20)
(-0.0033982422 0.021978913 4.8710513e-20)
(-0.0012086877 0.01272805 3.7891316e-20)
(-0.0001388339 0.0031773912 5.0317397e-21)
)
;
    }
    frontAndBack
    {
        type            empty;
    }
}


// ************************************************************************* //
