/*--------------------------------*- C++ -*----------------------------------*\
  =========                 |
  \\      /  F ield         | OpenFOAM: The Open Source CFD Toolbox
   \\    /   O peration     | Website:  https://openfoam.org
    \\  /    A nd           | Version:  13
     \\/     M anipulation  |
\*---------------------------------------------------------------------------*/
FoamFile
{
    format      ascii;
    class       volVectorField;
    location    "42.002754";
    object      wallShearStress;
}
// * * * * * * * * * * * * * * * * * * * * * * * * * * * * * * * * * * * * * //

dimensions      [0 2 -2 0 0 0 0];

internalField   uniform (0 0 0);

boundaryField
{
    inlet
    {
        type            calculated;
        value           uniform (0 0 0);
    }
    outlet
    {
        type            calculated;
        value           uniform (0 0 0);
    }
    cylinder
    {
        type            calculated;
        value           nonuniform List<vector> 
132
(
(-1.9872845e-05 0.0017318664 -2.9267425e-22)
(-5.5127351e-05 0.0014355623 8.3388523e-23)
(-7.3720723e-05 0.0011239603 4.6046655e-21)
(-7.4191238e-05 0.00079970105 -1.5447911e-20)
(-5.5736022e-05 0.00046986805 1.0899815e-20)
(-1.7824041e-05 0.00013887058 3.3288196e-20)
(3.902233e-05 -0.00018713132 -6.3040289e-21)
(0.00011384522 -0.0005020969 -2.4964578e-20)
(0.00020531539 -0.00079964171 2.352426e-20)
(0.00031078102 -0.0010737519 -5.2742447e-20)
(0.00042709896 -0.0013189708 -9.5998063e-22)
(0.00055075978 -0.0015305857 3.279217e-20)
(0.00067781866 -0.0017049964 5.3525279e-20)
(0.00080419367 -0.0018399287 -4.3527516e-20)
(0.00092599748 -0.0019347612 4.5899118e-20)
(0.0010398071 -0.0019905315 7.3999561e-20)
(0.001143176 -0.0020103078 -4.8580561e-20)
(0.0012348191 -0.001998765 7.8083057e-20)
(0.0013153878 -0.0019627304 1.0345158e-19)
(0.0013873044 -0.001910041 -6.7241985e-20)
(0.0014558836 -0.0018503857 -8.5873024e-20)
(0.0015288933 -0.0017937725 3.0275948e-23)
(0.0016165608 -0.0017499096 1.2502111e-20)
(0.0017313414 -0.0017274526 -1.4992683e-20)
(0.0018856821 -0.0017315588 -2.5542961e-20)
(0.0020905036 -0.0017630744 5.4699824e-21)
(0.0023512897 -0.0018163591 -4.9441742e-20)
(0.0026673254 -0.0018807714 1.3221132e-20)
(0.0030241765 -0.001937775 1.038835e-20)
(0.0033946209 -0.0019653921 -7.1574208e-20)
(0.0037528586 -0.0019490203 9.3413214e-20)
(0.0040644595 -0.0018759046 2.8273902e-21)
(0.0042776371 -0.0017336183 2.0381888e-20)
(0.0043118909 -0.0015105217 -2.41508e-20)
(0.0040521569 -0.0012014884 7.6717555e-20)
(0.0033385868 -0.00081442115 -4.8485999e-21)
(0.0019913146 -0.00038695819 1.9529534e-20)
(-0.00021186935 1.0227797e-05 -2.6746668e-21)
(-0.0034654539 0.00025795892 3.8211981e-21)
(-0.007893506 0.00017830581 -2.3696903e-21)
(-0.013876903 -0.00045925419 4.3899974e-21)
(-0.021288986 -0.0019758146 -1.3404475e-22)
(-0.029442951 -0.0045269789 4.8623814e-20)
(-0.037887036 -0.0081812967 -1.8537364e-20)
(-0.046043578 -0.012885422 1.6562454e-20)
(-0.053447249 -0.018494261 -1.054783e-19)
(-0.059666395 -0.024763544 -1.6893051e-20)
(-0.06444998 -0.03142434 1.4756805e-19)
(-0.067612356 -0.038170334 -1.2548468e-19)
(-0.069121754 -0.044719643 -2.394904e-21)
(-0.068978436 -0.05077578 3.8309787e-20)
(-0.067336652 -0.056129259 -3.5201106e-20)
(-0.064278528 -0.06050844 -7.0308755e-21)
(-0.060042714 -0.063774299 -4.6775557e-21)
(-0.054881799 -0.065830907 -8.4257723e-21)
(-0.04895986 -0.066502555 -9.9668719e-22)
(-0.042570525 -0.065791912 5.1653435e-22)
(-0.035944134 -0.063662254 4.5491458e-20)
(-0.029328272 -0.060145608 -7.1680087e-20)
(-0.022954546 -0.055303052 -7.7694335e-20)
(-0.017038954 -0.049230363 -3.1828479e-20)
(-0.011777461 -0.042056544 -7.339584e-20)
(-0.0073404706 -0.033937126 1.6439608e-20)
(-0.0038676042 -0.025053262 2.3983489e-20)
(-0.0014727412 -0.0156177 -3.7341334e-20)
(-0.00021773734 -0.0058128244 -4.9938722e-21)
(3.0835419e-05 0.0020112628 -1.3449168e-21)
(9.630582e-05 0.0022744615 -7.9991039e-23)
(0.0001766921 0.0025192113 -4.5827891e-21)
(0.00027018299 0.0027406711 1.5328254e-20)
(0.000374822 0.0029344797 -1.0788607e-20)
(0.00048816134 0.0030966122 -3.2861616e-20)
(0.00060732631 0.0032236635 6.2056041e-21)
(0.00072907638 0.003313053 2.4499913e-20)
(0.00084996282 0.0033630449 -2.3011146e-20)
(0.00096653992 0.0033731656 5.1412527e-20)
(0.0010753547 0.0033438641 9.323851e-22)
(0.0011733713 0.0032772592 -3.1723611e-20)
(0.0012579221 0.0031763275 -5.1572598e-20)
(0.0013272562 0.003045807 4.1766012e-20)
(0.0013804861 0.0028913567 -4.3857477e-20)
(0.0014179332 0.0027197557 -7.0413431e-20)
(0.0014414624 0.0025389526 4.6037802e-20)
(0.0014543202 0.0023571505 -7.3706136e-20)
(0.0014617034 0.0021832996 -9.7292233e-20)
(0.0014706788 0.0020263676 6.3023676e-20)
(0.0014905032 0.0018953038 8.0240651e-20)
(0.0015329606 0.0017989096 7.1797881e-20)
(0.0016117542 0.0017445859 5.8945806e-20)
(0.0017422962 0.0017378572 1.3916673e-20)
(0.0019385313 0.0017792898 2.3679925e-20)
(0.0022089453 0.0018620535 -5.0671967e-21)
(0.0025538556 0.0019720021 4.5790109e-20)
(0.0029596987 0.0020863233 -1.224759e-20)
(0.003397478 0.0021766865 -9.6300254e-21)
(0.0038257435 0.0022150527 6.641971e-20)
(0.0042073257 0.0021853523 -8.680259e-20)
(0.0045123496 0.0020830453 -2.6162376e-21)
(0.0046951673 0.0019033198 4.3247531e-20)
(0.0046661313 0.0016352129 2.258467e-20)
(0.0042981069 0.0012752062 -7.1982829e-20)
(0.0034183929 0.00083512299 4.5681924e-21)
(0.0018375122 0.00035983062 1.3484293e-20)
(-0.00067192427 -6.9985202e-05 2.5462597e-21)
(-0.0043056385 -0.00032374616 -3.6588216e-21)
(-0.0091447002 -0.00020993494 2.2822162e-21)
(-0.015571168 0.00051304816 -4.2514039e-21)
(-0.023394555 0.0021691112 3.4389016e-20)
(-0.031850082 0.0048948152 -4.7445816e-20)
(-0.040481921 0.0087392459 1.8115008e-20)
(-0.048690559 0.013623888 -1.6184744e-20)
(-0.056022174 0.019382925 1.0292589e-19)
(-0.062073336 0.025759602 1.6438315e-20)
(-0.066617862 0.032478477 -1.4300079e-19)
(-0.069492696 0.039229071 1.2090053e-19)
(-0.070696752 0.045735879 2.2894305e-21)
(-0.070231798 0.051695716 -3.6214172e-20)
(-0.068296567 0.056926821 3.2741824e-20)
(-0.064939399 0.061127737 -5.1204606e-20)
(-0.060438029 0.064191642 3.990013e-21)
(-0.055068168 0.066051755 -7.99022e-21)
(-0.048949987 0.06648621 3.3390499e-21)
(-0.042411454 0.065542934 -6.4049153e-22)
(-0.035672483 0.063177582 -5.1025669e-20)
(-0.028982606 0.05943262 7.730703e-20)
(-0.022571519 0.05437524 8.2003333e-20)
(-0.01665214 0.048106286 3.3122558e-20)
(-0.011417141 0.040760856 7.5597264e-20)
(-0.0070322427 0.032498083 -1.6795469e-20)
(-0.0036320348 0.023504116 4.8263645e-20)
(-0.001324802 0.013988693 3.7658416e-20)
(-0.00016892231 0.0041573443 5.0106813e-21)
)
;
    }
    frontAndBack
    {
        type            empty;
    }
}


// ************************************************************************* //
