/*--------------------------------*- C++ -*----------------------------------*\
  =========                 |
  \\      /  F ield         | OpenFOAM: The Open Source CFD Toolbox
   \\    /   O peration     | Website:  https://openfoam.org
    \\  /    A nd           | Version:  13
     \\/     M anipulation  |
\*---------------------------------------------------------------------------*/
FoamFile
{
    format      ascii;
    class       volVectorField;
    location    "0.403108";
    object      wallShearStress;
}
// * * * * * * * * * * * * * * * * * * * * * * * * * * * * * * * * * * * * * //

dimensions      [0 2 -2 0 0 0 0];

internalField   uniform (0 0 0);

boundaryField
{
    inlet
    {
        type            calculated;
        value           uniform (0 0 0);
    }
    outlet
    {
        type            calculated;
        value           uniform (0 0 0);
    }
    cylinder
    {
        type            calculated;
        value           nonuniform List<vector> 
132
(
(7.3721351e-06 -0.00011529877 7.5477638e-23)
(2.8566463e-05 -0.00055502661 -2.116414e-23)
(7.3661762e-05 -0.00098373246 -1.1229034e-21)
(0.00014107229 -0.0013874431 3.5271609e-21)
(0.00022881619 -0.0017613186 -2.2551496e-21)
(0.00033514635 -0.0021037072 -5.9747647e-21)
(0.00045838293 -0.0024157525 9.2017297e-22)
(0.00059631709 -0.0026956878 2.6546402e-21)
(0.00074565046 -0.0029386167 -1.42267e-21)
(0.00090195589 -0.003137981 4.4849048e-22)
(0.0010598007 -0.0032873111 -4.6817727e-23)
(0.0012133304 -0.003382082 3.7330529e-21)
(0.0013565195 -0.0034197634 9.8536786e-21)
(0.0014836561 -0.0034003011 -1.1331494e-20)
(0.0015888369 -0.0033244588 1.5716623e-20)
(0.0016648587 -0.003191333 3.1839587e-20)
(0.0017032868 -0.0029994546 -2.5447437e-20)
(0.0016939718 -0.0027464703 4.8639487e-20)
(0.0016267393 -0.0024324115 7.5255638e-20)
(0.0014913005 -0.0020591629 -5.6296404e-20)
(0.0012788029 -0.0016322703 -8.1752702e-20)
(0.00097864083 -0.0011561446 3.0792483e-23)
(0.00057941581 -0.00063620428 1.4946031e-20)
(6.4738787e-05 -7.5581996e-05 -1.9842138e-20)
(-0.00057894803 0.00052178875 -3.7152419e-20)
(-0.0013705227 0.0011479121 8.6862109e-21)
(-0.0023187508 0.0017834754 -8.5167219e-20)
(-0.0034350345 0.0024147632 2.4552179e-20)
(-0.0047207768 0.003017748 2.0667133e-20)
(-0.0061855203 0.0035738545 -1.516057e-19)
(-0.0078305945 0.0040585631 2.0928231e-19)
(-0.0096639188 0.0044503999 6.6547263e-21)
(-0.011684489 0.0047223763 5.0031919e-20)
(-0.013892086 0.0048475281 -6.1335414e-20)
(-0.016275271 0.0047946843 1.9982216e-19)
(-0.018822302 0.004533632 -1.2827632e-20)
(-0.02150553 0.0040317089 5.1936848e-20)
(-0.024311049 0.0032614565 -7.0723921e-21)
(-0.027170191 0.0021901466 9.9387946e-21)
(-0.030094398 0.0007990365 -6.0013249e-21)
(-0.033180555 -0.0010229204 1.0714012e-20)
(-0.036232907 -0.0033103242 -3.1242054e-22)
(-0.038945696 -0.0059453758 1.081208e-19)
(-0.041331931 -0.0088905528 -3.9319147e-20)
(-0.043263626 -0.012077605 3.3617772e-20)
(-0.044711443 -0.015444388 -2.060315e-19)
(-0.04560612 -0.01890425 -3.197336e-20)
(-0.04592287 -0.02237129 2.7294616e-19)
(-0.04562968 -0.025744002 -2.2901289e-19)
(-0.044739232 -0.028931849 -4.3631427e-21)
(-0.04323518 -0.03181536 7.077203e-20)
(-0.04119918 -0.034333683 -6.740723e-20)
(-0.038601279 -0.036330219 -1.4504539e-20)
(-0.035553675 -0.037757908 -1.1255915e-20)
(-0.032170721 -0.038584434 -3.033242e-20)
(-0.028481588 -0.038683119 1.6095118e-20)
(-0.024638604 -0.038075437 -2.896251e-22)
(-0.020731236 -0.036715331 1.3020758e-20)
(-0.01688206 -0.034618756 -4.1388388e-20)
(-0.013200615 -0.031800973 -5.5978716e-20)
(-0.0098008996 -0.028314969 -2.5550914e-20)
(-0.0067840794 -0.024222683 -6.2688881e-20)
(-0.0042418534 -0.019608127 1.4590215e-20)
(-0.0022489509 -0.014559802 2.1805552e-20)
(-0.00086612665 -0.0091768117 -3.44462e-20)
(-0.00013305678 -0.0035584183 -4.6393757e-21)
(1.0197847e-05 0.00032476214 3.4535486e-22)
(3.6846496e-05 0.00075843008 2.002234e-23)
(8.6702851e-05 0.0011738356 1.0920313e-21)
(0.00015810605 0.0015635499 -3.3787375e-21)
(0.00024927345 0.00192361 2.1209043e-21)
(0.00035872929 0.0022547455 5.475991e-21)
(0.00048449506 0.0025554887 -8.092443e-22)
(0.00062385105 0.0028218561 -2.1512448e-21)
(0.00077279896 0.0030470178 8.904578e-22)
(0.00092667632 0.0032252442 8.7112602e-22)
(0.0010799432 0.0033508226 7.301666e-23)
(0.0012274467 0.0034222402 -4.7009148e-21)
(0.0013639299 0.0034390622 -1.1544452e-20)
(0.0014840482 0.003401722 1.2793425e-20)
(0.0015813906 0.0033093545 -1.7344155e-20)
(0.0016478507 0.003159227 -3.4592401e-20)
(0.0016740794 0.0029485676 2.7332142e-20)
(0.0016495399 0.0026750392 -5.1781604e-20)
(0.0015647641 0.0023404029 -7.955095e-20)
(0.0014100468 0.0019477542 5.9162849e-20)
(0.0011767738 0.0015030195 8.5493697e-20)
(0.00085304009 0.0010092142 8.5973506e-20)
(0.00042566024 0.00046942443 7.8633532e-20)
(-0.00012281109 -0.00011138226 2.0520508e-20)
(-0.00080644807 -0.00073018203 3.8312299e-20)
(-0.0016395649 -0.0013745769 -8.9339068e-21)
(-0.0026296045 -0.0020235447 8.7387696e-20)
(-0.0037858982 -0.0026622113 -2.5137042e-20)
(-0.005109572 -0.0032669598 -2.1116126e-20)
(-0.0066131595 -0.0038215151 1.5459914e-19)
(-0.0082979803 -0.004301307 -2.1302117e-19)
(-0.010175162 -0.004686284 -6.7213336e-21)
(-0.012238634 -0.0049467518 1.1545246e-19)
(-0.014490421 -0.0050567093 6.2108997e-20)
(-0.01691282 -0.0049828847 -2.0200622e-19)
(-0.019499989 -0.0046972324 1.2946247e-20)
(-0.022216538 -0.0041653726 3.8162627e-20)
(-0.025052073 -0.003361258 7.1135368e-21)
(-0.027926379 -0.0022514757 -9.9789444e-21)
(-0.030850346 -0.00081960257 6.0143995e-21)
(-0.033922602 0.0010452405 -1.0715913e-20)
(-0.036950372 0.003375409 8.2311357e-20)
(-0.039617601 0.0060476214 -1.0763368e-19)
(-0.041950331 0.0090230206 3.904339e-20)
(-0.043824821 0.012233678 -3.3289253e-20)
(-0.045199286 0.015612301 2.0341016e-19)
(-0.046019867 0.01907511 3.1460954e-20)
(-0.046248543 0.022529267 -2.675632e-19)
(-0.045869722 0.025878714 2.2351319e-19)
(-0.044887452 0.029026906 4.2362329e-21)
(-0.043289141 0.031854173 -6.8266727e-20)
(-0.041164209 0.034303573 6.4488531e-20)
(-0.038467393 0.036202889 -1.1048777e-19)
(-0.035329783 0.037518902 1.0456659e-20)
(-0.031880215 0.038234539 -3.7715154e-20)
(-0.028131098 0.038205386 -1.3411662e-20)
(-0.024247231 0.037468685 1.4927092e-22)
(-0.020319521 0.035983882 -1.9249096e-20)
(-0.016466675 0.033764203 4.7692795e-20)
(-0.012803782 0.030841544 6.0792189e-20)
(-0.0094372497 0.027259804 2.6994362e-20)
(-0.0064690665 0.023091307 6.5144738e-20)
(-0.0039843096 0.018406762 -1.4987473e-20)
(-0.0020565001 0.013294684 4.4027409e-20)
(-0.00074563479 0.0078494343 3.4801287e-20)
(-9.2580162e-05 0.0021852874 4.657687e-21)
)
;
    }
    frontAndBack
    {
        type            empty;
    }
}


// ************************************************************************* //
