/*--------------------------------*- C++ -*----------------------------------*\
  =========                 |
  \\      /  F ield         | OpenFOAM: The Open Source CFD Toolbox
   \\    /   O peration     | Website:  https://openfoam.org
    \\  /    A nd           | Version:  13
     \\/     M anipulation  |
\*---------------------------------------------------------------------------*/
FoamFile
{
    format      ascii;
    class       volVectorField;
    location    "47.196664";
    object      wallShearStress;
}
// * * * * * * * * * * * * * * * * * * * * * * * * * * * * * * * * * * * * * //

dimensions      [0 2 -2 0 0 0 0];

internalField   uniform (0 0 0);

boundaryField
{
    inlet
    {
        type            calculated;
        value           uniform (0 0 0);
    }
    outlet
    {
        type            calculated;
        value           uniform (0 0 0);
    }
    cylinder
    {
        type            calculated;
        value           nonuniform List<vector> 
132
(
(-3.1991132e-05 0.0026275022 -3.0992887e-22)
(-9.1449999e-05 0.0023239047 8.8292494e-23)
(-0.00013386447 0.0019978137 4.8747884e-21)
(-0.00015733492 0.00165376 -1.6351991e-20)
(-0.00016034369 0.0012962104 1.1536398e-20)
(-0.00014206626 0.00093159185 3.5229371e-20)
(-0.0001023485 0.00056682454 -6.6712861e-21)
(-4.1552231e-05 0.00020832496 -2.6418306e-20)
(3.8577793e-05 -0.00013691207 2.4895032e-20)
(0.00013605501 -0.00046204422 -5.5820967e-20)
(0.00024806238 -0.0007605249 -1.0161542e-21)
(0.00037083521 -0.0010266363 3.4718266e-20)
(0.00050037149 -0.0012557611 5.668381e-20)
(0.00063239929 -0.0014447132 -4.6110322e-20)
(0.00076272984 -0.0015919751 4.8639703e-20)
(0.0008876486 -0.0016979585 7.844806e-20)
(0.001004275 -0.0017650195 -5.1521682e-20)
(0.0011110671 -0.0017976201 8.2844482e-20)
(0.0012081714 -0.0018020559 1.0980383e-19)
(0.0012979474 -0.0017864264 -7.1398893e-20)
(0.0013851147 -0.0017599277 -9.1213522e-20)
(0.00147725 -0.0017327346 3.2169292e-23)
(0.0015842548 -0.0017145538 1.3287516e-20)
(0.00171744 -0.0017132669 -1.5938137e-20)
(0.0018891434 -0.0017345042 -2.715825e-20)
(0.0021076675 -0.0017774129 5.8166101e-21)
(0.0023781879 -0.0018370973 -5.2577659e-20)
(0.0026967245 -0.0019015544 1.4059807e-20)
(0.0030492782 -0.001953931 1.1046296e-20)
(0.003416514 -0.001978133 -7.6093687e-20)
(0.0037681876 -0.001957067 9.9289855e-20)
(0.0040693282 -0.0018782473 3.0044038e-21)
(0.0042699184 -0.0017306285 2.1650674e-20)
(0.0042810149 -0.0014999548 -2.5643634e-20)
(0.0039813132 -0.0011809219 8.1416476e-20)
(0.0032068672 -0.00078310544 -5.1420403e-21)
(0.001774381 -0.00034680806 2.0693181e-20)
(-0.00054018152 5.3614673e-05 -2.8308369e-21)
(-0.0039380678 0.00029534755 4.0385949e-21)
(-0.0085216451 0.0001945588 -2.5002768e-21)
(-0.014678936 -0.00048463705 4.622493e-21)
(-0.022265587 -0.0020655346 -1.4080713e-22)
(-0.030561137 -0.0046980203 5.0954776e-20)
(-0.039114055 -0.0084454233 -1.9381093e-20)
(-0.047341523 -0.013247977 1.7279201e-20)
(-0.054768658 -0.018950846 -1.0983707e-19)
(-0.060976952 -0.025306569 -1.7564845e-20)
(-0.065721335 -0.032043358 1.5327142e-19)
(-0.068819207 -0.03885085 -1.3026505e-19)
(-0.070250205 -0.04544896 -2.4864249e-21)
(-0.070013828 -0.051537237 3.981587e-20)
(-0.068275832 -0.05691147 -3.6678873e-20)
(-0.065112758 -0.061293082 -7.3648406e-21)
(-0.060771762 -0.06454807 -4.9608271e-21)
(-0.055511354 -0.066585483 -9.3150906e-21)
(-0.049489024 -0.067220729 -3.5852219e-22)
(-0.043005397 -0.066463394 4.8983157e-22)
(-0.036290698 -0.064275421 4.4589314e-20)
(-0.029594119 -0.06069008 -7.1038967e-20)
(-0.023148496 -0.055769479 -7.7410145e-20)
(-0.017170772 -0.04961017 -3.1806875e-20)
(-0.011857921 -0.042342441 -7.3478286e-20)
(-0.0073810748 -0.034122712 1.6476383e-20)
(-0.0038805811 -0.025133642 2.4053017e-20)
(-0.0014707999 -0.015588367 -3.7462123e-20)
(-0.00021422062 -0.0056734839 -5.0103634e-21)
(4.2994307e-05 0.0029074283 -1.4243894e-21)
(0.00013275139 0.0031643267 -8.4727511e-23)
(0.00023706413 0.0033955695 -4.854635e-21)
(0.00035352671 0.0035960784 1.6238673e-20)
(0.00047956113 0.0037615118 -1.1429812e-20)
(0.00061209003 0.0038879934 -3.4814513e-20)
(0.00074762242 0.0039726142 6.5740418e-21)
(0.00088240304 0.0040133701 2.5951805e-20)
(0.0010126196 0.0040095348 -2.4370836e-20)
(0.0011344422 0.0039615362 5.4438588e-20)
(0.0012443486 0.0038713627 9.8699977e-22)
(0.0013392766 0.0037423247 -3.3570708e-20)
(0.0014169258 0.0035792411 -5.4555045e-20)
(0.0014759283 0.0033881819 4.4163563e-20)
(0.001516114 0.0031764242 -4.6354943e-20)
(0.0015387417 0.0029523112 -7.4390273e-20)
(0.00154652 0.0027246736 4.8616205e-20)
(0.0015439458 0.0025029476 -7.7800548e-20)
(0.0015372377 0.0022965212 -1.0265474e-19)
(0.0015347291 0.0021148891 6.647255e-20)
(0.0015468351 0.0019670828 8.4603821e-20)
(0.0015864681 0.0018617347 7.5681144e-20)
(0.0016684652 0.0018059099 6.21207e-20)
(0.0018087391 0.0018040019 1.4664128e-20)
(0.0020215872 0.0018553663 2.4950013e-20)
(0.0023139335 0.0019504094 -5.339036e-21)
(0.0026848203 0.0020730431 4.8250059e-20)
(0.0031136559 0.0021948848 -1.2907677e-20)
(0.0035642322 0.0022836403 -1.0150802e-20)
(0.0039990043 0.0023155037 7.0023583e-20)
(0.0043825677 0.0022765218 -9.1528871e-20)
(0.0046813464 0.0021612488 -2.7592914e-21)
(0.0048436931 0.0019637934 4.5624568e-20)
(0.0047747547 0.0016736503 2.383284e-20)
(0.0043414056 0.0012886194 -7.5985214e-20)
(0.0033619406 0.00082232856 4.8236806e-21)
(0.0016426452 0.00032425117 1.4242048e-20)
(-0.001047665 -0.00011926446 2.6896769e-21)
(-0.0049058203 -0.00037098574 -3.8645025e-21)
(-0.0099864198 -0.00023144504 2.4095848e-21)
(-0.01668448 0.00054839726 -4.4854333e-21)
(-0.024766847 0.0022952193 3.6239021e-20)
(-0.033439499 0.0051379882 -4.993131e-20)
(-0.042242911 0.0091182731 1.9035481e-20)
(-0.050541002 0.014140612 -1.6981561e-20)
(-0.057910777 0.020035399 1.0786761e-19)
(-0.063950219 0.026537244 1.7210749e-20)
(-0.068438379 0.033364888 -1.4966412e-19)
(-0.07122932 0.04020833 1.2655748e-19)
(-0.072324497 0.046787936 2.3992725e-21)
(-0.071736643 0.052802496 -3.8047134e-20)
(-0.069668587 0.058069637 3.4565933e-20)
(-0.066175285 0.062290369 -5.4591869e-20)
(-0.061533057 0.065354012 4.3520243e-21)
(-0.05602424 0.067197944 -9.6014382e-21)
(-0.049772262 0.067602566 2.4770315e-21)
(-0.043105312 0.0666148 -6.0282766e-22)
(-0.036245674 0.064192386 -4.9668678e-20)
(-0.029444064 0.060378647 7.6233341e-20)
(-0.022931429 0.055242138 8.1406788e-20)
(-0.016921696 0.048885046 3.3011821e-20)
(-0.011608359 0.041443863 7.5534417e-20)
(-0.0071577835 0.033079147 -1.6809533e-20)
(-0.0037050357 0.023978508 4.8358222e-20)
(-0.0013587443 0.014353812 3.7759771e-20)
(-0.00017694868 0.0044091011 5.0263114e-21)
)
;
    }
    frontAndBack
    {
        type            empty;
    }
}


// ************************************************************************* //
