/*--------------------------------*- C++ -*----------------------------------*\
  =========                 |
  \\      /  F ield         | OpenFOAM: The Open Source CFD Toolbox
   \\    /   O peration     | Website:  https://openfoam.org
    \\  /    A nd           | Version:  13
     \\/     M anipulation  |
\*---------------------------------------------------------------------------*/
FoamFile
{
    format      ascii;
    class       volVectorField;
    location    "47.402565";
    object      wallShearStress;
}
// * * * * * * * * * * * * * * * * * * * * * * * * * * * * * * * * * * * * * //

dimensions      [0 2 -2 0 0 0 0];

internalField   uniform (0 0 0);

boundaryField
{
    inlet
    {
        type            calculated;
        value           uniform (0 0 0);
    }
    outlet
    {
        type            calculated;
        value           uniform (0 0 0);
    }
    cylinder
    {
        type            calculated;
        value           nonuniform List<vector> 
132
(
(-1.9146155e-05 0.0016511535 -3.0060212e-22)
(-5.3396362e-05 0.0013844242 8.565383e-23)
(-7.2611036e-05 0.0011025717 4.7299678e-21)
(-7.5390226e-05 0.00080841351 -1.5869047e-20)
(-6.0854455e-05 0.00050749605 1.1197414e-20)
(-2.8489974e-05 0.00020470199 3.4198211e-20)
(2.1298513e-05 -9.447059e-05 -6.4765247e-21)
(8.7729683e-05 -0.00038440158 -2.5648106e-20)
(0.0001695696 -0.00065901567 2.4168609e-20)
(0.00026437111 -0.00091257887 -5.4187384e-20)
(0.00036924699 -0.0011397743 -9.8627939e-22)
(0.00048085819 -0.0013359731 3.3690154e-20)
(0.00059544146 -0.001497562 5.4990155e-20)
(0.00070904968 -0.0016221272 -4.4717771e-20)
(0.00081787507 -0.0017088161 4.7152802e-20)
(0.00091844942 -0.0017582495 7.6017985e-20)
(0.0010082002 -0.0017730514 -4.9903344e-20)
(0.0010854292 -0.0017571165 8.0204955e-20)
(0.0011503338 -0.0017166716 1.0625584e-19)
(0.0012042933 -0.001658353 -6.9059756e-20)
(0.0012516438 -0.0015911324 -8.8185995e-20)
(0.0012985955 -0.0015239432 3.1085208e-23)
(0.0013539734 -0.0014660365 1.2835375e-20)
(0.0014292864 -0.0014264166 -1.5389119e-20)
(0.0015373116 -0.0014119093 -2.6210571e-20)
(0.0016911654 -0.0014263888 5.6107e-21)
(0.0019002681 -0.0014678898 -5.0685633e-20)
(0.0021669434 -0.0015277098 1.3543998e-20)
(0.0024871913 -0.0015932611 1.0631967e-20)
(0.0028437928 -0.0016459009 -7.3168793e-20)
(0.0032095175 -0.0016661675 9.5364068e-20)
(0.0035566595 -0.0016407289 2.8817265e-21)
(0.0038489467 -0.0015588404 2.0732775e-20)
(0.004026465 -0.0014091235 -2.4509935e-20)
(0.0039917539 -0.0011815774 7.7660427e-20)
(0.0035972991 -0.00087431625 -4.8951009e-21)
(0.0026662105 -0.00051081833 1.9666841e-20)
(0.00097134152 -0.00014528742 -2.687712e-21)
(-0.0016896924 0.00011705941 3.8350172e-21)
(-0.0055168126 0.00011760455 -2.3772912e-21)
(-0.010885397 -0.00036517928 4.4080072e-21)
(-0.017690141 -0.0016457648 -1.3487164e-22)
(-0.025334483 -0.0038990702 4.907587e-20)
(-0.033353626 -0.0072057298 -1.8770771e-20)
(-0.041137233 -0.011515016 1.6824657e-20)
(-0.048237934 -0.016694178 -1.0748722e-19)
(-0.054216385 -0.02250388 -1.7261023e-20)
(-0.058820035 -0.028681103 1.5118385e-19)
(-0.06188572 -0.034938721 -1.2888285e-19)
(-0.063379999 -0.041005883 -2.4666789e-21)
(-0.06332044 -0.046611542 3.9596192e-20)
(-0.0618521 -0.051558009 -3.6560612e-20)
(-0.05906962 -0.055605331 -7.3632631e-21)
(-0.055185095 -0.058614836 -4.9777342e-21)
(-0.05043979 -0.060502675 -9.4492451e-21)
(-0.044998915 -0.061122264 -1.9476679e-22)
(-0.039124492 -0.060465928 4.7900198e-22)
(-0.033033702 -0.05850718 4.4019205e-20)
(-0.026953142 -0.055274394 -7.036929e-20)
(-0.021096043 -0.050825022 -7.6821087e-20)
(-0.015660644 -0.045247492 -3.160242e-20)
(-0.010826569 -0.038660318 -7.306845e-20)
(-0.0067499686 -0.031206276 1.6395386e-20)
(-0.003559006 -0.023051399 2.3947947e-20)
(-0.0013571955 -0.014390229 -3.7315849e-20)
(-0.0002017285 -0.0053902077 -4.9929279e-21)
(2.8973543e-05 0.0019013183 -1.3812468e-21)
(9.0282737e-05 0.0021355969 -8.2144697e-23)
(0.0001648225 0.0023518983 -4.7057423e-21)
(0.00025085098 0.0025458786 1.573784e-20)
(0.00034649213 0.0027136645 -1.1075592e-20)
(0.00044943534 0.0028517362 -3.3731423e-20)
(0.00055699952 0.0029571771 6.3689695e-21)
(0.00066618539 0.003027851 2.5141131e-20)
(0.00077385527 0.0030624169 -2.3609644e-20)
(0.00087687498 0.0030606853 5.2740939e-20)
(0.00097214028 0.0030233103 9.5631364e-22)
(0.0010569511 0.0029524506 -3.2531919e-20)
(0.0011289551 0.0028510033 -5.287719e-20)
(0.0011866331 0.0027234029 4.2814841e-20)
(0.0012292239 0.0025748274 -4.4950864e-20)
(0.0012570526 0.0024114355 -7.2156277e-20)
(0.0012717851 0.0022403478 4.7169299e-20)
(0.0012761217 0.0020685881 -7.550517e-20)
(0.0012744845 0.0019039254 -9.9650765e-20)
(0.0012725285 0.0017536321 6.4541054e-20)
(0.0012778774 0.0016252374 8.2158541e-20)
(0.0012997815 0.0015256 7.3500178e-20)
(0.0013497871 0.0014613482 6.0329397e-20)
(0.0014410605 0.0014376643 1.4239079e-20)
(0.0015877408 0.0014574828 2.4218486e-20)
(0.0018015907 0.001518677 -5.1795448e-21)
(0.0020885976 0.0016125726 4.6770383e-20)
(0.0024417352 0.0017208593 -1.2498193e-20)
(0.0028426522 0.0018206947 -9.8154277e-21)
(0.0032612704 0.0018875674 6.7603904e-20)
(0.0036613455 0.0019010052 -8.820857e-20)
(0.0040166623 0.001853317 -2.6535999e-21)
(0.0042976338 0.0017409963 4.3767063e-20)
(0.0044360765 0.0015529941 2.2797454e-20)
(0.0043216315 0.0012798838 -7.2459667e-20)
(0.0037914469 0.00092245229 4.5856424e-21)
(0.0026545428 0.00051029491 1.3501962e-20)
(0.00067007997 0.00010681197 2.5447719e-21)
(-0.0023558425 -0.00016840276 -3.6538532e-21)
(-0.0065998958 -0.00014366556 2.279717e-21)
(-0.012433593 0.0004147201 -4.2536712e-21)
(-0.019680939 0.0018287925 3.4508926e-20)
(-0.027651655 0.0042532875 -4.7777266e-20)
(-0.035858979 0.0077445038 1.8307111e-20)
(-0.043709322 0.012232672 -1.6411967e-20)
(-0.050739699 0.01755759 1.0468655e-19)
(-0.056546086 0.023467936 1.6763275e-20)
(-0.06091221 0.029698352 -1.4617084e-19)
(-0.06368936 0.035954188 1.2385902e-19)
(-0.064881257 0.041974448 2.3510289e-21)
(-0.064507975 0.047483067 -3.7304658e-20)
(-0.062749434 0.052303434 3.3868396e-20)
(-0.059680757 0.056177925 -5.3396733e-20)
(-0.055541711 0.058991089 4.2272205e-21)
(-0.050591113 0.06068155 -9.0844789e-21)
(-0.044966191 0.061074965 2.7412788e-21)
(-0.038949138 0.060191859 -6.1354214e-22)
(-0.032752746 0.058006115 -5.0019683e-20)
(-0.026603303 0.054552941 7.6464608e-20)
(-0.020712739 0.049896654 8.1484956e-20)
(-0.01527612 0.044130165 3.3002153e-20)
(-0.010469901 0.037377847 7.5448289e-20)
(-0.0064457246 0.029785908 -1.6779928e-20)
(-0.0033268811 0.021525122 4.8249151e-20)
(-0.0012116075 0.012787326 3.7658294e-20)
(-0.00015370933 0.0037616706 5.0108393e-21)
)
;
    }
    frontAndBack
    {
        type            empty;
    }
}


// ************************************************************************* //
