/*--------------------------------*- C++ -*----------------------------------*\
  =========                 |
  \\      /  F ield         | OpenFOAM: The Open Source CFD Toolbox
   \\    /   O peration     | Website:  https://openfoam.org
    \\  /    A nd           | Version:  13
     \\/     M anipulation  |
\*---------------------------------------------------------------------------*/
FoamFile
{
    format      ascii;
    class       volVectorField;
    location    "27.401458";
    object      wallShearStress;
}
// * * * * * * * * * * * * * * * * * * * * * * * * * * * * * * * * * * * * * //

dimensions      [0 2 -2 0 0 0 0];

internalField   uniform (0 0 0);

boundaryField
{
    inlet
    {
        type            calculated;
        value           uniform (0 0 0);
    }
    outlet
    {
        type            calculated;
        value           uniform (0 0 0);
    }
    cylinder
    {
        type            calculated;
        value           nonuniform List<vector> 
132
(
(2.0382299e-05 -0.0011589956 -2.4578462e-22)
(6.6239328e-05 -0.0015153161 6.9926938e-23)
(0.00013242534 -0.0018614064 3.8559891e-21)
(0.00021766089 -0.0021906103 -1.2918551e-20)
(0.00032043232 -0.0024963957 9.1027268e-21)
(0.00043848116 -0.0027722829 2.7761374e-20)
(0.00056881855 -0.0030121474 -5.2497614e-21)
(0.00070778104 -0.0032104974 -2.075744e-20)
(0.00085102546 -0.0033626888 1.9527489e-20)
(0.00099397153 -0.0034653315 -4.370278e-20)
(0.0011316757 -0.0035162332 -7.9391997e-22)
(0.0012593183 -0.0035152214 2.7060656e-20)
(0.0013722239 -0.0034634297 4.4068708e-20)
(0.0014666233 -0.003364613 -3.5749469e-20)
(0.0015394206 -0.0032236656 3.7600389e-20)
(0.0015890965 -0.0030478905 6.0458736e-20)
(0.0016157589 -0.0028461352 -3.9583579e-20)
(0.0016213012 -0.0026282906 6.3450244e-20)
(0.0016101392 -0.0024057922 8.3842358e-20)
(0.0015885741 -0.0021898255 -5.4358431e-20)
(0.0015658455 -0.0019923072 -6.9255541e-20)
(0.0015534693 -0.0018242819 2.4370042e-23)
(0.0015661304 -0.0016965038 1.0041763e-20)
(0.0016207639 -0.0016178005 -1.2022313e-20)
(0.0017355638 -0.001593878 -2.0454628e-20)
(0.001926843 -0.0016247658 4.3758366e-21)
(0.0022018044 -0.0017002794 -3.952636e-20)
(0.0025576858 -0.0018027024 1.0566841e-20)
(0.0029718847 -0.0019035582 8.3042208e-21)
(0.0033993387 -0.0019676021 -5.7247375e-20)
(0.003803617 -0.0019750432 7.4777404e-20)
(0.0041507058 -0.0019154491 2.2658519e-21)
(0.0044028513 -0.0017839754 1.6355822e-20)
(0.0045047031 -0.0015773376 -1.9412957e-20)
(0.0043585378 -0.0012910191 6.1805527e-20)
(0.0038157534 -0.00092834944 -3.9178205e-21)
(0.0027037862 -0.00051924791 1.5842236e-20)
(0.00080713882 -0.00012452428 -2.180526e-21)
(-0.0020582906 0.00014580824 3.1349254e-21)
(-0.0060773214 0.00013141628 -1.9582886e-21)
(-0.011608493 -0.00038794044 3.659841e-21)
(-0.018573519 -0.0017268358 -1.1287645e-22)
(-0.026381511 -0.0040592995 4.1353378e-20)
(-0.034597105 -0.0074737856 -1.5915785e-20)
(-0.042628679 -0.011932118 1.4341157e-20)
(-0.050024298 -0.01731211 -9.2007775e-20)
(-0.056334591 -0.023383734 -1.4819124e-20)
(-0.061278297 -0.029880756 1.2995989e-19)
(-0.064659803 -0.036506133 -1.1069323e-19)
(-0.066417563 -0.042972578 -2.1103209e-21)
(-0.06655041 -0.048990752 3.3588888e-20)
(-0.065182089 -0.054335369 -3.050972e-20)
(-0.062411197 -0.058752667 -5.9507439e-21)
(-0.058454006 -0.062088632 -3.7370209e-21)
(-0.053547055 -0.064231595 -5.3612968e-21)
(-0.047875116 -0.065030849 -3.3180498e-21)
(-0.041712474 -0.064467508 6.2165352e-22)
(-0.035292254 -0.062509467 4.9504892e-20)
(-0.028858553 -0.059184289 -7.5172257e-20)
(-0.022641226 -0.054550506 -7.9981817e-20)
(-0.016855003 -0.048701833 -3.2417318e-20)
(-0.011694342 -0.041763891 -7.4262423e-20)
(-0.0073289641 -0.033890567 1.65643e-20)
(-0.0038975058 -0.025258858 2.4102865e-20)
(-0.0015137522 -0.016083493 -3.7472217e-20)
(-0.00023776791 -0.0065284145 -5.0085874e-21)
(-5.9590852e-06 -0.00079534134 -1.1311949e-21)
(-1.233e-05 -0.00042355735 -6.739542e-23)
(1.4934956e-06 -4.6619791e-05 -3.8682564e-21)
(3.6700927e-05 0.00032973034 1.2965331e-20)
(9.2815367e-05 0.00069873473 -9.1466015e-21)
(0.00016934894 0.0010533627 -2.793099e-20)
(0.00026427249 0.0013864975 5.289239e-21)
(0.0003750668 0.0016913021 2.0945554e-20)
(0.00049843761 0.0019613475 -1.9737306e-20)
(0.00063033091 0.0021909964 4.4252429e-20)
(0.00076629594 0.0023756626 8.0544393e-22)
(0.0009014973 0.0025120807 -2.7511794e-20)
(0.001031035 0.0025987115 -4.4901652e-20)
(0.0011502164 0.0026357673 3.6508548e-20)
(0.0012550637 0.002625714 -3.8488669e-20)
(0.0013424408 0.0025727146 -6.2033664e-20)
(0.0014109509 0.0024836063 4.0710231e-20)
(0.0014603688 0.0023659215 -6.5406756e-20)
(0.0014933322 0.0022300127 -8.6618067e-20)
(0.001514792 0.0020870701 5.6274913e-20)
(0.0015320501 0.0019484434 7.1834552e-20)
(0.0015560883 0.0018266711 6.4419918e-20)
(0.001600029 0.0017327265 5.2985892e-20)
(0.0016800344 0.0016766738 1.2527715e-20)
(0.0018117612 0.0016638059 2.1339098e-20)
(0.0020078613 0.0016932668 -4.5694498e-21)
(0.0022732802 0.0017558424 4.130723e-20)
(0.0026035097 0.0018354887 -1.1049729e-20)
(0.0029759134 0.0019066501 -8.6877076e-21)
(0.0033538583 0.0019417148 5.9910969e-20)
(0.0037103402 0.0019269552 -7.8279148e-20)
(0.0040119853 0.0018517642 -2.3588625e-21)
(0.0042111488 0.0017067643 3.8981338e-20)
(0.0042344081 0.0014834584 2.0347264e-20)
(0.0039704505 0.0011773365 -6.4810726e-20)
(0.003262275 0.00079589399 4.1097019e-21)
(0.0019343997 0.00037605491 1.2119648e-20)
(-0.00022886134 -1.2864472e-05 2.2863114e-21)
(-0.0034158413 -0.00025439529 -3.2825213e-21)
(-0.0077450492 -0.0001750938 2.0461986e-21)
(-0.013583219 0.00044941726 -3.8108823e-21)
(-0.020805367 0.0019308358 3.0837887e-20)
(-0.028740326 0.0044188304 -4.2581437e-20)
(-0.036942106 0.0079770914 1.6274617e-20)
(-0.044846973 0.012550416 -1.4555522e-20)
(-0.052012001 0.017997459 9.2628335e-20)
(-0.058010226 0.024075846 1.4792495e-20)
(-0.062600719 0.030522274 -1.2853325e-19)
(-0.065603845 0.037035923 1.0835315e-19)
(-0.066995185 0.043343178 2.0407417e-21)
(-0.0667665 0.049146755 -3.1971576e-20)
(-0.065094103 0.054259025 2.841566e-20)
(-0.062028288 0.058388826 -4.2963623e-20)
(-0.057823612 0.061415865 3.0776034e-21)
(-0.052749158 0.063271009 -3.780759e-21)
(-0.046931656 0.063745352 5.7019264e-21)
(-0.040682459 0.062871145 -7.5025636e-22)
(-0.03422132 0.060607351 -5.532758e-20)
(-0.027792737 0.056992007 8.1154844e-20)
(-0.021623444 0.052090042 8.4599566e-20)
(-0.015923643 0.045999524 3.381254e-20)
(-0.01088367 0.038852527 7.6646617e-20)
(-0.0066673848 0.030805261 -1.6951104e-20)
(-0.0034078668 0.022040898 4.8562492e-20)
(-0.0012120657 0.01276345 3.7818339e-20)
(-0.00013930012 0.0031892581 5.0268005e-21)
)
;
    }
    frontAndBack
    {
        type            empty;
    }
}


// ************************************************************************* //
