/*--------------------------------*- C++ -*----------------------------------*\
  =========                 |
  \\      /  F ield         | OpenFOAM: The Open Source CFD Toolbox
   \\    /   O peration     | Website:  https://openfoam.org
    \\  /    A nd           | Version:  13
     \\/     M anipulation  |
\*---------------------------------------------------------------------------*/
FoamFile
{
    format      ascii;
    class       volVectorField;
    location    "9.700126";
    object      wallShearStress;
}
// * * * * * * * * * * * * * * * * * * * * * * * * * * * * * * * * * * * * * //

dimensions      [0 2 -2 0 0 0 0];

internalField   uniform (0 0 0);

boundaryField
{
    inlet
    {
        type            calculated;
        value           uniform (0 0 0);
    }
    outlet
    {
        type            calculated;
        value           uniform (0 0 0);
    }
    cylinder
    {
        type            calculated;
        value           nonuniform List<vector> 
132
(
(0.00010012198 -0.0021239709 -1.0674063e-22)
(0.00040893962 -0.0082554519 3.1017847e-23)
(0.0010513757 -0.014250561 1.805228e-21)
(0.0020075403 -0.019908951 -6.5035729e-21)
(0.0032350246 -0.025029648 5.0031519e-21)
(0.0046686347 -0.0294184 1.6793169e-20)
(0.0062216213 -0.032903879 -3.5010895e-21)
(0.0077913893 -0.035345221 -1.5206288e-20)
(0.00926524 -0.036643483 1.559696e-20)
(0.0105263 -0.036753465 -3.7668234e-20)
(0.011464034 -0.035690595 -7.292896e-22)
(0.01198584 -0.033537873 2.6183801e-20)
(0.012028253 -0.030445329 4.4306654e-20)
(0.011569672 -0.026630116 -3.6874217e-20)
(0.010634976 -0.02235564 3.9322875e-20)
(0.0093012342 -0.017918076 6.3446405e-20)
(0.0076876636 -0.013608891 -4.1331995e-20)
(0.0059388126 -0.0096828642 6.5511505e-20)
(0.0042076736 -0.0063306776 8.5265385e-20)
(0.0026245036 -0.0036512558 -5.4356541e-20)
(0.0012844438 -0.0016591337 -6.8098977e-20)
(0.00022569579 -0.00028464618 2.3554114e-23)
(-0.00055434667 0.0005883182 9.5885636e-21)
(-0.0010879078 0.0010799484 -1.1340072e-20)
(-0.0013640902 0.0012529804 -1.9076287e-20)
(-0.0012816401 0.0010872142 4.0349088e-21)
(-0.00074438636 0.00058719976 -3.6065254e-20)
(0.00042242308 -0.00028232829 9.5558628e-21)
(0.0019231871 -0.0012188108 7.4828658e-21)
(0.0032799289 -0.0018907647 -5.1610845e-20)
(0.0041869908 -0.0021716603 6.7633717e-20)
(0.0046138307 -0.0021295511 2.0547344e-21)
(0.0047856868 -0.0019397728 1.4848729e-20)
(0.0048646451 -0.0017030639 -1.7620806e-20)
(0.0048316648 -0.0014297016 5.6084947e-20)
(0.0044986715 -0.0010917447 -3.5557071e-21)
(0.0036560007 -0.00069652374 1.4391176e-20)
(0.0020696517 -0.00029266715 -1.9845975e-21)
(-0.00047311239 1.6769707e-05 2.862637e-21)
(-0.0042177987 8.3526306e-05 -1.7965763e-21)
(-0.0095212343 -0.00032336963 3.3798283e-21)
(-0.016386412 -0.0015278389 -1.051415e-22)
(-0.024270641 -0.0037386136 3.8872556e-20)
(-0.032712441 -0.0070706091 -1.5102757e-20)
(-0.04111345 -0.011511485 1.3731248e-20)
(-0.048940507 -0.01693997 -8.8798725e-20)
(-0.055703982 -0.023125504 -1.4403227e-20)
(-0.061083047 -0.029788646 1.2702073e-19)
(-0.064843173 -0.036612348 -1.0866283e-19)
(-0.066913258 -0.043295566 -2.0775281e-21)
(-0.067278161 -0.049528374 3.3104594e-20)
(-0.066067657 -0.055075117 -3.0032129e-20)
(-0.063381237 -0.059667076 -5.8247832e-21)
(-0.059447852 -0.063145246 -3.5962426e-21)
(-0.054514352 -0.065392625 -4.7232117e-21)
(-0.048773759 -0.06625201 -4.0118537e-21)
(-0.042513597 -0.065705949 6.6720104e-22)
(-0.035976414 -0.063721326 5.2037349e-20)
(-0.029416232 -0.060327853 -7.8378023e-20)
(-0.023071536 -0.055586857 -8.3048032e-20)
(-0.01716462 -0.049595682 -3.3579099e-20)
(-0.011896561 -0.042484739 -7.6807076e-20)
(-0.0074424012 -0.034412761 1.7114659e-20)
(-0.0039451065 -0.025562916 2.4886436e-20)
(-0.0015214981 -0.016154447 -3.8672196e-20)
(-0.0002339627 -0.0063625292 -5.1673706e-21)
(0.00012538404 0.004009446 -4.9317181e-22)
(0.00048237072 0.010071312 -3.0347868e-23)
(0.0011652542 0.015926106 -1.8409257e-21)
(0.0021483503 0.021376196 6.6565523e-21)
(0.0033838883 0.026226574 -5.1306805e-21)
(0.0048023768 0.030293257 -1.7217006e-20)
(0.0063137248 0.033417815 3.5825422e-21)
(0.0078152848 0.035475116 1.5510349e-20)
(0.0091954039 0.036385124 -1.5845284e-20)
(0.010341123 0.036122082 3.809808e-20)
(0.011148882 0.034722573 7.3427123e-22)
(0.011535447 0.03228905 -2.6239961e-20)
(0.011449816 0.028991168 -4.420933e-20)
(0.010882847 0.02505785 3.6649347e-20)
(0.0098733002 0.02076181 -3.8951141e-20)
(0.0085075204 0.01639443 -6.2679e-20)
(0.0069089063 0.012234843 4.0754003e-20)
(0.0052220249 0.0085179888 -6.4524401e-20)
(0.0035896399 0.0054041521 -8.3948604e-20)
(0.0021279571 0.0029642364 5.3529322e-20)
(0.00091493143 0.0011880961 6.7105318e-20)
(-2.9429233e-05 -1.7379905e-05 5.9196808e-20)
(-0.00070912639 -0.00075779246 4.7979924e-20)
(-0.0011582639 -0.0011517531 1.1198884e-20)
(-0.0013381188 -0.0012306107 1.8847179e-20)
(-0.0011538179 -0.00098158509 -3.987779e-21)
(-0.00037844485 -0.00030629446 3.5659281e-20)
(0.00089230657 0.00061404787 -9.4719354e-21)
(0.0023428918 0.0014892983 -7.4295587e-21)
(0.003566153 0.0020584199 5.1334532e-20)
(0.0043026836 0.0022331371 -6.7306216e-20)
(0.0046346121 0.0021397615 -2.0336988e-21)
(0.0047682125 0.0019328998 3.3646268e-20)
(0.00482739 0.0016903304 1.7569746e-20)
(0.0047291848 0.0014000872 -5.6007188e-20)
(0.0042739224 0.0010384813 3.5574295e-21)
(0.0032503615 0.00062159151 1.0521611e-20)
(0.0014240177 0.00020734469 1.9937293e-21)
(-0.0014082381 -8.9945352e-05 -2.8809842e-21)
(-0.0054678882 -0.00011459523 1.8105841e-21)
(-0.011117522 0.00037400618 -3.407855e-21)
(-0.018290691 0.0017023741 2.7925214e-20)
(-0.026385324 0.00406148 -3.9070602e-20)
(-0.034922819 0.0075454698 1.5124958e-20)
(-0.043271437 0.012113004 -1.3687074e-20)
(-0.05094839 0.017632634 8.8027837e-20)
(-0.05747144 0.023856081 1.4183762e-20)
(-0.062549404 0.030500669 -1.2415402e-19)
(-0.065979874 0.037251163 1.0525041e-19)
(-0.067715051 0.043811441 1.9900634e-21)
(-0.067745835 0.049869799 -3.1232144e-20)
(-0.066245709 0.05522076 2.7725137e-20)
(-0.063275847 0.059564761 -4.1632851e-20)
(-0.059100522 0.06277343 2.9107312e-21)
(-0.053996161 0.064767894 -2.8203225e-21)
(-0.048103453 0.065337976 6.4163553e-21)
(-0.041745088 0.064514276 -7.9570618e-22)
(-0.035151175 0.062255059 -5.7812295e-20)
(-0.028576545 0.058600212 8.4277533e-20)
(-0.022256847 0.053616917 8.7581109e-20)
(-0.016410375 0.047406846 3.4943891e-20)
(-0.011234411 0.040106361 7.9132897e-20)
(-0.0068986709 0.031876668 -1.7491182e-20)
(-0.003540931 0.022906448 5.0095398e-20)
(-0.0012718176 0.013406549 3.9008254e-20)
(-0.00015233936 0.0035947721 5.1851872e-21)
)
;
    }
    frontAndBack
    {
        type            empty;
    }
}


// ************************************************************************* //
