/*--------------------------------*- C++ -*----------------------------------*\
  =========                 |
  \\      /  F ield         | OpenFOAM: The Open Source CFD Toolbox
   \\    /   O peration     | Website:  https://openfoam.org
    \\  /    A nd           | Version:  13
     \\/     M anipulation  |
\*---------------------------------------------------------------------------*/
FoamFile
{
    format      ascii;
    class       volVectorField;
    location    "35.201228";
    object      wallShearStress;
}
// * * * * * * * * * * * * * * * * * * * * * * * * * * * * * * * * * * * * * //

dimensions      [0 2 -2 0 0 0 0];

internalField   uniform (0 0 0);

boundaryField
{
    inlet
    {
        type            calculated;
        value           uniform (0 0 0);
    }
    outlet
    {
        type            calculated;
        value           uniform (0 0 0);
    }
    cylinder
    {
        type            calculated;
        value           nonuniform List<vector> 
132
(
(-1.1628169e-05 0.0011403562 -2.7005286e-22)
(-3.0498498e-05 0.00083487038 7.6676523e-23)
(-3.2517328e-05 0.00052574134 4.2192599e-21)
(-1.7647278e-05 0.00021887121 -1.4104971e-20)
(1.3898731e-05 -8.1119662e-05 9.9168371e-21)
(6.1069769e-05 -0.00036938089 3.0178295e-20)
(0.00012330089 -0.00064081104 -5.6945051e-21)
(0.00019838926 -0.00089077947 -2.2469337e-20)
(0.00028403004 -0.0011151274 2.1096698e-20)
(0.00037751723 -0.0013103119 -4.7130381e-20)
(0.00047586148 -0.0014736363 -8.5483491e-22)
(0.0005759131 -0.0016033915 2.9097185e-20)
(0.00067458221 -0.0016990618 4.7332923e-20)
(0.00076907945 -0.0017612865 -3.8365559e-20)
(0.00085709827 -0.001792103 4.0329223e-20)
(0.00093700418 -0.0017947057 6.4827631e-20)
(0.001008236 -0.0017737078 -4.244237e-20)
(0.0010713422 -0.0017346038 6.8045894e-20)
(0.0011285045 -0.0016841115 8.995024e-20)
(0.001183628 -0.0016296551 -5.8350451e-20)
(0.00124265 -0.001579225 -7.4391219e-20)
(0.0013139503 -0.0015412745 2.6208873e-23)
(0.0014078923 -0.0015235628 1.0802768e-20)
(0.0015368289 -0.0015327917 -1.2943337e-20)
(0.0017129583 -0.0015722924 -2.2037333e-20)
(0.0019463244 -0.0016407959 4.7172614e-21)
(0.002241509 -0.0017309294 -4.2628409e-20)
(0.0025917531 -0.0018269771 1.1398589e-20)
(0.0029808115 -0.0019095878 8.9568084e-21)
(0.0033825702 -0.0019581425 -6.1721046e-20)
(0.0037617317 -0.0019534788 8.0575614e-20)
(0.0040887003 -0.0018869295 2.4396125e-21)
(0.0043304514 -0.001754714 1.759429e-20)
(0.0044173375 -0.0015469158 -2.0861759e-20)
(0.0042420599 -0.0012568609 6.6336713e-20)
(0.0036526814 -0.00088932184 -4.1987278e-21)
(0.002473698 -0.00047646225 1.6946824e-20)
(0.00048587165 -8.1874297e-05 -2.3273828e-21)
(-0.002494714 0.00017978782 3.3371567e-21)
(-0.0066394345 0.00014555578 -2.0784594e-21)
(-0.012315131 -0.00041015456 3.8709648e-21)
(-0.019427535 -0.0018051463 -1.1893081e-22)
(-0.027355443 -0.0042080685 4.3406671e-20)
(-0.035647329 -0.0076995968 -1.6645087e-20)
(-0.04372088 -0.012237006 1.4949874e-20)
(-0.05112552 -0.017692423 -9.5634084e-20)
(-0.057407463 -0.023827983 -1.5365303e-20)
(-0.062296943 -0.030376433 1.3448715e-19)
(-0.065603034 -0.037037683 -1.1438578e-19)
(-0.067272955 -0.043525088 -2.1790704e-21)
(-0.067306442 -0.049546419 3.4684123e-20)
(-0.065841045 -0.054883851 -3.1552266e-20)
(-0.062965241 -0.05927337 -6.1768398e-21)
(-0.058906053 -0.062568024 -3.9227926e-21)
(-0.053909534 -0.064665622 -5.920496e-21)
(-0.048147924 -0.065400585 -2.9313802e-21)
(-0.041905846 -0.064765486 6.0598576e-22)
(-0.035414779 -0.062725478 4.8982364e-20)
(-0.028920498 -0.059310131 -7.4783467e-20)
(-0.022653701 -0.054579044 -7.9765236e-20)
(-0.016829714 -0.048626691 -3.2366631e-20)
(-0.011643767 -0.041580209 -7.4176721e-20)
(-0.00726591 -0.033593923 1.6544102e-20)
(-0.0038353262 -0.024846879 2.4062803e-20)
(-0.001465906 -0.015551319 -3.7381724e-20)
(-0.00021915872 -0.0058830298 -4.9910464e-21)
(2.3421992e-05 0.0014410039 -1.2452502e-21)
(7.4712551e-05 0.0017373315 -7.4321153e-23)
(0.0001433064 0.0020271738 -4.273146e-21)
(0.00022837594 0.0023052655 1.4344245e-20)
(0.0003288996 0.0025662005 -1.0132988e-20)
(0.00044322662 0.0028044404 -3.0978748e-20)
(0.00056905867 0.0030145892 5.8718198e-21)
(0.00070341995 0.0031916233 2.3268535e-20)
(0.00084291739 0.0033310708 -2.1935764e-20)
(0.0009836317 0.0034293344 4.9189882e-20)
(0.001121323 0.0034838556 8.9524948e-22)
(0.0012516976 0.0034935516 -3.0568802e-20)
(0.0013705429 0.0034586568 -4.9863646e-20)
(0.0014742555 0.0033814999 4.0512621e-20)
(0.0015598016 0.0032656607 -4.2671143e-20)
(0.0016255036 0.0031169982 -6.8702952e-20)
(0.0016709455 0.002942613 4.5036457e-20)
(0.0016975253 0.00275113 -7.2271983e-20)
(0.0017089629 0.0025527466 -9.5597595e-20)
(0.0017110704 0.0023580229 6.2037491e-20)
(0.001712496 0.0021783014 7.9105805e-20)
(0.0017246229 0.0020247699 7.0871407e-20)
(0.0017614704 0.0019077431 5.8243175e-20)
(0.0018392778 0.0018357413 1.3761051e-20)
(0.0019741524 0.0018130519 2.3427228e-20)
(0.0021791092 0.0018377686 -5.0146638e-21)
(0.0024607711 0.0019007244 4.532147e-20)
(0.0028113264 0.0019820623 -1.212261e-20)
(0.0032077638 0.0020552298 -9.5314533e-21)
(0.0036127147 0.0020916487 6.5737579e-20)
(0.0039838452 0.0020691637 -8.5910598e-20)
(0.004284795 0.0019778999 -2.5892913e-21)
(0.0044688246 0.0018114863 4.2797559e-20)
(0.0044501299 0.0015594484 2.2344202e-20)
(0.0041078753 0.0012186945 -7.1186084e-20)
(0.0032775499 0.00080062015 4.5147423e-21)
(0.0017760559 0.00034760178 1.3315121e-20)
(-0.00061796235 -6.3604757e-05 2.5116416e-21)
(-0.0040986264 -0.00030796762 -3.6047174e-21)
(-0.008753035 -0.00020064603 2.2455628e-21)
(-0.014955957 0.00049307655 -4.1775948e-21)
(-0.022543784 0.0020905784 3.3752651e-20)
(-0.030779439 0.0047306894 -4.6522872e-20)
(-0.039217492 0.0084667779 1.7750557e-20)
(-0.047283026 0.013230592 -1.5852229e-20)
(-0.054515759 0.018862278 1.0077914e-19)
(-0.06051419 0.025113265 1.6092542e-20)
(-0.065049007 0.031714284 -1.3996167e-19)
(-0.067949119 0.038358368 1.1829834e-19)
(-0.069208199 0.044773509 2.239009e-21)
(-0.068823072 0.050659367 -3.538599e-20)
(-0.066982387 0.055831938 3.1938237e-20)
(-0.063738168 0.059997513 -4.9791172e-20)
(-0.059355473 0.063042224 3.8472276e-21)
(-0.054104611 0.064896351 -7.4220777e-21)
(-0.048112937 0.065349575 3.5972396e-21)
(-0.041697239 0.064439388 -6.4895074e-22)
(-0.035077827 0.062124551 -5.1183332e-20)
(-0.028501136 0.058445335 7.7253661e-20)
(-0.022194912 0.053467898 8.1801331e-20)
(-0.016370318 0.047291867 3.3012922e-20)
(-0.011218399 0.040050781 7.5322816e-20)
(-0.0069035324 0.031902224 -1.6735195e-20)
(-0.0035592307 0.023030807 4.8106243e-20)
(-0.0012926873 0.013643605 3.7558155e-20)
(-0.00016213566 0.0039492421 5.0017775e-21)
)
;
    }
    frontAndBack
    {
        type            empty;
    }
}


// ************************************************************************* //
