/*--------------------------------*- C++ -*----------------------------------*\
  =========                 |
  \\      /  F ield         | OpenFOAM: The Open Source CFD Toolbox
   \\    /   O peration     | Website:  https://openfoam.org
    \\  /    A nd           | Version:  13
     \\/     M anipulation  |
\*---------------------------------------------------------------------------*/
FoamFile
{
    format      ascii;
    class       volVectorField;
    location    "32.400683";
    object      wallShearStress;
}
// * * * * * * * * * * * * * * * * * * * * * * * * * * * * * * * * * * * * * //

dimensions      [0 2 -2 0 0 0 0];

internalField   uniform (0 0 0);

boundaryField
{
    inlet
    {
        type            calculated;
        value           uniform (0 0 0);
    }
    outlet
    {
        type            calculated;
        value           uniform (0 0 0);
    }
    cylinder
    {
        type            calculated;
        value           nonuniform List<vector> 
132
(
(2.0867024e-05 -0.0012403922 -2.6120475e-22)
(6.7204611e-05 -0.0015504277 7.4483815e-23)
(0.00013163832 -0.001855695 4.1161075e-21)
(0.00021346481 -0.0021507468 -1.3819607e-20)
(0.00031179173 -0.0024299795 9.7579689e-21)
(0.00042507396 -0.0026875964 2.9820027e-20)
(0.00055110022 -0.0029179035 -5.6501276e-21)
(0.00068693905 -0.0031154948 -2.2382881e-20)
(0.00082913461 -0.0032755267 2.1095121e-20)
(0.00097371723 -0.0033938998 -4.7294207e-20)
(0.0011163286 -0.0034676338 -8.6059423e-22)
(0.0012524201 -0.0034949973 2.9381458e-20)
(0.0013775576 -0.0034759016 4.792203e-20)
(0.0014876451 -0.003411855 -3.8932567e-20)
(0.0015793629 -0.0033063478 4.1005149e-20)
(0.0016503545 -0.0031644729 6.601934e-20)
(0.0016997223 -0.0029931933 -4.3276825e-20)
(0.0017283008 -0.002800995 6.9448122e-20)
(0.0017390019 -0.0025976907 9.1861676e-20)
(0.0017370734 -0.0023940205 -5.9612434e-20)
(0.0017302902 -0.0022011878 -7.6011229e-20)
(0.0017293174 -0.0020306164 2.6759973e-23)
(0.0017476611 -0.0018931816 1.1035842e-20)
(0.0018014156 -0.0017983648 -1.3219187e-20)
(0.0019079718 -0.001752638 -2.2500217e-20)
(0.0020829994 -0.0017569751 4.8149318e-21)
(0.0023365994 -0.0018049308 -4.3501009e-20)
(0.0026654138 -0.0018791446 1.1630756e-20)
(0.0030531087 -0.0019559252 9.1399789e-21)
(0.003467453 -0.0020072194 -6.3002324e-20)
(0.0038617293 -0.0020053689 8.2287786e-20)
(0.0041974281 -0.0019371343 2.4929349e-21)
(0.0044373945 -0.0017981371 1.7990534e-20)
(0.0045114708 -0.0015800098 -2.1346116e-20)
(0.0043137829 -0.001278266 6.792436e-20)
(0.0036926707 -0.00089925633 -4.3023107e-21)
(0.0024720052 -0.00047647893 1.737742e-20)
(0.00043123561 -7.4913021e-05 -2.3881479e-21)
(-0.0026124628 0.00018884369 3.4263797e-21)
(-0.0068228669 0.00014992604 -2.1350738e-21)
(-0.012569071 -0.00041831483 3.9778602e-21)
(-0.019746413 -0.0018345275 -1.2223935e-22)
(-0.027723517 -0.0042644379 4.4620381e-20)
(-0.036045891 -0.0077854286 -1.711264e-20)
(-0.044133487 -0.012352245 1.5373041e-20)
(-0.051544259 -0.017837113 -9.8385656e-20)
(-0.057820915 -0.023999375 -1.5819424e-20)
(-0.062699328 -0.030572466 1.3863796e-19)
(-0.065992277 -0.037257303 -1.1814584e-19)
(-0.067645966 -0.043766337 -2.2573367e-21)
(-0.067666296 -0.049811279 3.6096245e-20)
(-0.06618303 -0.055168918 -3.3076542e-20)
(-0.063295921 -0.059584779 -6.5639597e-21)
(-0.059225673 -0.062907631 -4.291129e-21)
(-0.054212345 -0.065029058 -7.2519001e-21)
(-0.048438361 -0.065795423 -1.8100205e-21)
(-0.042181564 -0.065192064 5.4914408e-22)
(-0.035674772 -0.063186618 4.6534171e-20)
(-0.029162863 -0.059808094 -7.2365972e-20)
(-0.022875972 -0.05511589 -7.7957094e-20)
(-0.017029014 -0.049204545 -3.1833733e-20)
(-0.011816596 -0.042200576 -7.3284762e-20)
(-0.0074084743 -0.034258611 1.6402282e-20)
(-0.0039433082 -0.025556438 2.3926634e-20)
(-0.0015347843 -0.016309779 -3.7267414e-20)
(-0.00024271455 -0.0066833286 -4.988289e-21)
(-8.5838375e-06 -0.00092771253 -1.1994161e-21)
(-2.1110558e-05 -0.00061184408 -7.1287826e-23)
(-1.6163316e-05 -0.0002943044 -4.0815932e-21)
(5.684688e-06 1.9091955e-05 1.3644903e-20)
(4.4383281e-05 0.00032360248 -9.6003667e-21)
(9.9553082e-05 0.00061403659 -2.9236144e-20)
(0.00016928049 0.00088523353 5.5208523e-21)
(0.00025152436 0.0011324952 2.1800586e-20)
(0.00034374789 0.0013515941 -2.0484257e-20)
(0.00044301193 0.001539014 4.5796303e-20)
(0.00054609162 0.0016921708 8.3123556e-22)
(0.0006496279 0.0018095518 -2.8314133e-20)
(0.00075045452 0.0018908985 -4.6089922e-20)
(0.00084563017 0.0019371961 3.7381551e-20)
(0.00093284362 0.0019509748 -3.9317658e-20)
(0.0010104947 0.0019358851 -6.3235171e-20)
(0.0010782584 0.0018972459 4.1419354e-20)
(0.0011369199 0.0018410803 -6.6433834e-20)
(0.0011891835 0.0017749112 -8.7850753e-20)
(0.0012395314 0.0017068228 5.7006554e-20)
(0.0012945269 0.0016452998 7.2696923e-20)
(0.0013633836 0.0015993582 6.5143383e-20)
(0.0014571208 0.0015768893 5.3550784e-20)
(0.0015886204 0.0015844653 1.2656443e-20)
(0.0017701422 0.0016247808 2.1553365e-20)
(0.002011157 0.0016954659 -4.614782e-21)
(0.0023130599 0.0017862271 4.1714944e-20)
(0.0026689118 0.0018814579 -1.1158355e-20)
(0.0030565649 0.0019583068 -8.7724717e-21)
(0.003443005 0.0019933599 6.0487326e-20)
(0.003804474 0.0019758874 -7.9018187e-20)
(0.0041091879 0.0018966634 -2.3806398e-21)
(0.0043098137 0.0017467817 3.9333724e-20)
(0.0043297073 0.0015168825 2.0528448e-20)
(0.0040541533 0.0012022124 -6.538333e-20)
(0.0033223165 0.00081063406 4.1460771e-21)
(0.0019555938 0.00038037832 1.2228208e-20)
(-0.00026526737 -1.73159e-05 2.3072501e-21)
(-0.0035291352 -0.0002630549 -3.3134699e-21)
(-0.0079522271 -0.00018001506 2.0661585e-21)
(-0.013903635 0.00045982081 -3.8493281e-21)
(-0.021245818 0.0019715007 3.1157537e-20)
(-0.029288508 0.0045028618 -4.3030296e-20)
(-0.037582988 0.0081152121 1.6447762e-20)
(-0.045560584 0.012749839 -1.4710161e-20)
(-0.052763969 0.018257333 9.3600681e-20)
(-0.058777208 0.024393754 1.4946602e-20)
(-0.063361956 0.030893002 -1.2985474e-19)
(-0.066338307 0.037450138 1.0946475e-19)
(-0.067691431 0.043793213 2.0618184e-21)
(-0.067410953 0.049620742 -3.2311138e-20)
(-0.065683339 0.054749811 2.8740177e-20)
(-0.062553393 0.058882731 -4.3523274e-20)
(-0.05828411 0.061904645 3.1342143e-21)
(-0.053148458 0.063749626 -4.0079767e-21)
(-0.047267226 0.064200804 5.5932894e-21)
(-0.040958566 0.063297511 -7.4613144e-22)
(-0.034441442 0.060996844 -5.5200737e-20)
(-0.027961726 0.057338159 8.1066739e-20)
(-0.021746913 0.052387041 8.4547894e-20)
(-0.016007805 0.046242115 3.3795236e-20)
(-0.010935334 0.03903624 7.6596918e-20)
(-0.0066938196 0.030926303 -1.6934688e-20)
(-0.0034166849 0.022096125 4.8491968e-20)
(-0.0012112934 0.012750424 3.7738615e-20)
(-0.00013722921 0.0031060883 5.0119343e-21)
)
;
    }
    frontAndBack
    {
        type            empty;
    }
}


// ************************************************************************* //
