/*--------------------------------*- C++ -*----------------------------------*\
  =========                 |
  \\      /  F ield         | OpenFOAM: The Open Source CFD Toolbox
   \\    /   O peration     | Website:  https://openfoam.org
    \\  /    A nd           | Version:  13
     \\/     M anipulation  |
\*---------------------------------------------------------------------------*/
FoamFile
{
    format      ascii;
    class       volVectorField;
    location    "5.003362";
    object      wallShearStress;
}
// * * * * * * * * * * * * * * * * * * * * * * * * * * * * * * * * * * * * * //

dimensions      [0 2 -2 0 0 0 0];

internalField   uniform (0 0 0);

boundaryField
{
    inlet
    {
        type            calculated;
        value           uniform (0 0 0);
    }
    outlet
    {
        type            calculated;
        value           uniform (0 0 0);
    }
    cylinder
    {
        type            calculated;
        value           nonuniform List<vector> 
132
(
(0.00012637907 -0.0017017146 -1.3878315e-22)
(0.00053757002 -0.010624332 4.0353892e-23)
(0.0014310617 -0.019320158 2.3700381e-21)
(0.0027708141 -0.02745077 -8.6577938e-21)
(0.0044830152 -0.034681216 6.7682927e-21)
(0.0064565953 -0.040694851 2.3074497e-20)
(0.0085455846 -0.045220783 -4.8749873e-21)
(0.010584676 -0.048051495 -2.1384191e-20)
(0.012395213 -0.049063189 2.2070629e-20)
(0.013801925 -0.048235731 -5.3443219e-20)
(0.014652505 -0.045664809 -1.034154e-21)
(0.014838335 -0.04156784 3.6999543e-20)
(0.014314532 -0.036279432 6.2263739e-20)
(0.013114457 -0.030229988 -5.1463898e-20)
(0.011354249 -0.023906463 5.4477853e-20)
(0.009219404 -0.017790896 8.7288926e-20)
(0.0069354624 -0.012302337 -5.6543137e-20)
(0.0047269514 -0.0077270286 8.9289627e-20)
(0.002775796 -0.0041935747 1.1602951e-19)
(0.0011983565 -0.0016840376 -7.3999608e-20)
(1.2073884e-05 -3.9324906e-05 -9.2892367e-20)
(-0.00080818344 0.00093493074 3.2304284e-23)
(-0.0013397352 0.0014446292 1.3148168e-20)
(-0.0015618027 0.0015598692 -1.5580322e-20)
(-0.0013693534 0.001267689 -2.6232545e-20)
(-0.00046664703 0.00041113184 5.5583318e-21)
(0.001014227 -0.00076427612 -4.9883525e-20)
(0.002711253 -0.0018968281 1.3306517e-20)
(0.0041406053 -0.0026459062 1.0475873e-20)
(0.0049770314 -0.0028808389 -7.2459141e-20)
(0.0053476889 -0.0027794066 9.4903346e-20)
(0.0055099209 -0.0025451364 2.8795331e-21)
(0.0056119853 -0.002275548 2.0801875e-20)
(0.00556745 -0.0019509342 -2.4717102e-20)
(0.0051729974 -0.0015342325 7.8820669e-20)
(0.004204748 -0.0010261258 -5.0072803e-21)
(0.0024435115 -0.00047545084 2.0299327e-20)
(-0.00036161951 2.5858589e-05 -2.8015796e-21)
(-0.0044114036 0.0003295962 4.0369077e-21)
(-0.0097981633 0.00022317568 -2.5261423e-21)
(-0.016925902 -0.0005582111 4.7229784e-21)
(-0.02553394 -0.002367427 -1.4542163e-22)
(-0.034774024 -0.0053438136 5.310563e-20)
(-0.044145982 -0.0095295404 -2.0346949e-20)
(-0.052970619 -0.014820414 1.8240836e-20)
(-0.060798136 -0.021034246 -1.1643464e-19)
(-0.067207792 -0.027889142 -1.8673186e-20)
(-0.071970919 -0.035087134 1.6329243e-19)
(-0.074943944 -0.042305294 -1.3899514e-19)
(-0.076127277 -0.049248193 -2.6567111e-21)
(-0.075552662 -0.055611635 4.2604195e-20)
(-0.073410512 -0.061189049 -3.9329563e-20)
(-0.069798548 -0.065701846 -7.9250131e-21)
(-0.064972739 -0.069008194 -5.3777795e-21)
(-0.059215962 -0.071027611 -1.0344795e-20)
(-0.052699628 -0.071580537 6.532868e-23)
(-0.0457315 -0.070675734 4.9320398e-22)
(-0.038552564 -0.068281163 4.5940542e-20)
(-0.031420109 -0.064434943 -7.372778e-20)
(-0.024573833 -0.059204296 -8.0612329e-20)
(-0.018236886 -0.052692218 -3.3183451e-20)
(-0.012610996 -0.045034746 -7.674118e-20)
(-0.0078714864 -0.036395586 1.7219358e-20)
(-0.0041614351 -0.026963158 2.5148148e-20)
(-0.0015978417 -0.016961527 -3.9177398e-20)
(-0.00024271377 -0.0065710386 -5.2404908e-21)
(0.00020031695 0.00720791 -6.4578516e-22)
(0.00075358191 0.015953714 -4.0310456e-23)
(0.0017698815 0.024292375 -2.4918911e-21)
(0.0031986541 0.031894432 9.1957678e-21)
(0.0049528599 0.038441988 -7.2231584e-21)
(0.0069105869 0.043646221 -2.461905e-20)
(0.0089202719 0.047273193 5.1810398e-21)
(0.010816808 0.049159162 2.2583434e-20)
(0.012426808 0.049231387 -2.3129835e-20)
(0.013588073 0.04752377 5.5545022e-20)
(0.014168252 0.044185121 1.0660277e-21)
(0.014085845 0.039484502 -3.7829826e-20)
(0.013325557 0.033793474 -6.3198267e-20)
(0.011952549 0.027568417 5.1906771e-20)
(0.010104768 0.021287359 -5.4667661e-20)
(0.0079801531 0.015408911 -8.7265035e-20)
(0.005797312 0.010291155 5.639791e-20)
(0.0037577466 0.006149303 -8.8959334e-20)
(0.0020148006 0.0030516133 -1.1559257e-19)
(0.00064357334 0.00091885077 7.3764322e-20)
(-0.00035954549 -0.00043752579 9.2671013e-20)
(-0.001044704 -0.0012153662 8.1958164e-20)
(-0.001451277 -0.0015682904 6.6594029e-20)
(-0.0014955284 -0.0014965321 1.5566703e-20)
(-0.0011475672 -0.0010663025 2.6229381e-20)
(-3.820612e-05 -5.1716705e-05 -5.5605313e-21)
(0.0015826012 0.0012037166 5.00048e-20)
(0.0032141795 0.0022536919 -1.3362065e-20)
(0.0044568725 0.0028511953 -1.053526e-20)
(0.0050904823 0.0029482097 7.2901236e-20)
(0.0053684884 0.0027907435 -9.5490342e-20)
(0.0055132896 0.0025468488 -2.8815692e-21)
(0.0055884495 0.0022664195 4.768124e-20)
(0.005462594 0.0019150761 2.4935339e-20)
(0.0049258649 0.0014624432 -7.9637125e-20)
(0.0037540938 0.00091881685 5.0676327e-21)
(0.0017310218 0.00034328374 1.5007495e-20)
(-0.0013916029 -0.00016247649 2.8444448e-21)
(-0.0058087766 -0.00044076941 -4.1027396e-21)
(-0.011549311 -0.00026970681 2.56833e-21)
(-0.019016757 0.00062330654 -4.7991171e-21)
(-0.027891801 0.0025828864 3.8894006e-20)
(-0.037262864 0.0057231617 -5.3707849e-20)
(-0.046628022 0.010062297 2.0499719e-20)
(-0.055330678 0.015478216 -1.8295927e-20)
(-0.062937022 0.021771827 1.1620233e-19)
(-0.069056059 0.028652952 1.8531819e-20)
(-0.073491605 0.035825451 -1.610547e-19)
(-0.076116867 0.042964479 1.3611644e-19)
(-0.076962293 0.049785556 2.5797481e-21)
(-0.07605613 0.055979461 -4.0918943e-20)
(-0.073628625 0.061368189 3.7221615e-20)
(-0.069747384 0.065650767 -5.8981107e-20)
(-0.064686798 0.068701662 4.7405055e-21)
(-0.058757095 0.070474189 -1.0838172e-20)
(-0.052095416 0.070756491 2.1889866e-21)
(-0.045029894 0.069587688 -6.1382176e-22)
(-0.037794129 0.066933504 -5.1371542e-20)
(-0.030644838 0.062839756 7.9284699e-20)
(-0.023819144 0.057379369 8.4887164e-20)
(-0.017536551 0.050659762 3.447175e-20)
(-0.011995076 0.042822362 7.8938215e-20)
(-0.0073650762 0.034033505 -1.7575235e-20)
(-0.0037846509 0.024486711 5.0574206e-20)
(-0.0013649565 0.014398465 3.9495239e-20)
(-0.00016654321 0.0039887394 5.2575426e-21)
)
;
    }
    frontAndBack
    {
        type            empty;
    }
}


// ************************************************************************* //
