/*--------------------------------*- C++ -*----------------------------------*\
  =========                 |
  \\      /  F ield         | OpenFOAM: The Open Source CFD Toolbox
   \\    /   O peration     | Website:  https://openfoam.org
    \\  /    A nd           | Version:  13
     \\/     M anipulation  |
\*---------------------------------------------------------------------------*/
FoamFile
{
    format      ascii;
    class       volVectorField;
    location    "19.896567";
    object      wallShearStress;
}
// * * * * * * * * * * * * * * * * * * * * * * * * * * * * * * * * * * * * * //

dimensions      [0 2 -2 0 0 0 0];

internalField   uniform (0 0 0);

boundaryField
{
    inlet
    {
        type            calculated;
        value           uniform (0 0 0);
    }
    outlet
    {
        type            calculated;
        value           uniform (0 0 0);
    }
    cylinder
    {
        type            calculated;
        value           nonuniform List<vector> 
132
(
(7.5186171e-05 -0.0041525296 -2.008949e-22)
(0.00024593498 -0.0055939728 5.743283e-23)
(0.00049774647 -0.0069828808 3.1886429e-21)
(0.00082333061 -0.0082810971 -1.0767246e-20)
(0.0012126745 -0.0094477754 7.6553242e-21)
(0.0016505594 -0.010439941 2.3576198e-20)
(0.0021164607 -0.01121633 -4.5038981e-21)
(0.0025852325 -0.011740619 -1.7989644e-20)
(0.0030289383 -0.01198539 1.7087492e-20)
(0.0034176783 -0.011934663 -3.8575674e-20)
(0.0037223826 -0.011587161 -7.0592499e-22)
(0.0039171966 -0.010956986 2.419915e-20)
(0.0039831154 -0.010076528 3.9558108e-20)
(0.0039097784 -0.008992913 -3.214829e-20)
(0.0036975434 -0.0077657844 3.3807438e-20)
(0.003359102 -0.0064644155 5.4255133e-20)
(0.0029184504 -0.0051601985 -3.5399559e-20)
(0.0024083915 -0.0039211834 5.6484491e-20)
(0.001867546 -0.0028047547 7.4242148e-20)
(0.0013343302 -0.0018510948 -4.7863531e-20)
(0.00084433261 -0.0010835298 -6.0634965e-20)
(0.00042374565 -0.00050456453 2.12403e-23)
(0.0001051935 -0.00011879631 8.6973007e-21)
(-7.8558758e-05 7.6100516e-05 -1.0359951e-20)
(-6.5634619e-05 6.2605187e-05 -1.7546595e-20)
(0.00016238746 -0.00013202281 3.7374362e-21)
(0.00067796743 -0.00051688469 -3.363492e-20)
(0.001431797 -0.0010021963 8.9765868e-21)
(0.0022665059 -0.0014463694 7.0529493e-21)
(0.0030324119 -0.0017521825 -4.8681905e-20)
(0.0035919073 -0.0018641768 6.3690126e-20)
(0.0039403845 -0.001818481 1.9318496e-21)
(0.0041532774 -0.0016828689 1.3945041e-20)
(0.0042833591 -0.0014992324 -1.6541836e-20)
(0.0042731567 -0.001264358 5.2622938e-20)
(0.0039806335 -0.00096605125 -3.3334282e-21)
(0.0032288435 -0.00061523647 1.347353e-20)
(0.0018121945 -0.0002565449 -1.8546314e-21)
(-0.00046761404 1.8293091e-05 2.6689442e-21)
(-0.0038406021 7.6222783e-05 -1.6704658e-21)
(-0.0086437067 -0.00029358667 3.133117e-21)
(-0.01491666 -0.0013911278 -9.7178653e-23)
(-0.022193035 -0.0034191422 3.584096e-20)
(-0.030058397 -0.006497736 -1.3898929e-20)
(-0.037965507 -0.010631112 1.2621013e-20)
(-0.04542501 -0.015724273 -8.1556678e-20)
(-0.051950812 -0.021568664 -1.3220149e-20)
(-0.057219928 -0.027906399 1.165146e-19)
(-0.06099106 -0.034439094 -9.9563058e-20)
(-0.063169697 -0.040875125 -1.8998159e-21)
(-0.063727688 -0.0469164 3.0161324e-20)
(-0.062769545 -0.052327538 -2.7174291e-20)
(-0.060387928 -0.056850948 -5.1967777e-21)
(-0.056782838 -0.060316148 -3.0932755e-21)
(-0.05218852 -0.062604355 -3.2967346e-21)
(-0.046798075 -0.063570048 -4.8619498e-21)
(-0.040879019 -0.063181413 6.9111716e-22)
(-0.034667824 -0.061405415 5.2164871e-20)
(-0.028410007 -0.058266303 -7.7527223e-20)
(-0.022337225 -0.053820057 -8.1586267e-20)
(-0.016666453 -0.048159274 -3.2861545e-20)
(-0.011593862 -0.041407867 -7.5000795e-20)
(-0.0072910778 -0.033719459 1.6692403e-20)
(-0.0038981547 -0.02526978 2.4261012e-20)
(-0.001530251 -0.01627545 -3.7702501e-20)
(-0.0002477862 -0.006893494 -5.0404741e-21)
(-1.7128618e-05 -0.0026775194 -9.2136289e-22)
(-2.9360756e-05 -0.0011717308 -5.4804551e-23)
(4.2907515e-05 0.00034763519 -3.1442958e-21)
(0.00019732993 0.0018504807 1.0555671e-20)
(0.00043477774 0.0032992785 -7.4702197e-21)
(0.00074518278 0.0046516382 -2.2919234e-20)
(0.0011148537 0.0058625312 4.3662104e-21)
(0.0015243628 0.0068867682 1.7410276e-20)
(0.0019488694 0.0076832011 -1.6528859e-20)
(0.0023599012 0.0082188174 3.7339448e-20)
(0.002727304 0.0084723766 6.8444829e-22)
(0.0030213417 0.0084375473 -2.3529775e-20)
(0.0032157783 0.0081245823 -3.8601958e-20)
(0.0032911611 0.0075615313 3.150398e-20)
(0.0032376008 0.0067930249 -3.328431e-20)
(0.0030568151 0.0058773059 -5.3676448e-20)
(0.0027624819 0.004880607 3.519404e-20)
(0.0023802328 0.003872506 -5.6423633e-20)
(0.0019442366 0.0029173865 -7.4492217e-20)
(0.0014906322 0.0020654057 4.8219883e-20)
(0.0010586604 0.0013555568 6.130864e-20)
(0.00067860736 0.00080320386 5.4761486e-20)
(0.0003921593 0.00042878415 4.4863588e-20)
(0.00022518831 0.00022611658 1.0567423e-20)
(0.00024841996 0.00022664481 1.7934547e-20)
(0.00049531297 0.0004137091 -3.8287025e-21)
(0.00098532148 0.00075525346 3.4528037e-20)
(0.0016601483 0.0011647787 -9.2293683e-21)
(0.0023710467 0.0015149671 -7.2580777e-21)
(0.0029993166 0.0017342982 5.0110355e-20)
(0.003444984 0.0017885967 -6.5545375e-20)
(0.0037297236 0.0017215476 -1.9761481e-21)
(0.0039076378 0.0015835729 3.2649116e-20)
(0.003989617 0.0013969124 1.7031851e-20)
(0.003887494 0.0011512216 -5.4217509e-20)
(0.003448743 0.00083868711 3.436505e-21)
(0.0024975117 0.00047910933 1.0133508e-20)
(0.00082642965 0.00012544481 1.9125156e-21)
(-0.0017498005 -0.00012277132 -2.7498217e-21)
(-0.0054238156 -0.00011636657 1.7180754e-21)
(-0.010543992 0.00035326828 -3.2120621e-21)
(-0.017078881 0.0015888254 2.6133973e-20)
(-0.024486883 0.00376885 -3.6317568e-20)
(-0.032353992 0.0069904261 1.397415e-20)
(-0.040118548 0.011230807 -1.2577415e-20)
(-0.047309008 0.016373659 8.0487754e-20)
(-0.053480194 0.02220011 1.2907412e-20)
(-0.058342479 0.028450176 -1.124009e-19)
(-0.061682568 0.034825981 9.4710908e-20)
(-0.063443782 0.04104898 1.7763139e-21)
(-0.063597995 0.046817469 -2.7545661e-20)
(-0.06229855 0.051931478 2.3970857e-20)
(-0.059597272 0.056102812 -3.4587047e-20)
(-0.05573177 0.059196019 2.1560463e-21)
(-0.050964464 0.061131976 4.7276822e-22)
(-0.045434695 0.061713439 8.1061097e-21)
(-0.039442714 0.060956244 -8.6363249e-22)
(-0.033212742 0.058821799 -5.9883352e-20)
(-0.026989022 0.055344201 8.5381756e-20)
(-0.020999522 0.050586877 8.7601536e-20)
(-0.015455644 0.044646803 3.4667596e-20)
(-0.010548666 0.037654881 7.8071601e-20)
(-0.0064433916 0.029766847 -1.7188688e-20)
(-0.0032735489 0.021165352 4.9088274e-20)
(-0.0011465148 0.01205298 3.8144552e-20)
(-0.0001227383 0.0026522054 5.0629475e-21)
)
;
    }
    frontAndBack
    {
        type            empty;
    }
}


// ************************************************************************* //
