/*--------------------------------*- C++ -*----------------------------------*\
  =========                 |
  \\      /  F ield         | OpenFOAM: The Open Source CFD Toolbox
   \\    /   O peration     | Website:  https://openfoam.org
    \\  /    A nd           | Version:  13
     \\/     M anipulation  |
\*---------------------------------------------------------------------------*/
FoamFile
{
    format      ascii;
    class       volVectorField;
    location    "41.298513";
    object      wallShearStress;
}
// * * * * * * * * * * * * * * * * * * * * * * * * * * * * * * * * * * * * * //

dimensions      [0 2 -2 0 0 0 0];

internalField   uniform (0 0 0);

boundaryField
{
    inlet
    {
        type            calculated;
        value           uniform (0 0 0);
    }
    outlet
    {
        type            calculated;
        value           uniform (0 0 0);
    }
    cylinder
    {
        type            calculated;
        value           nonuniform List<vector> 
132
(
(-2.5417819e-05 0.0021427541 -2.9107667e-22)
(-7.1944452e-05 0.0018454295 8.2687929e-23)
(-0.00010223636 0.0015362967 4.5525803e-21)
(-0.0001152968 0.0012199221 -1.5226941e-20)
(-0.00011049553 0.00090028789 1.0710999e-20)
(-8.802759e-05 0.00058435281 3.2610832e-20)
(-4.8258468e-05 0.00027600131 -6.1566779e-21)
(7.6419016e-06 -1.9168855e-05 -2.4306017e-20)
(7.7762423e-05 -0.00029623384 2.2834348e-20)
(0.00016049129 -0.00055062981 -5.1043066e-20)
(0.00025293073 -0.00077849787 -9.2638859e-22)
(0.00035220144 -0.00097683924 3.1554919e-20)
(0.00045525009 -0.0011436681 5.136868e-20)
(0.00055913108 -0.0012781157 -4.1669142e-20)
(0.00066123201 -0.0013806475 4.3837443e-20)
(0.00075940907 -0.0014529613 7.05259e-20)
(0.00085244913 -0.001498317 -4.6212005e-20)
(0.00094009441 -0.0015209766 7.415208e-20)
(0.0010237977 -0.0015268927 9.8102051e-20)
(0.001106377 -0.0015224757 -6.3688498e-20)
(0.0011930975 -0.0015155593 -8.125537e-20)
(0.0012912379 -0.0015140705 2.8643336e-23)
(0.0014100665 -0.0015254902 1.1814153e-20)
(0.0015605282 -0.0015561485 -1.4162018e-20)
(0.0017535295 -0.0016093975 -2.412157e-20)
(0.0019976125 -0.0016840424 5.1648511e-21)
(0.0022948829 -0.0017722644 -4.6680442e-20)
(0.002640159 -0.0018612802 1.2482202e-20)
(0.0030165985 -0.0019327323 9.8074852e-21)
(0.0034001897 -0.0019685194 -6.7567223e-20)
(0.003766508 -0.0019560529 8.8172652e-20)
(0.0040845244 -0.0018850958 2.6685374e-21)
(0.0043106863 -0.0017468733 1.9235726e-20)
(0.0043686389 -0.0015301617 -2.2793394e-20)
(0.0041448701 -0.0012285827 7.2418153e-20)
(0.0034816927 -0.00084861969 -4.5785721e-21)
(0.0021994447 -0.00042566711 1.845331e-20)
(7.4851413e-05 -2.7603121e-05 -2.5295778e-21)
(-0.0030793778 0.0002261558 3.6186004e-21)
(-0.0074114496 0.00016519398 -2.2475684e-21)
(-0.013298304 -0.00044123879 4.1720208e-21)
(-0.020620931 -0.001914749 -1.2768816e-22)
(-0.028717793 -0.0044163945 4.6424569e-20)
(-0.037128683 -0.0080183809 -1.7737121e-20)
(-0.045273281 -0.012670576 1.5877521e-20)
(-0.052699254 -0.018236133 -1.0127357e-19)
(-0.058955418 -0.02446927 -1.6234858e-20)
(-0.063785615 -0.03110116 1.4187698e-19)
(-0.06700424 -0.037827681 -1.2059151e-19)
(-0.068570028 -0.044363274 -2.2982847e-21)
(-0.068484935 -0.050413004 3.6655609e-20)
(-0.06689891 -0.055764798 -3.3501157e-20)
(-0.063894521 -0.06014729 -6.6220343e-21)
(-0.059708381 -0.063419454 -4.3061358e-21)
(-0.054593981 -0.065485861 -7.1498901e-21)
(-0.048714851 -0.066169871 -2.0207811e-21)
(-0.042364423 -0.065473415 5.6603886e-22)
(-0.035773275 -0.063359571 4.7525903e-20)
(-0.029189018 -0.059859852 -7.3600578e-20)
(-0.022843437 -0.055035037 -7.9070043e-20)
(-0.016952691 -0.048980591 -3.2217916e-20)
(-0.011712925 -0.041825236 -7.4024895e-20)
(-0.0072947394 -0.033724266 1.6536875e-20)
(-0.0038379226 -0.024858603 2.4076074e-20)
(-0.0014566189 -0.015440497 -3.742255e-20)
(-0.00021298082 -0.005652162 -4.9973799e-21)
(3.6562474e-05 0.0024266141 -1.3414181e-21)
(0.00011381746 0.0026975835 -8.0010412e-23)
(0.00020687477 0.0029533635 -4.5970921e-21)
(0.00031420978 0.003188795 1.5419997e-20)
(0.00043409591 0.0033989227 -1.0883868e-20)
(0.00056422565 0.0035788819 -3.3244134e-20)
(0.00070167753 0.0037242699 6.2950005e-21)
(0.00084317026 0.0038312867 2.4918935e-20)
(0.0009849801 0.0038969168 -2.3464893e-20)
(0.0011231397 0.0039192908 5.2555603e-20)
(0.00125358 0.0038976695 9.5532498e-22)
(0.0013724351 0.0038328967 -3.2577101e-20)
(0.0014762109 0.0037272357 -5.3069625e-20)
(0.0015620804 0.0035844944 4.3060534e-20)
(0.0016282118 0.0034101226 -4.5295769e-20)
(0.0016740307 0.003211017 -7.2837018e-20)
(0.0017005805 0.0029955228 4.7688982e-20)
(0.0017106285 0.0027728733 -7.6443079e-20)
(0.0017090282 0.0025531563 -1.0101114e-19)
(0.0017028742 0.0023468621 6.5490816e-20)
(0.0017017482 0.0021646012 8.3442835e-20)
(0.0017178925 0.002016694 7.4707193e-20)
(0.0017660252 0.0019123831 6.1362386e-20)
(0.0018624802 0.0018585283 1.4492147e-20)
(0.0020232246 0.0018577243 2.4664913e-20)
(0.0022597583 0.0019054268 -5.2787672e-21)
(0.0025762736 0.0019896834 4.7705716e-20)
(0.0029585191 0.0020857356 -1.2760901e-20)
(0.0033772583 0.0021638502 -1.0033999e-20)
(0.0037960178 0.002197865 6.9208737e-20)
(0.004173878 0.0021679844 -9.0452628e-20)
(0.0044735616 0.0020651882 -2.726376e-21)
(0.0046442363 0.001882794 4.5068269e-20)
(0.004595351 0.0016106106 2.3532835e-20)
(0.0042010554 0.0012467417 -7.4985744e-20)
(0.0032878472 0.00080383339 4.7566406e-21)
(0.0016673847 0.00032810964 1.4031116e-20)
(-0.00088652627 -9.8575139e-05 2.6470201e-21)
(-0.0045702209 -0.00034488963 -3.798976e-21)
(-0.0094506503 -0.00021818679 2.3661248e-21)
(-0.015914108 0.00052368918 -4.4000451e-21)
(-0.023761201 0.0022026224 3.5523223e-20)
(-0.032222704 0.0049516614 -4.8920343e-20)
(-0.040847223 0.0088177262 1.864722e-20)
(-0.049030927 0.013718841 -1.6637092e-20)
(-0.056330693 0.019489438 1.0569878e-19)
(-0.062346141 0.02587249 1.6870988e-20)
(-0.066853205 0.032592937 -1.46755e-19)
(-0.069693237 0.039342036 1.2413857e-19)
(-0.070864803 0.045844391 2.3538505e-21)
(-0.070372344 0.05179899 -3.7327882e-20)
(-0.06841227 0.057023104 3.3899357e-20)
(-0.065036098 0.061218638 -5.3484633e-20)
(-0.060518872 0.064277377 4.2508075e-21)
(-0.055134918 0.06613171 -9.2532957e-21)
(-0.049006941 0.066563478 2.5906214e-21)
(-0.042460416 0.065618525 -6.034555e-22)
(-0.035715359 0.063253465 -4.9465077e-20)
(-0.029020682 0.059510677 7.5794752e-20)
(-0.022605612 0.054457401 8.0889494e-20)
(-0.01668263 0.048194486 3.2798005e-20)
(-0.011443986 0.040856989 7.5057054e-20)
(-0.0070549909 0.032603874 -1.6709368e-20)
(-0.0036499465 0.023621296 4.8096022e-20)
(-0.0013366901 0.014118879 3.7582212e-20)
(-0.00017317929 0.0043020186 5.0073401e-21)
)
;
    }
    frontAndBack
    {
        type            empty;
    }
}


// ************************************************************************* //
