/*--------------------------------*- C++ -*----------------------------------*\
  =========                 |
  \\      /  F ield         | OpenFOAM: The Open Source CFD Toolbox
   \\    /   O peration     | Website:  https://openfoam.org
    \\  /    A nd           | Version:  13
     \\/     M anipulation  |
\*---------------------------------------------------------------------------*/
FoamFile
{
    format      ascii;
    class       volVectorField;
    location    "43.298239";
    object      wallShearStress;
}
// * * * * * * * * * * * * * * * * * * * * * * * * * * * * * * * * * * * * * //

dimensions      [0 2 -2 0 0 0 0];

internalField   uniform (0 0 0);

boundaryField
{
    inlet
    {
        type            calculated;
        value           uniform (0 0 0);
    }
    outlet
    {
        type            calculated;
        value           uniform (0 0 0);
    }
    cylinder
    {
        type            calculated;
        value           nonuniform List<vector> 
132
(
(2.4674898e-05 -0.0015318568 -2.9825163e-22)
(7.8654973e-05 -0.0018314413 8.5217635e-23)
(0.00015045253 -0.0021286882 4.7181667e-21)
(0.0002395985 -0.0024182197 -1.5870748e-20)
(0.00034540013 -0.0026942759 1.122669e-20)
(0.00046648185 -0.0029507566 3.436862e-20)
(0.00060069055 -0.0031815256 -6.5229316e-21)
(0.00074521829 -0.0033806216 -2.5881757e-20)
(0.0008965864 -0.0035425236 2.4429426e-20)
(0.0010506779 -0.0036624843 -5.4846575e-20)
(0.0012029174 -0.0037368156 -9.99307e-22)
(0.001348499 -0.0037632475 3.4158581e-20)
(0.0014826249 -0.0037410914 5.5774111e-20)
(0.0016009276 -0.003671713 -4.5355913e-20)
(0.0016996585 -0.0035582146 4.7811858e-20)
(0.0017762921 -0.003405971 7.7036661e-20)
(0.0018297835 -0.0032222418 -5.0532075e-20)
(0.0018609458 -0.0030159746 8.1136561e-20)
(0.0018729536 -0.0027977876 1.0737381e-19)
(0.0018714271 -0.0025791821 -6.970669e-20)
(0.0018648434 -0.002372351 -8.8912255e-20)
(0.0018646917 -0.0021895665 3.1308031e-23)
(0.0018851666 -0.0020421358 1.2915617e-20)
(0.0019430275 -0.0019397628 -1.5474025e-20)
(0.0020550635 -0.0018878269 -2.6343224e-20)
(0.0022370228 -0.0018870185 5.6382372e-21)
(0.0024970613 -0.0019290616 -5.0946699e-20)
(0.0028315128 -0.0019964655 1.3622713e-20)
(0.0032204517 -0.0020634088 1.0706146e-20)
(0.0036268561 -0.0020997765 -7.3795513e-20)
(0.0040111923 -0.0020832272 9.6367731e-20)
(0.0043322095 -0.0019996151 2.9188231e-21)
(0.0045401847 -0.0018401938 2.1056959e-20)
(0.0045533016 -0.0015952822 -2.4972038e-20)
(0.004252862 -0.0012612037 7.9403233e-20)
(0.0034752524 -0.0008480084 -5.0238947e-21)
(0.0020355431 -0.00039601418 2.0260431e-20)
(-0.00029211907 2.0101258e-05 -2.7784164e-21)
(-0.0037052886 0.00027641821 3.9746828e-21)
(-0.0083147107 0.00018851957 -2.468034e-21)
(-0.01450451 -0.00047948359 4.5776664e-21)
(-0.022129041 -0.0020532179 -1.399147e-22)
(-0.03046626 -0.0046836927 5.0795288e-20)
(-0.039064002 -0.0084347946 -1.937895e-20)
(-0.047336561 -0.013246559 1.7326607e-20)
(-0.054809546 -0.018964946 -1.104401e-19)
(-0.061063531 -0.025342676 -1.770923e-20)
(-0.065851536 -0.032107033 1.5496594e-19)
(-0.068992283 -0.038948775 -1.3211625e-19)
(-0.070460606 -0.045585341 -2.5310113e-21)
(-0.070262933 -0.051720921 4.0723797e-20)
(-0.068551063 -0.057141254 -3.7759181e-20)
(-0.065420067 -0.061582937 -7.6654162e-21)
(-0.061105658 -0.064903288 -5.2680135e-21)
(-0.055855242 -0.066998723 -1.0504344e-20)
(-0.04984631 -0.067707023 7.0639282e-22)
(-0.04336669 -0.067023015 4.3269068e-22)
(-0.036649804 -0.064913088 4.1990523e-20)
(-0.029943698 -0.061409166 -6.8332381e-20)
(-0.023480576 -0.056572529 -7.5272663e-20)
(-0.017477202 -0.050499802 -3.1138852e-20)
(-0.012129819 -0.043319841 -7.2281386e-20)
(-0.0076095145 -0.03518961 1.6268566e-20)
(-0.0040560305 -0.026289326 2.3824939e-20)
(-0.0015838856 -0.016838046 -3.7212236e-20)
(-0.00025305817 -0.0070015148 -4.9906265e-21)
(-1.2907909e-05 -0.001232 -1.3667937e-21)
(-3.4532746e-05 -0.00093140165 -8.1068036e-23)
(-3.9927591e-05 -0.00063178059 -4.6315896e-21)
(-2.9534428e-05 -0.00033858819 1.5449185e-20)
(-3.8136141e-06 -5.6442127e-05 -1.0844844e-20)
(3.6118584e-05 0.00021011542 -3.2948973e-20)
(8.8460467e-05 0.00045697175 6.2072818e-21)
(0.0001517938 0.00068034513 2.4452399e-20)
(0.00022357207 0.00087726471 -2.2920633e-20)
(0.00030127506 0.0010455862 5.1120468e-20)
(0.00038233429 0.0011840797 9.2570708e-22)
(0.00046423685 0.0012925871 -3.145776e-20)
(0.00054474542 0.0013720441 -5.1092092e-20)
(0.00062207539 0.0014245121 4.1349379e-20)
(0.00069506402 0.0014531368 -4.3402554e-20)
(0.00076346352 0.001462062 -6.9672472e-20)
(0.00082802563 0.0014563213 4.5556286e-20)
(0.00089078635 0.0014417834 -7.295385e-20)
(0.00095517439 0.0014248182 -9.6338109e-20)
(0.0010264715 0.0014125045 6.2437952e-20)
(0.0011115202 0.0014116672 7.9541728e-20)
(0.0012195182 0.001429486 7.1216842e-20)
(0.0013607612 0.0014714957 5.8504849e-20)
(0.0015464239 0.0015413359 1.3820479e-20)
(0.0017864709 0.0016388929 2.3527549e-20)
(0.0020846691 0.0017568108 -5.0363656e-21)
(0.0024373588 0.0018818616 4.551877e-20)
(0.0028318563 0.0019962163 -1.2174437e-20)
(0.0032457412 0.0020795484 -9.5694623e-21)
(0.0036479696 0.002112173 6.5966132e-20)
(0.0040100137 0.0020828508 -8.6150087e-20)
(0.0043061821 0.0019878038 -2.5945105e-21)
(0.0044908437 0.0018204091 4.2850803e-20)
(0.0044730689 0.0015674966 2.2355488e-20)
(0.0041254133 0.0012239658 -7.1173255e-20)
(0.0032773084 0.00080074899 4.5111156e-21)
(0.0017414717 0.00034139885 1.3297112e-20)
(-0.00070760222 -7.5248875e-05 2.5070854e-21)
(-0.0042662137 -0.00032100743 -3.5967751e-21)
(-0.0090193183 -0.00020719684 2.2399053e-21)
(-0.015347885 0.00050570758 -4.165779e-21)
(-0.023071576 0.0021392579 3.3642985e-20)
(-0.031437434 0.0048315345 -4.6348814e-20)
(-0.039990991 0.0086334421 1.7671415e-20)
(-0.048140308 0.013470189 -1.5766113e-20)
(-0.055426332 0.019177028 1.0010716e-19)
(-0.061445742 0.025499334 1.5958751e-20)
(-0.065971263 0.032163374 -1.3850835e-19)
(-0.068835631 0.038858244 1.1674433e-19)
(-0.070040002 0.045311039 2.2014365e-21)
(-0.069578369 0.051214707 -3.4603998e-20)
(-0.067659334 0.056395575 3.0984478e-20)
(-0.064315457 0.060540136 -4.7574418e-20)
(-0.059833009 0.06354875 3.5585171e-21)
(-0.054494733 0.065363487 -5.8220721e-21)
(-0.048404717 0.065744927 4.6655007e-21)
(-0.041900902 0.064753032 -7.0803428e-22)
(-0.03519986 0.062339321 -5.3945431e-20)
(-0.02855171 0.058547326 8.0202205e-20)
(-0.022186125 0.053444444 8.4181104e-20)
(-0.016315909 0.047131474 3.3769931e-20)
(-0.011133789 0.039743857 7.6696965e-20)
(-0.0068054695 0.031440924 -1.6974909e-20)
(-0.0034654064 0.022409121 4.8624692e-20)
(-0.0012219003 0.012855717 3.7833749e-20)
(-0.00013509109 0.0030010282 5.0208354e-21)
)
;
    }
    frontAndBack
    {
        type            empty;
    }
}


// ************************************************************************* //
