/*--------------------------------*- C++ -*----------------------------------*\
  =========                 |
  \\      /  F ield         | OpenFOAM: The Open Source CFD Toolbox
   \\    /   O peration     | Website:  https://openfoam.org
    \\  /    A nd           | Version:  13
     \\/     M anipulation  |
\*---------------------------------------------------------------------------*/
FoamFile
{
    format      ascii;
    class       volVectorField;
    location    "12.199582";
    object      wallShearStress;
}
// * * * * * * * * * * * * * * * * * * * * * * * * * * * * * * * * * * * * * //

dimensions      [0 2 -2 0 0 0 0];

internalField   uniform (0 0 0);

boundaryField
{
    inlet
    {
        type            calculated;
        value           uniform (0 0 0);
    }
    outlet
    {
        type            calculated;
        value           uniform (0 0 0);
    }
    cylinder
    {
        type            calculated;
        value           nonuniform List<vector> 
132
(
(7.3170199e-05 -0.00068101563 -8.3262801e-23)
(0.00031677128 -0.0061800065 2.4041882e-23)
(0.00086073841 -0.011582565 1.4033929e-21)
(0.0016894959 -0.01671062 -5.1019504e-21)
(0.0027672598 -0.02138279 3.9783154e-21)
(0.0040380894 -0.025425666 1.3563557e-20)
(0.0054262865 -0.028683441 -2.8730978e-21)
(0.0068415362 -0.031025468 -1.2666673e-20)
(0.0081832811 -0.032355966 1.3167043e-20)
(0.0093456732 -0.032624567 -3.2167601e-20)
(0.01022666 -0.031833191 -6.2870397e-22)
(0.010737853 -0.030042109 2.2748505e-20)
(0.010814999 -0.027371992 3.8716097e-20)
(0.010430582 -0.024007104 -3.2348699e-20)
(0.0096002714 -0.020180585 3.4572522e-20)
(0.0083898044 -0.016163171 5.581444e-20)
(0.0069077236 -0.01222956 -3.6330897e-20)
(0.0052908542 -0.0086280731 5.7477091e-20)
(0.0036860635 -0.0055477364 7.4620217e-20)
(0.0022251047 -0.0030980767 -4.7438636e-20)
(0.00099618458 -0.0012900848 -5.9281216e-20)
(4.8817716e-05 -7.4756894e-05 2.0469057e-23)
(-0.00064089922 0.00068358918 8.3171415e-21)
(-0.0011111686 0.0011034322 -9.8270203e-21)
(-0.0014346281 0.0013160899 -1.653185e-20)
(-0.0015407463 0.0013022513 3.4966878e-21)
(-0.0013660175 0.0010634576 -3.1219651e-20)
(-0.00057914671 0.00042193674 8.2417561e-21)
(0.00073340144 -0.00045580333 6.4306492e-21)
(0.0021164535 -0.0012147666 -4.4204326e-20)
(0.0031977478 -0.0016556247 5.7858444e-20)
(0.0037385024 -0.0017242846 1.756392e-21)
(0.003960648 -0.0016048123 1.2678487e-20)
(0.0040882135 -0.0014303706 -1.5008919e-20)
(0.0042297633 -0.0012498055 4.7615327e-20)
(0.0042485888 -0.0010280932 -3.0080834e-21)
(0.0039454169 -0.00074660575 1.2134887e-20)
(0.0031010145 -0.00042617297 -1.6690217e-21)
(0.0014912223 -0.00013460525 2.4045648e-21)
(-0.0011250067 1.0472642e-05 -1.5105143e-21)
(-0.0051548511 -0.00017540199 2.8517954e-21)
(-0.010718085 -0.0010059916 -8.9372876e-23)
(-0.017443735 -0.0026934814 3.3367291e-20)
(-0.024926528 -0.0053939898 -1.310335e-20)
(-0.032586249 -0.0091299321 1.2042277e-20)
(-0.039925404 -0.013824543 -7.866542e-20)
(-0.046410773 -0.019272224 -1.2866383e-20)
(-0.05168896 -0.025212582 1.1422392e-19)
(-0.055518404 -0.031351837 -9.8131233e-20)
(-0.057797273 -0.037401049 -1.8794264e-21)
(-0.058505759 -0.043073673 2.9892169e-20)
(-0.057753395 -0.048147043 -2.6925635e-20)
(-0.055635881 -0.052377932 -5.1278127e-21)
(-0.052342198 -0.055599501 -3.0087791e-21)
(-0.04811469 -0.057717509 -2.8893571e-21)
(-0.043136423 -0.058595798 -5.3284638e-21)
(-0.037657526 -0.058201735 7.2240268e-22)
(-0.031906399 -0.056513245 5.3917389e-20)
(-0.026112535 -0.053552953 -7.9732521e-20)
(-0.020493741 -0.049376257 -8.3663893e-20)
(-0.015252601 -0.044070876 -3.3631224e-20)
(-0.010572036 -0.037753979 -7.6637348e-20)
(-0.0066113627 -0.030568792 1.7033644e-20)
(-0.0035009424 -0.022680733 2.4725138e-20)
(-0.0013462502 -0.014286471 -3.8374531e-20)
(-0.00020512599 -0.0055476751 -5.1233279e-21)
(0.00012862364 0.0047984018 -3.8983184e-22)
(0.00047996305 0.010193869 -2.4456945e-23)
(0.0011207442 0.015385642 -1.5176577e-21)
(0.0020266096 0.020198817 5.6175226e-21)
(0.0031537 0.024461566 -4.4249309e-21)
(0.0044395724 0.028015884 -1.5130342e-20)
(0.005802947 0.030724035 3.1976168e-21)
(0.0071531609 0.032476226 1.4013991e-20)
(0.008390234 0.033203776 -1.4450698e-20)
(0.0094129011 0.032883141 3.4982867e-20)
(0.010127434 0.031544055 6.7738855e-22)
(0.010457508 0.02927428 -2.4278507e-20)
(0.01035449 0.026220378 -4.0959347e-20)
(0.0098085851 0.022587207 3.3952953e-20)
(0.0088533181 0.0186201 -3.6041113e-20)
(0.0075697417 0.014590036 -5.7865509e-20)
(0.0060733603 0.010758026 3.7515381e-20)
(0.0045018449 0.0073461233 -5.9200824e-20)
(0.0029922636 0.0045079629 -7.6769834e-20)
(0.0016559221 0.0023108423 4.8804197e-20)
(0.0005647791 0.00074130463 6.1034e-20)
(-0.00025708861 -0.00028715888 5.3737672e-20)
(-0.00084176 -0.00090296824 4.3514162e-20)
(-0.0012380196 -0.0012314343 1.0151444e-20)
(-0.0014820168 -0.0013610625 1.7086619e-20)
(-0.0014842202 -0.0012564653 -3.6147621e-21)
(-0.0011325188 -0.00088517147 3.2290346e-20)
(-0.00015472117 -0.00012363132 -8.5421462e-21)
(0.0012255554 0.00077190779 -6.6813498e-21)
(0.0025161024 0.0014481636 4.6041605e-20)
(0.0033940022 0.0017594596 -6.0310448e-20)
(0.0037853357 0.0017468822 -1.8199654e-21)
(0.0039508137 0.0016010056 3.0051223e-20)
(0.0040861988 0.0014296753 1.5642284e-20)
(0.0042079447 0.0012437151 -4.9671304e-20)
(0.0041433222 0.0010034545 3.1418727e-21)
(0.0036927665 0.00070025696 9.2552652e-21)
(0.0026374081 0.00036524948 1.7477113e-21)
(0.00075566718 7.6867152e-05 -2.5202786e-21)
(-0.0022064356 -3.6183768e-05 1.5836365e-21)
(-0.0066280016 0.00022525134 -2.9880112e-21)
(-0.012562758 0.0011755085 2.4630424e-20)
(-0.019580081 0.0030200672 -3.4733181e-20)
(-0.027229586 0.0058891589 1.3566237e-20)
(-0.034916013 0.009779576 -1.2389184e-20)
(-0.042161955 0.014596486 8.0367002e-20)
(-0.048441938 0.020113241 1.3043336e-20)
(-0.053444072 0.026065425 -1.1486022e-19)
(-0.056957993 0.032161645 9.7784802e-20)
(-0.058907708 0.038116621 1.8535337e-21)
(-0.059288039 0.043646723 -2.9093428e-20)
(-0.058239404 0.048549441 2.573451e-20)
(-0.055839886 0.052567092 -3.8233525e-20)
(-0.052304006 0.055556197 2.5752816e-21)
(-0.047888218 0.05744292 -1.5039148e-21)
(-0.042747122 0.058063814 7.0137451e-21)
(-0.03715419 0.057420343 -8.1558541e-22)
(-0.031328014 0.055484816 -5.8215982e-20)
(-0.025498448 0.052288807 8.4214744e-20)
(-0.019880646 0.047893167 8.7164226e-20)
(-0.014673492 0.042389723 3.4698632e-20)
(-0.01005632 0.035901048 7.8474531e-20)
(-0.0061835459 0.02857284 -1.7333316e-20)
(-0.0031806792 0.020575419 4.9628146e-20)
(-0.0011475524 0.012099337 3.8644362e-20)
(-0.00014003093 0.0033403029 5.1382063e-21)
)
;
    }
    frontAndBack
    {
        type            empty;
    }
}


// ************************************************************************* //
