/*--------------------------------*- C++ -*----------------------------------*\
  =========                 |
  \\      /  F ield         | OpenFOAM: The Open Source CFD Toolbox
   \\    /   O peration     | Website:  https://openfoam.org
    \\  /    A nd           | Version:  13
     \\/     M anipulation  |
\*---------------------------------------------------------------------------*/
FoamFile
{
    format      ascii;
    class       volVectorField;
    location    "7.599476";
    object      wallShearStress;
}
// * * * * * * * * * * * * * * * * * * * * * * * * * * * * * * * * * * * * * //

dimensions      [0 2 -2 0 0 0 0];

internalField   uniform (0 0 0);

boundaryField
{
    inlet
    {
        type            calculated;
        value           uniform (0 0 0);
    }
    outlet
    {
        type            calculated;
        value           uniform (0 0 0);
    }
    cylinder
    {
        type            calculated;
        value           nonuniform List<vector> 
132
(
(0.00010751042 -0.0017700819 -1.1815705e-22)
(0.00044963295 -0.0089533347 3.4339265e-23)
(0.0011820917 -0.015976848 2.0054416e-21)
(0.0022804053 -0.022594276 -7.2637256e-21)
(0.0036925424 -0.02855985 5.6236854e-21)
(0.0053390755 -0.033639561 1.8997287e-20)
(0.0071141656 -0.037626316 -3.9834218e-21)
(0.0088941834 -0.040353223 -1.7381118e-20)
(0.010544004 -0.041708419 1.7887058e-20)
(0.011925077 -0.041646569 -4.3286549e-20)
(0.012908815 -0.040198915 -8.3875412e-22)
(0.013390771 -0.037480127 3.010499e-20)
(0.013304595 -0.033687372 5.0882137e-20)
(0.012637001 -0.029098187 -4.2268205e-20)
(0.011432455 -0.024042898 4.4973126e-20)
(0.0097983572 -0.018884878 7.2387889e-20)
(0.0078888868 -0.013973284 -4.7052665e-20)
(0.005882341 -0.0095979669 7.4446425e-20)
(0.0039584203 -0.0059620379 9.6782989e-20)
(0.0022567848 -0.0031467606 -6.167166e-20)
(0.0008715392 -0.0011378016 -7.727955e-20)
(-0.00018198013 0.00019482565 2.6769731e-23)
(-0.00092107141 0.00098655807 1.0895393e-20)
(-0.0014098347 0.0014027329 -1.2897468e-20)
(-0.0015897083 0.0014622545 -2.1709647e-20)
(-0.0013707685 0.0011660403 4.594139e-21)
(-0.00046069742 0.00037217315 -4.107481e-20)
(0.0010123688 -0.00069667825 1.0911167e-20)
(0.0026227594 -0.001667648 8.5581776e-21)
(0.0039213352 -0.0022641487 -5.9122589e-20)
(0.0046387745 -0.0024082695 7.7474011e-20)
(0.0049311133 -0.0022770411 2.3524463e-21)
(0.0050500828 -0.0020472611 1.6988563e-20)
(0.0051104732 -0.0017894907 -2.0159194e-20)
(0.0049973409 -0.0014795699 6.4173495e-20)
(0.0044984467 -0.001093192 -4.0692463e-21)
(0.0033952258 -0.00064954104 1.6469055e-20)
(0.0014468281 -0.000211362 -2.2703337e-21)
(-0.0015525088 0.00010063342 3.2716216e-21)
(-0.0058252424 0.00012261514 -2.0499288e-21)
(-0.011744487 -0.00039465444 3.8459156e-21)
(-0.019221318 -0.0017885402 -1.1914568e-22)
(-0.027619637 -0.0042509597 4.3841808e-20)
(-0.036438107 -0.0078723014 -1.6942321e-20)
(-0.045034991 -0.012606116 1.5321852e-20)
(-0.052936254 -0.018320113 -9.8615161e-20)
(-0.059635615 -0.02475398 -1.5927555e-20)
(-0.06484628 -0.031620391 1.4005631e-19)
(-0.068373752 -0.038602565 -1.196148e-19)
(-0.070160136 -0.045393463 -2.2877932e-21)
(-0.070217545 -0.051689584 3.6567568e-20)
(-0.068692365 -0.057260722 -3.3435761e-20)
(-0.065686497 -0.061835028 -6.596152e-21)
(-0.06144003 -0.065259418 -4.2531097e-21)
(-0.056218189 -0.067434777 -6.8027124e-21)
(-0.050201232 -0.068189498 -2.4999426e-21)
(-0.043686107 -0.067516742 6.0251578e-22)
(-0.036916613 -0.065385391 4.9766274e-20)
(-0.030147873 -0.061827233 -7.6642518e-20)
(-0.023619729 -0.056906624 -8.2137508e-20)
(-0.017555077 -0.050722913 -3.3430947e-20)
(-0.012155618 -0.04340889 -7.6782159e-20)
(-0.0075967456 -0.035125273 1.7153867e-20)
(-0.0040216942 -0.026057462 2.4984565e-20)
(-0.0015474683 -0.016426531 -3.8861772e-20)
(-0.00023642329 -0.0064104069 -5.1948253e-21)
(0.0001563277 0.0054048463 -5.4743566e-22)
(0.00059237376 0.012474194 -3.387372e-23)
(0.0014064006 0.019267795 -2.0698881e-21)
(0.0025644516 0.025543653 7.5445865e-21)
(0.0040058507 0.031066885 -5.859242e-21)
(0.0056439408 0.035618422 -1.9787817e-20)
(0.0073674124 0.039012795 4.1375015e-21)
(0.0090526871 0.041109141 1.7969626e-20)
(0.010566003 0.041825273 -1.8386131e-20)
(0.011775258 0.041148207 4.4212127e-20)
(0.012563203 0.03914375 8.5118579e-22)
(0.012840327 0.035957497 -3.0351374e-20)
(0.012561078 0.031820213 -5.0987664e-20)
(0.011730767 0.027024641 4.2127333e-20)
(0.010416954 0.021918173 -4.4614318e-20)
(0.008739788 0.016852508 -7.1553283e-20)
(0.0068579968 0.012153863 4.6389838e-20)
(0.0049472657 0.0080778054 -7.329459e-20)
(0.0031668963 0.0047750603 -9.5236029e-20)
(0.0016378018 0.0022896409 6.0703042e-20)
(0.00042286626 0.0005632384 7.6119167e-20)
(-0.00048064204 -0.00054834261 6.7196247e-20)
(-0.0011049668 -0.0011880258 5.4510533e-20)
(-0.0014715698 -0.001466785 1.2731769e-20)
(-0.0014895493 -0.0013726058 2.143441e-20)
(-0.0011176099 -0.00095461691 -4.5392404e-21)
(-2.0804087e-06 -1.9340917e-05 4.0604981e-20)
(0.0015800284 0.0010976794 -1.0811032e-20)
(0.0030991169 0.0019750886 -8.4942037e-21)
(0.0042030004 0.0024295612 5.8768679e-20)
(0.0047353903 0.0024598152 -7.7034001e-20)
(0.0049496705 0.00228603 -2.3260158e-21)
(0.0050521803 0.0020482594 3.8463656e-20)
(0.0050845157 0.0017808288 2.0088083e-20)
(0.0048848262 0.0014471648 -6.4052815e-20)
(0.0042383543 0.0010315642 4.0695702e-21)
(0.0029289224 0.00056337148 1.2036884e-20)
(0.00071192477 0.0001142116 2.2801957e-21)
(-0.002605805 -0.00018672271 -3.2919247e-21)
(-0.0072116692 -0.0001574121 2.0655026e-21)
(-0.013483121 0.00044926293 -3.8769405e-21)
(-0.02127094 0.0019762508 3.1643646e-20)
(-0.029857495 0.0045924249 -4.4062267e-20)
(-0.038738925 0.0083665243 1.697123e-20)
(-0.047288899 0.013234585 -1.5283827e-20)
(-0.055011868 0.019036001 9.7861817e-20)
(-0.061456134 0.025506511 1.5713351e-20)
(-0.066364538 0.032357638 -1.3722254e-19)
(-0.069553203 0.039265498 1.1625327e-19)
(-0.071009428 0.045940068 2.2014715e-21)
(-0.070731569 0.052065155 -3.4722719e-20)
(-0.068921535 0.057449019 3.1164125e-20)
(-0.065632828 0.061781461 -4.7932781e-20)
(-0.061149335 0.064947861 3.5797205e-21)
(-0.055758008 0.066879703 -5.7571087e-21)
(-0.049587046 0.067351793 4.8627488e-21)
(-0.042972959 0.066410763 -7.2870846e-22)
(-0.036144071 0.064012623 -5.5435624e-20)
(-0.029357462 0.060200863 8.2432734e-20)
(-0.022849849 0.055044929 8.6585889e-20)
(-0.016840277 0.048648448 3.4770019e-20)
(-0.011526797 0.041150136 7.9063918e-20)
(-0.0070796015 0.032713096 -1.7523217e-20)
(-0.0036368735 0.023528163 5.0275912e-20)
(-0.00130959 0.013808483 3.9191387e-20)
(-0.0001586292 0.0037725376 5.2123671e-21)
)
;
    }
    frontAndBack
    {
        type            empty;
    }
}


// ************************************************************************* //
