/*--------------------------------*- C++ -*----------------------------------*\
  =========                 |
  \\      /  F ield         | OpenFOAM: The Open Source CFD Toolbox
   \\    /   O peration     | Website:  https://openfoam.org
    \\  /    A nd           | Version:  13
     \\/     M anipulation  |
\*---------------------------------------------------------------------------*/
FoamFile
{
    format      ascii;
    class       volVectorField;
    location    "45.697649";
    object      wallShearStress;
}
// * * * * * * * * * * * * * * * * * * * * * * * * * * * * * * * * * * * * * //

dimensions      [0 2 -2 0 0 0 0];

internalField   uniform (0 0 0);

boundaryField
{
    inlet
    {
        type            calculated;
        value           uniform (0 0 0);
    }
    outlet
    {
        type            calculated;
        value           uniform (0 0 0);
    }
    cylinder
    {
        type            calculated;
        value           nonuniform List<vector> 
132
(
(-8.5956342e-06 0.00092366032 -3.0535544e-22)
(-2.1352691e-05 0.00061572346 8.6493321e-23)
(-1.7535364e-05 0.00031180839 4.7484802e-21)
(1.8504478e-06 1.7843743e-05 -1.5835564e-20)
(3.6264881e-05 -0.00026168796 1.110609e-20)
(8.467496e-05 -0.00052188531 3.371139e-20)
(0.00014499414 -0.00075847271 -6.3448384e-21)
(0.00021484091 -0.00096790679 -2.4970307e-20)
(0.00029161475 -0.0011473857 2.3383315e-20)
(0.00037254016 -0.0012950785 -5.2101048e-20)
(0.00045482409 -0.0014102393 -9.425405e-22)
(0.00053583726 -0.001493293 3.1997325e-20)
(0.00061329619 -0.0015458388 5.1916543e-20)
(0.00068547167 -0.001570661 -4.1974855e-20)
(0.00075136701 -0.0015716025 4.4015835e-20)
(0.00081091183 -0.0015535479 7.0589116e-20)
(0.00086514904 -0.0015221458 -4.6112758e-20)
(0.00091642566 -0.0014837408 7.3779274e-20)
(0.00096852474 -0.0014451276 9.7345949e-20)
(0.001026836 -0.0014133412 -6.3041502e-20)
(0.0010986453 -0.0013955908 -8.0252089e-20)
(0.001193047 -0.0013986689 2.8259084e-23)
(0.0013211008 -0.0014287439 1.1626615e-20)
(0.0014946096 -0.0014897478 -1.391864e-20)
(0.0017246947 -0.0015821826 -2.3682789e-20)
(0.0020177455 -0.0017002674 5.0672501e-21)
(0.0023740121 -0.0018327227 -4.5777889e-20)
(0.0027796495 -0.0019591552 1.2238653e-20)
(0.0032099901 -0.002056362 9.6158191e-21)
(0.0036373657 -0.0021057379 -6.6253732e-20)
(0.0040298884 -0.0020928815 8.647753e-20)
(0.0043614039 -0.0020129526 2.6178392e-21)
(0.0045964302 -0.0018627017 1.887693e-20)
(0.0046574362 -0.0016312875 -2.2380709e-20)
(0.0044276617 -0.0013122805 7.116509e-20)
(0.0037434254 -0.00091211478 -4.5045417e-21)
(0.0024194141 -0.00046745154 1.8182681e-20)
(0.00022509898 -4.8304997e-05 -2.4972936e-21)
(-0.0030255796 0.00022077162 3.5806694e-21)
(-0.0074884938 0.00016596062 -2.2297265e-21)
(-0.01354305 -0.00044967914 4.1506945e-21)
(-0.0210538 -0.0019550583 -1.2741028e-22)
(-0.029336156 -0.004511494 4.6446242e-20)
(-0.037921937 -0.0081896153 -1.7787187e-20)
(-0.046219092 -0.012935049 1.5953931e-20)
(-0.053756783 -0.018601777 -1.0192603e-19)
(-0.060092166 -0.024940786 -1.6362269e-20)
(-0.064968918 -0.03167781 1.4315346e-19)
(-0.068201359 -0.038503216 -1.2180663e-19)
(-0.069756117 -0.045130359 -2.3238018e-21)
(-0.06963706 -0.051260849 3.7105832e-20)
(-0.067998463 -0.05668114 -3.3962529e-20)
(-0.064928428 -0.061120416 -6.7292983e-21)
(-0.06066388 -0.064434237 -4.3966306e-21)
(-0.055463116 -0.066528401 -7.4272333e-21)
(-0.049494928 -0.067229563 -1.8377563e-21)
(-0.043050612 -0.066534129 5.5960812e-22)
(-0.03636566 -0.064409157 4.7388211e-20)
(-0.029688642 -0.060885063 -7.3617999e-20)
(-0.023253454 -0.056023774 -7.9213072e-20)
(-0.017277884 -0.049921548 -3.2304614e-20)
(-0.011959431 -0.04270768 -7.426138e-20)
(-0.0074701649 -0.034539051 1.6593867e-20)
(-0.0039508169 -0.025596803 2.4160786e-20)
(-0.0015168735 -0.016097667 -3.7550407e-20)
(-0.0002300358 -0.0062135165 -5.0131196e-21)
(2.0766998e-05 0.0012335084 -1.411237e-21)
(6.7081271e-05 0.0015454924 -8.4417255e-23)
(0.00013191572 0.0018575316 -4.8646767e-21)
(0.0002149674 0.0021639182 1.6366804e-20)
(0.00031568045 0.0024584551 -1.1587678e-20)
(0.00043276459 0.0027345351 -3.5504571e-20)
(0.00056406976 0.0029854547 6.7443554e-21)
(0.0007067753 0.0032046636 2.6783138e-20)
(0.00085727958 0.0033860559 -2.5301367e-20)
(0.0010113012 0.003524368 5.6850307e-20)
(0.0011640553 0.0036154724 1.0366152e-21)
(0.0013105163 0.0036568108 -3.54607e-20)
(0.0014456811 0.0036475734 -5.7941047e-20)
(0.0015650051 0.0035891281 4.7149032e-20)
(0.0016647439 0.0034849963 -4.9732226e-20)
(0.0017423494 0.003340806 -8.0175042e-20)
(0.0017969957 0.0031644405 5.2617046e-20)
(0.0018299486 0.0029656686 -8.4521692e-20)
(0.0018449027 0.002755787 -1.1189757e-19)
(0.0018483418 0.0025472177 7.2668558e-20)
(0.0018495821 0.0023527229 9.2718445e-20)
(0.0018612032 0.0021851855 8.3109012e-20)
(0.0018980801 0.0020557806 6.8328419e-20)
(0.0019771856 0.0019734962 1.6149344e-20)
(0.0021140485 0.0019416891 2.7500809e-20)
(0.0023204278 0.0019571688 -5.8879632e-21)
(0.0026000055 0.0020085341 5.3223551e-20)
(0.0029457743 0.0020771291 -1.4237783e-20)
(0.0033335399 0.0021361017 -1.1194906e-20)
(0.0037237486 0.002156198 7.7204293e-20)
(0.0040785171 0.0021185922 -1.0087829e-19)
(0.0043530908 0.0020097789 -3.0396794e-21)
(0.0044867917 0.0018193218 5.0223114e-20)
(0.0043813119 0.0015362148 2.6206137e-20)
(0.003902902 0.0011593367 -8.3416961e-20)
(0.0028747749 0.00070490079 5.2836311e-21)
(0.0011077649 0.00022386247 1.5553931e-20)
(-0.0016217683 -0.00019644884 2.9265019e-21)
(-0.0055085303 -0.00041978122 -4.1860652e-21)
(-0.010587974 -0.00024865812 2.5967781e-21)
(-0.017258409 0.00056552707 -4.8061722e-21)
(-0.025275398 0.0023410811 3.8596641e-20)
(-0.033852934 0.0052004257 -5.2876589e-20)
(-0.042543598 0.0091822349 2.005531e-20)
(-0.050713048 0.014188133 -1.7812703e-20)
(-0.057956681 0.020050806 1.1275097e-19)
(-0.063880087 0.026507422 1.7941335e-20)
(-0.06826559 0.033280032 -1.557477e-19)
(-0.070972358 0.040062737 1.315994e-19)
(-0.072001979 0.046578815 2.495875e-21)
(-0.071365177 0.052528641 -3.9656896e-20)
(-0.06926764 0.057735029 3.6187386e-20)
(-0.065754292 0.061893652 -5.7677966e-20)
(-0.061108437 0.064902639 4.6972628e-21)
(-0.055611659 0.066702633 -1.1229902e-20)
(-0.049375211 0.067062752 1.5307642e-21)
(-0.042734088 0.066040509 -5.5676643e-22)
(-0.035905781 0.063589675 -4.7752706e-20)
(-0.029140415 0.059755023 7.439219e-20)
(-0.022667465 0.054604972 8.0056658e-20)
(-0.016699521 0.048241412 3.2618302e-20)
(-0.011429017 0.04080088 7.487586e-20)
(-0.0070211787 0.032443335 -1.6703295e-20)
(-0.0036102349 0.023356514 4.8146391e-20)
(-0.0013036609 0.01374948 3.7658573e-20)
(-0.00016000146 0.0038383436 5.0209461e-21)
)
;
    }
    frontAndBack
    {
        type            empty;
    }
}


// ************************************************************************* //
