/*--------------------------------*- C++ -*----------------------------------*\
  =========                 |
  \\      /  F ield         | OpenFOAM: The Open Source CFD Toolbox
   \\    /   O peration     | Website:  https://openfoam.org
    \\  /    A nd           | Version:  13
     \\/     M anipulation  |
\*---------------------------------------------------------------------------*/
FoamFile
{
    format      ascii;
    class       volVectorField;
    location    "27.703254";
    object      wallShearStress;
}
// * * * * * * * * * * * * * * * * * * * * * * * * * * * * * * * * * * * * * //

dimensions      [0 2 -2 0 0 0 0];

internalField   uniform (0 0 0);

boundaryField
{
    inlet
    {
        type            calculated;
        value           uniform (0 0 0);
    }
    outlet
    {
        type            calculated;
        value           uniform (0 0 0);
    }
    cylinder
    {
        type            calculated;
        value           nonuniform List<vector> 
132
(
(1.6589983e-05 -0.00088541579 -2.4658168e-22)
(5.4756683e-05 -0.0012370594 7.0110408e-23)
(0.00011287398 -0.0015791561 3.8637383e-21)
(0.0001897287 -0.0019052432 -1.2936451e-20)
(0.000283885 -0.0022089949 9.1096767e-21)
(0.00039319077 -0.0024841565 2.7765513e-20)
(0.00051479553 -0.0027248393 -5.2473869e-21)
(0.00064520603 -0.0029257812 -2.0735985e-20)
(0.00078032434 -0.0030825475 1.9496396e-20)
(0.0009157184 -0.0031919224 -4.3610263e-20)
(0.0010467471 -0.0032518913 -7.9185451e-22)
(0.0011688239 -0.0032622508 2.6978033e-20)
(0.0012775855 -0.003224263 4.3916332e-20)
(0.0013694076 -0.003141329 -3.5613255e-20)
(0.0014415088 -0.0030183986 3.7445529e-20)
(0.0014923331 -0.0028620872 6.0194434e-20)
(0.0015220617 -0.0026808848 -3.9402286e-20)
(0.0015326463 -0.0024843704 6.3149764e-20)
(0.0015282194 -0.002283186 8.3435537e-20)
(0.0015149718 -0.0020881545 -5.4090624e-20)
(0.0015016937 -0.0019104658 -6.8911346e-20)
(0.0014996083 -0.00176081 2.4251334e-23)
(0.0015228915 -0.0016494477 9.9917982e-21)
(0.0015879728 -0.0015848682 -1.1962803e-20)
(0.0017123837 -0.0015724211 -2.035413e-20)
(0.0019117088 -0.0016118827 4.3545228e-21)
(0.0021921221 -0.0016927319 -3.9335399e-20)
(0.0025507491 -0.0017977841 1.0516061e-20)
(0.0029651993 -0.0018992735 8.2643523e-21)
(0.003391254 -0.0019629286 -5.6971307e-20)
(0.0037940583 -0.0019700824 7.4413605e-20)
(0.0041404323 -0.0019107026 2.2547012e-21)
(0.0043931899 -0.0017800475 1.627435e-20)
(0.0044968982 -0.0015745865 -1.9315177e-20)
(0.0043536734 -0.0012895542 6.149107e-20)
(0.0038153151 -0.00092820793 -3.8977231e-21)
(0.0027091739 -0.00052021808 1.5760504e-20)
(0.00081998737 -0.00012620462 -2.1692514e-21)
(-0.0020366211 0.00014411821 3.1187557e-21)
(-0.0060464355 0.00013065 -1.9482604e-21)
(-0.011567592 -0.0003866464 3.6413479e-21)
(-0.018522927 -0.0017221941 -1.1231699e-22)
(-0.026323524 -0.0040504406 4.115243e-20)
(-0.034534355 -0.007460293 -1.5839882e-20)
(-0.042563222 -0.011913855 1.4273641e-20)
(-0.049957928 -0.017289195 -9.1576347e-20)
(-0.056268856 -0.023356503 -1.4748995e-20)
(-0.061214133 -0.029849516 1.2932876e-19)
(-0.064597789 -0.036471161 -1.1012956e-19)
(-0.066358164 -0.042934177 -2.0987508e-21)
(-0.066493495 -0.048948875 3.3382991e-20)
(-0.065128262 -0.054290512 -3.0290267e-20)
(-0.062359849 -0.058704323 -5.8957811e-21)
(-0.058405128 -0.062036705 -3.6853393e-21)
(-0.05350136 -0.064176756 -5.1768893e-21)
(-0.04783212 -0.0649724 -3.471458e-21)
(-0.041672441 -0.064405569 6.2933519e-22)
(-0.03525527 -0.062443864 4.9831664e-20)
(-0.028824785 -0.0591149 -7.5490997e-20)
(-0.022610891 -0.054477226 -8.0217261e-20)
(-0.016828345 -0.048624521 -3.2485822e-20)
(-0.011671666 -0.041682467 -7.4375518e-20)
(-0.0073105958 -0.033804883 1.6581997e-20)
(-0.003883826 -0.025168889 2.4119496e-20)
(-0.0015051635 -0.015988773 -3.7485593e-20)
(-0.00023486898 -0.0064297259 -5.0087937e-21)
(-2.7225077e-06 -0.00052697134 -1.1355392e-21)
(-2.1799118e-06 -0.00016104478 -6.769447e-23)
(1.9112959e-05 0.00020964094 -3.8878013e-21)
(6.0741071e-05 0.00057942486 1.3038726e-20)
(0.00012360739 0.00094157537 -9.2036413e-21)
(0.00020631997 0.0012890494 -2.8121117e-20)
(0.00030714335 0.001614836 5.3281535e-21)
(0.0004235321 0.0019120532 2.1110624e-20)
(0.00055214486 0.0021742436 -1.9902608e-20)
(0.00068889659 0.0023957232 4.4643329e-20)
(0.00082929706 0.0025718033 8.1289265e-22)
(0.00096842278 0.0026991711 -2.7776676e-20)
(0.0011012618 0.0027761565 -4.5348838e-20)
(0.0012230487 0.002802993 3.6882514e-20)
(0.001329646 0.0027819961 -3.889208e-20)
(0.0014178983 0.0027175187 -6.2695603e-20)
(0.0014862227 0.0026162629 4.1150668e-20)
(0.0015343907 0.0024859831 -6.6120968e-20)
(0.0015648775 0.0023369873 -8.7570128e-20)
(0.0015827259 0.0021808024 5.6895212e-20)
(0.0015954111 0.0020291665 7.2627025e-20)
(0.0016138422 0.0018946201 6.5129512e-20)
(0.0016513911 0.0017885122 5.3568006e-20)
(0.0017243706 0.0017210898 1.2664832e-20)
(0.00184882 0.0016980004 2.1571728e-20)
(0.0020378325 0.0017186811 -4.6190583e-21)
(0.002297338 0.0017745259 4.1754128e-20)
(0.0026238256 0.0018498695 -1.1169005e-20)
(0.0029954425 0.0019191841 -8.7814198e-21)
(0.0033747236 0.0019538019 6.0558236e-20)
(0.0037324902 0.0019384688 -7.9128258e-20)
(0.0040343576 0.001862107 -2.3845611e-21)
(0.004232017 0.0017152517 3.9407991e-20)
(0.0042504234 0.001489119 2.057103e-20)
(0.0039774907 0.0011794999 -6.5526187e-20)
(0.0032560257 0.00079449466 4.1551866e-21)
(0.0019099722 0.00037159769 1.2253848e-20)
(-0.00027656999 -1.9120195e-05 2.3115673e-21)
(-0.0034930075 -0.00026047385 -3.3185362e-21)
(-0.0078533817 -0.0001778705 2.0683987e-21)
(-0.013724896 0.00045390431 -3.8515154e-21)
(-0.020979538 0.0019468268 3.115906e-20)
(-0.028939163 0.004449227 -4.3013236e-20)
(-0.037159053 0.0080237711 1.6435562e-20)
(-0.045075342 0.01261417 -1.469633e-20)
(-0.052241531 0.018076726 9.351017e-20)
(-0.058235539 0.024169181 1.4933037e-20)
(-0.062817642 0.030627873 -1.2976805e-19)
(-0.06580847 0.037151294 1.0943011e-19)
(-0.067186103 0.043466563 2.0622777e-21)
(-0.066942286 0.049276038 -3.2344556e-20)
(-0.065254335 0.05439249 2.88028e-20)
(-0.062173048 0.05852502 -4.3721472e-20)
(-0.057953448 0.061553709 3.163743e-21)
(-0.052864197 0.063408959 -4.1931891e-21)
(-0.047032766 0.063882673 5.4606624e-21)
(-0.040770334 0.063006964 -7.3849476e-22)
(-0.03429675 0.060740989 -5.4840261e-20)
(-0.027856526 0.057122906 8.0690868e-20)
(-0.021676388 0.052217739 8.4263964e-20)
(-0.015966522 0.046123649 3.371643e-20)
(-0.010917241 0.038972796 7.6488985e-20)
(-0.0066923651 0.030921443 -1.6926191e-20)
(-0.003424955 0.022152846 4.8513672e-20)
(-0.0012219046 0.012871254 3.7794967e-20)
(-0.00014234119 0.003292025 5.0253972e-21)
)
;
    }
    frontAndBack
    {
        type            empty;
    }
}


// ************************************************************************* //
