/*--------------------------------*- C++ -*----------------------------------*\
  =========                 |
  \\      /  F ield         | OpenFOAM: The Open Source CFD Toolbox
   \\    /   O peration     | Website:  https://openfoam.org
    \\  /    A nd           | Version:  13
     \\/     M anipulation  |
\*---------------------------------------------------------------------------*/
FoamFile
{
    format      ascii;
    class       volVectorField;
    location    "41.903173";
    object      wallShearStress;
}
// * * * * * * * * * * * * * * * * * * * * * * * * * * * * * * * * * * * * * //

dimensions      [0 2 -2 0 0 0 0];

internalField   uniform (0 0 0);

boundaryField
{
    inlet
    {
        type            calculated;
        value           uniform (0 0 0);
    }
    outlet
    {
        type            calculated;
        value           uniform (0 0 0);
    }
    cylinder
    {
        type            calculated;
        value           nonuniform List<vector> 
132
(
(-2.1853192e-05 0.0018773505 -2.9243952e-22)
(-6.1116259e-05 0.0015815646 8.3285575e-23)
(-8.3829591e-05 0.0012703 4.5970144e-21)
(-8.8565585e-05 0.00094693334 -1.5415449e-20)
(-7.4434159e-05 0.00061718166 1.0872089e-20)
(-4.0995559e-05 0.00028631971 3.3188856e-20)
(1.1317347e-05 -3.9743357e-05 -6.2824585e-21)
(8.1537873e-05 -0.00035518421 -2.4868455e-20)
(0.00016844833 -0.00065375268 2.3423855e-20)
(0.00026947207 -0.00092961245 -5.2496156e-20)
(0.00038160088 -0.0011774424 -9.5513506e-22)
(0.00050140364 -0.0013926987 3.26148e-20)
(0.00062511902 -0.0015718993 5.321816e-20)
(0.00074882536 -0.0017128392 -4.3264803e-20)
(0.00086880357 -0.0018149333 4.5609945e-20)
(0.00098176262 -0.0018791437 7.3516439e-20)
(0.0010854007 -0.0019084743 -4.8253946e-20)
(0.0011784551 -0.0019073218 7.7545885e-20)
(0.0012616661 -0.0018823768 1.0272678e-19)
(0.0013373259 -0.0018410486 -6.6764846e-20)
(0.0014106739 -0.0017927491 -8.5257947e-20)
(0.0014893187 -0.0017471733 3.006006e-23)
(0.0015831015 -0.0017135316 1.241182e-20)
(0.0017042933 -0.0017003209 -1.4884335e-20)
(0.0018649031 -0.0017123552 -2.5358486e-20)
(0.0020753798 -0.0017502247 5.4305312e-21)
(0.0023406467 -0.001808072 -4.9085468e-20)
(0.0026598547 -0.0018754651 1.3125854e-20)
(0.0030182871 -0.001933987 1.031343e-20)
(0.0033886178 -0.0019619125 -7.1056725e-20)
(0.0037468943 -0.0019459146 9.2734527e-20)
(0.0040593298 -0.0018735249 2.8067564e-21)
(0.0042739789 -0.0017321163 2.0232515e-20)
(0.0043114619 -0.0015103383 -2.3973167e-20)
(0.0040571374 -0.0012029128 7.615224e-20)
(0.0033511839 -0.00081740386 -4.8128862e-21)
(0.0020140143 -0.00039115444 1.9386205e-20)
(-0.00017667578 5.5777732e-06 -2.6551877e-21)
(-0.0034143874 0.00025391233 3.79373e-21)
(-0.007826366 0.00017655261 -2.3529702e-21)
(-0.013793135 -0.00045661866 4.359801e-21)
(-0.021189123 -0.001966659 -1.3315272e-22)
(-0.02933173 -0.0045099879 4.8311228e-20)
(-0.037767862 -0.0081556636 -1.8422116e-20)
(-0.045919873 -0.012850891 1.6462569e-20)
(-0.053324415 -0.018451844 -1.0485724e-19)
(-0.059546914 -0.024714056 -1.6794668e-20)
(-0.0643358 -0.031368762 1.467073e-19)
(-0.067505211 -0.038109927 -1.247364e-19)
(-0.069022201 -0.044655307 -2.3799716e-21)
(-0.068886994 -0.05070853 3.8051499e-20)
(-0.067253452 -0.056059959 -3.4933257e-20)
(-0.064203402 -0.060437759 -6.9658211e-21)
(-0.059975283 -0.063702708 -4.6180076e-21)
(-0.054822063 -0.065759274 -8.2194615e-21)
(-0.048907316 -0.066431193 -1.163503e-21)
(-0.042524818 -0.065721268 5.2465406e-22)
(-0.035904867 -0.063592685 4.5827336e-20)
(-0.02929503 -0.060077391 -7.1998976e-20)
(-0.022926935 -0.055236455 -7.7923931e-20)
(-0.017016575 -0.049165579 -3.1893746e-20)
(-0.011759934 -0.041993753 -7.350157e-20)
(-0.0073274216 -0.033876435 1.6455974e-20)
(-0.0038586763 -0.024994784 2.3999014e-20)
(-0.0014675955 -0.015561323 -3.7354765e-20)
(-0.00021613028 -0.0057588785 -4.9944008e-21)
(3.2795125e-05 0.0021560918 -1.3444004e-21)
(0.00010221709 0.0024185384 -7.9993432e-23)
(0.00018658193 0.0026624108 -4.5848356e-21)
(0.00028407473 0.0028828465 1.5341399e-20)
(0.00039272606 0.0030754281 -1.0802218e-20)
(0.00051006589 0.0032360574 -3.2916037e-20)
(0.0006331859 0.0033612433 6.2182544e-21)
(0.00075877304 0.0034483081 2.4558885e-20)
(0.00088336197 0.003495415 -2.3074604e-20)
(0.001003404 0.0035019782 5.1571325e-20)
(0.0011153572 0.0034683722 9.3555073e-22)
(0.0012160867 0.0033966568 -3.1840511e-20)
(0.0013028119 0.0032897538 -5.1776197e-20)
(0.0013736976 0.0031524498 4.1940746e-20)
(0.0014277505 0.0029904177 -4.405027e-20)
(0.0014652071 0.0028105037 -7.0735942e-20)
(0.0014878858 0.0026208006 4.6256076e-20)
(0.0014990075 0.0024296684 -7.4065573e-20)
(0.0015037897 0.0022462633 -9.7777727e-20)
(0.0015093532 0.0020797675 6.3343947e-20)
(0.0015250428 0.001939347 8.0654268e-20)
(0.0015627799 0.0018340321 7.2171964e-20)
(0.0016364382 0.0017714343 5.9255341e-20)
(0.0017616696 0.0017573022 1.3990141e-20)
(0.0019527586 0.0017924512 2.3805368e-20)
(0.0022185297 0.0018702089 -5.0940987e-21)
(0.0025600407 0.0019768266 4.6033506e-20)
(0.0029635264 0.0020890504 -1.2312834e-20)
(0.0033998425 0.0021782132 -9.6814402e-21)
(0.0038278219 0.0022162591 6.6775807e-20)
(0.004209363 0.0021864135 -8.727029e-20)
(0.004513956 0.0020837952 -2.6304033e-21)
(0.0046952937 0.0019033882 4.3482787e-20)
(0.0046634936 0.0016343146 2.270783e-20)
(0.0042916332 0.0012733251 -7.23754e-20)
(0.0034067814 0.00083235591 4.5930183e-21)
(0.0018195575 0.00035649711 1.3556992e-20)
(-0.00069740373 -7.3367108e-05 2.5598026e-21)
(-0.0043399125 -0.00032647709 -3.6778942e-21)
(-0.0091870921 -0.00021106719 2.2937996e-21)
(-0.015621653 0.00051461914 -4.2722606e-21)
(-0.023451562 0.0021743214 3.4551082e-20)
(-0.031911211 0.0049041391 -4.7660531e-20)
(-0.040545065 0.0087528093 1.8193969e-20)
(-0.048752858 0.01364126 -1.6253138e-20)
(-0.05608229 0.019403673 1.0335272e-19)
(-0.062130182 0.025783133 1.6506089e-20)
(-0.066670771 0.03250422 -1.4359835e-19)
(-0.069541536 0.039256597 1.214239e-19)
(-0.070741472 0.045764775 2.2999895e-21)
(-0.070272777 0.051725852 -3.6399065e-20)
(-0.068333702 0.056957753 3.2936206e-20)
(-0.064973464 0.061159795 -5.1591669e-20)
(-0.060469172 0.064224713 4.0346785e-21)
(-0.055096251 0.066085444 -8.2083483e-21)
(-0.0489756 0.066521015 3.2088855e-21)
(-0.042434659 0.065578824 -6.340105e-22)
(-0.035693424 0.063214716 -5.0751199e-20)
(-0.02900135 0.059471124 7.7039885e-20)
(-0.022588093 0.05441527 8.1805844e-20)
(-0.016666519 0.048147978 3.3064824e-20)
(-0.011429258 0.040804357 7.5500853e-20)
(-0.0070419812 0.032543502 -1.6780042e-20)
(-0.0036392531 0.02355157 4.8233413e-20)
(-0.0013293079 0.014038363 3.7644452e-20)
(-0.00017043017 0.0042089694 5.0100138e-21)
)
;
    }
    frontAndBack
    {
        type            empty;
    }
}


// ************************************************************************* //
