/*--------------------------------*- C++ -*----------------------------------*\
  =========                 |
  \\      /  F ield         | OpenFOAM: The Open Source CFD Toolbox
   \\    /   O peration     | Website:  https://openfoam.org
    \\  /    A nd           | Version:  13
     \\/     M anipulation  |
\*---------------------------------------------------------------------------*/
FoamFile
{
    format      ascii;
    class       volVectorField;
    location    "30.700269";
    object      wallShearStress;
}
// * * * * * * * * * * * * * * * * * * * * * * * * * * * * * * * * * * * * * //

dimensions      [0 2 -2 0 0 0 0];

internalField   uniform (0 0 0);

boundaryField
{
    inlet
    {
        type            calculated;
        value           uniform (0 0 0);
    }
    outlet
    {
        type            calculated;
        value           uniform (0 0 0);
    }
    cylinder
    {
        type            calculated;
        value           nonuniform List<vector> 
132
(
(-6.8053615e-06 0.00080450715 -2.5554835e-22)
(-1.510427e-05 0.00047680459 7.2790628e-23)
(-5.4991318e-06 0.0001409076 4.0190334e-21)
(2.3552963e-05 -0.00019831819 -1.3481629e-20)
(7.1677235e-05 -0.00053489537 9.5118454e-21)
(0.00013917706 -0.0008629526 2.9048007e-20)
(0.0002245236 -0.0011760497 -5.5008735e-21)
(0.0003258648 -0.0014679527 -2.1783378e-20)
(0.00044061539 -0.0017325809 2.0526073e-20)
(0.00056546343 -0.0019643948 -4.6018525e-20)
(0.00069660994 -0.0021586045 -8.3754058e-22)
(0.00082983253 -0.0023114417 2.8606534e-20)
(0.00096068072 -0.0024205049 4.6686177e-20)
(0.0010847331 -0.0024848844 -3.7958349e-20)
(0.0011980035 -0.0025055643 4.0016609e-20)
(0.0012971302 -0.0024851614 6.449704e-20)
(0.0013800581 -0.0024285683 -4.232806e-20)
(0.0014459446 -0.0023419626 6.8009463e-20)
(0.0014961375 -0.0022336977 9.007042e-20)
(0.0015339782 -0.0021131073 -5.8522427e-20)
(0.001565381 -0.0019905591 -7.4708878e-20)
(0.0015993513 -0.001877328 2.6326129e-23)
(0.0016474377 -0.0017840951 1.0869205e-20)
(0.0017237934 -0.0017205244 -1.3030576e-20)
(0.0018436838 -0.0016934046 -2.2194483e-20)
(0.0020209565 -0.0017046212 4.7520143e-21)
(0.0022647288 -0.0017495121 -4.2947464e-20)
(0.0025723101 -0.0018136697 1.1484669e-20)
(0.0029306913 -0.0018776611 9.0250649e-21)
(0.0033149121 -0.0019190136 -6.2199387e-20)
(0.0036861591 -0.0019142105 8.1215988e-20)
(0.0040090114 -0.0018501366 2.4596418e-21)
(0.0042452638 -0.001720219 1.7743579e-20)
(0.0043240938 -0.0015143331 -2.104367e-20)
(0.00414031 -0.0012268376 6.6925265e-20)
(0.0035452009 -0.00086336726 -4.2361497e-21)
(0.0023662524 -0.00045622238 1.7096192e-20)
(0.00038715763 -6.8502593e-05 -2.3472469e-21)
(-0.0025751192 0.00018638062 3.3640983e-21)
(-0.0066834721 0.00014692283 -2.0938808e-21)
(-0.012305978 -0.00040959715 3.896473e-21)
(-0.019350057 -0.0017978192 -1.195979e-22)
(-0.027200662 -0.0041841995 4.3609123e-20)
(-0.035415739 -0.0076495729 -1.6708587e-20)
(-0.043417224 -0.012152067 1.4995589e-20)
(-0.050758193 -0.017565388 -9.5870687e-20)
(-0.05699174 -0.023655528 -1.5397223e-20)
(-0.06184874 -0.030158005 1.3473485e-19)
(-0.065137488 -0.036774984 -1.1459309e-19)
(-0.066804599 -0.043222207 -2.1833563e-21)
(-0.066848456 -0.049209421 3.4768534e-20)
(-0.065402292 -0.054518239 -3.1654039e-20)
(-0.062556262 -0.058888505 -6.207701e-21)
(-0.058533067 -0.062171942 -3.9564795e-21)
(-0.053574864 -0.064264255 -6.0634572e-21)
(-0.047856187 -0.065004371 -2.7927387e-21)
(-0.041657685 -0.064381987 5.9800004e-22)
(-0.035210114 -0.062362995 4.8597541e-20)
(-0.028757757 -0.058976375 -7.4366617e-20)
(-0.022530161 -0.054281381 -7.9430656e-20)
(-0.016741558 -0.048371958 -3.2263963e-20)
(-0.011586217 -0.041374705 -7.4006088e-20)
(-0.0072332862 -0.033443203 1.6519715e-20)
(-0.0038212449 -0.024755884 2.4047798e-20)
(-0.0014631877 -0.015524045 -3.7392977e-20)
(-0.00022012331 -0.0059243344 -4.9978411e-21)
(1.9280742e-05 0.0011222135 -1.1746382e-21)
(6.2212124e-05 0.0014307155 -6.9888134e-23)
(0.0001226195 0.0017275668 -4.005647e-21)
(0.00019919504 0.0020073225 1.3404633e-20)
(0.00029045951 0.0022646926 -9.440281e-21)
(0.00039434 0.0024945475 -2.8774297e-20)
(0.00050819977 0.0026921739 5.4379421e-21)
(0.00062889593 0.0028534689 2.1487487e-20)
(0.00075280945 0.0029751522 -2.0200596e-20)
(0.00087616711 0.003054997 4.5178224e-20)
(0.0009950336 0.0030918932 8.2017124e-22)
(0.0011056145 0.0030862636 -2.7936661e-20)
(0.0012043786 0.0030397582 -4.5466662e-20)
(0.0012885441 0.0029559264 3.6862101e-20)
(0.0013560151 0.0028393398 -3.8750384e-20)
(0.0014061086 0.0026965544 -6.2279496e-20)
(0.0014393934 0.0025350095 4.0760449e-20)
(0.0014580437 0.0023630816 -6.5317466e-20)
(0.0014663916 0.0021903744 -8.6291555e-20)
(0.0014704958 0.0020263419 5.5939075e-20)
(0.0014791262 0.0018811921 7.1265652e-20)
(0.0015031962 0.001764431 6.3800521e-20)
(0.0015565116 0.0016852822 5.2400864e-20)
(0.00165448 0.0016507377 1.2375013e-20)
(0.001812799 0.0016642597 2.1060081e-20)
(0.0020438663 0.0017231226 -4.50687e-21)
(0.0023514818 0.0018158033 4.0726211e-20)
(0.0027251576 0.0019209313 -1.0892828e-20)
(0.0031390719 0.0020109651 -8.5643763e-21)
(0.0035555903 0.0020583945 5.906839e-20)
(0.0039391418 0.0020457774 -7.7197416e-20)
(0.0042561925 0.0019645133 -2.326964e-21)
(0.0044639342 0.0018092334 3.8469905e-20)
(0.0044891843 0.0015726762 2.009173e-20)
(0.0042193912 0.0012510187 -6.4048376e-20)
(0.0034927064 0.00085179338 4.0658516e-21)
(0.002129299 0.00041306579 1.2007608e-20)
(-9.2610779e-05 5.9691485e-06 2.2692327e-21)
(-0.0033574194 -0.00024910622 -3.2649037e-21)
(-0.0077926982 -0.00017535828 2.040013e-21)
(-0.01376572 0.00045577992 -3.8092044e-21)
(-0.021136496 0.001961712 3.0906395e-20)
(-0.029216778 0.0044921373 -4.2781976e-20)
(-0.037553571 0.0081091042 1.6387734e-20)
(-0.045573855 0.012753675 -1.4685701e-20)
(-0.052823181 0.018277931 9.3622806e-20)
(-0.058880255 0.02443674 1.4976627e-20)
(-0.06350432 0.030962634 -1.3035163e-19)
(-0.066516982 0.03755122 1.1009257e-19)
(-0.067899091 0.043927784 2.0782043e-21)
(-0.067645072 0.049793315 -3.2660457e-20)
(-0.065933584 0.054958655 2.9165807e-20)
(-0.06281994 0.059133989 -4.4491565e-20)
(-0.058560963 0.062199036 3.256986e-21)
(-0.053424708 0.064081406 -4.6622309e-21)
(-0.047543024 0.064575958 5.1749437e-21)
(-0.041227309 0.06371351 -7.2408583e-22)
(-0.034698967 0.061453817 -5.4223775e-20)
(-0.02820358 0.057835279 8.0083723e-20)
(-0.02196881 0.052923198 8.3805966e-20)
(-0.016205707 0.04681613 3.3577238e-20)
(-0.011105306 0.03964658 7.6239064e-20)
(-0.0068321052 0.031571285 -1.6880565e-20)
(-0.0035197291 0.022773722 4.8400715e-20)
(-0.0012757028 0.013460207 3.7714395e-20)
(-0.00015858038 0.0038373458 5.0148685e-21)
)
;
    }
    frontAndBack
    {
        type            empty;
    }
}


// ************************************************************************* //
