/*--------------------------------*- C++ -*----------------------------------*\
  =========                 |
  \\      /  F ield         | OpenFOAM: The Open Source CFD Toolbox
   \\    /   O peration     | Website:  https://openfoam.org
    \\  /    A nd           | Version:  13
     \\/     M anipulation  |
\*---------------------------------------------------------------------------*/
FoamFile
{
    format      ascii;
    class       volVectorField;
    location    "5.302468";
    object      wallShearStress;
}
// * * * * * * * * * * * * * * * * * * * * * * * * * * * * * * * * * * * * * //

dimensions      [0 2 -2 0 0 0 0];

internalField   uniform (0 0 0);

boundaryField
{
    inlet
    {
        type            calculated;
        value           uniform (0 0 0);
    }
    outlet
    {
        type            calculated;
        value           uniform (0 0 0);
    }
    cylinder
    {
        type            calculated;
        value           nonuniform List<vector> 
132
(
(0.00012415832 -0.0016632748 -1.3551251e-22)
(0.0005285228 -0.010443679 3.9393626e-23)
(0.0014079773 -0.019007058 2.3125884e-21)
(0.0027281161 -0.027025855 -8.4427934e-21)
(0.0044179249 -0.03417513 6.5963348e-21)
(0.0063702425 -0.040147347 2.2477917e-20)
(0.0084439518 -0.044678323 -4.7476854e-21)
(0.010478371 -0.047563574 -2.0824988e-20)
(0.012299312 -0.048677721 2.1497435e-20)
(0.013734355 -0.04799336 -5.2075157e-20)
(0.014631313 -0.045592407 -1.008218e-21)
(0.014878524 -0.041674191 3.6095595e-20)
(0.014423624 -0.036550069 6.0785135e-20)
(0.013290612 -0.030630842 -5.0274472e-20)
(0.011582472 -0.024383012 5.3248779e-20)
(0.0094759494 -0.018282781 8.5348292e-20)
(0.0071916883 -0.012754468 -5.5293597e-20)
(0.0049534919 -0.0080956264 8.7305686e-20)
(0.002952665 -0.0044592153 1.1341651e-19)
(0.0013167008 -0.0018484654 -7.2301342e-20)
(7.6806533e-05 -0.00012282901 -9.0719029e-20)
(-0.00078804419 0.00091045138 3.1528274e-23)
(-0.0013540359 0.0014593073 1.2831825e-20)
(-0.0016304104 0.0016275823 -1.5201835e-20)
(-0.0014824142 0.0013705174 -2.5590919e-20)
(-0.00068578281 0.00059506801 5.4219086e-21)
(0.00074053458 -0.00055265362 -4.8615863e-20)
(0.0024564927 -0.0017163632 1.2961522e-20)
(0.0039440829 -0.002518967 1.0199676e-20)
(0.0048548094 -0.00280938 -7.0550568e-20)
(0.0052583077 -0.002732735 9.2411914e-20)
(0.005424536 -0.0025056594 2.8039182e-21)
(0.0055289972 -0.0022418004 2.0252778e-20)
(0.0055086453 -0.001930048 -2.4057285e-20)
(0.0051680622 -0.00153228 7.6691219e-20)
(0.0042809502 -0.001043877 -4.870234e-21)
(0.0026295828 -0.00050964789 1.9737225e-20)
(-3.909101e-05 -1.6620831e-05 -2.7233172e-21)
(-0.0039200864 0.00029074232 3.92393e-21)
(-0.0091369106 0.0002059875 -2.455794e-21)
(-0.016089078 -0.00053190055 4.5934837e-21)
(-0.024541058 -0.0022764527 -1.4155686e-22)
(-0.033669004 -0.0051750596 5.1746965e-20)
(-0.042970751 -0.0092769137 -1.9850465e-20)
(-0.05178393 -0.014489342 1.7818219e-20)
(-0.059636033 -0.020633067 -1.1386301e-19)
(-0.066099372 -0.02743026 -1.8279863e-20)
(-0.070938869 -0.034584979 1.5997323e-19)
(-0.073998332 -0.041772406 -1.3624121e-19)
(-0.075275014 -0.048697657 -2.6044286e-21)
(-0.074794367 -0.055054203 4.1751413e-20)
(-0.072743737 -0.060633912 -3.8498878e-20)
(-0.069218949 -0.065156829 -7.7378694e-21)
(-0.064476856 -0.068482016 -5.2198621e-21)
(-0.058796998 -0.070525511 -9.846883e-21)
(-0.052350837 -0.071107161 -2.9537052e-22)
(-0.045446526 -0.07023565 5.0860748e-22)
(-0.038324772 -0.067878001 4.6481829e-20)
(-0.031242961 -0.064071901 -7.4143203e-20)
(-0.024440835 -0.058884082 -8.0833038e-20)
(-0.018141595 -0.052417069 -3.3220788e-20)
(-0.012547043 -0.044806517 -7.675257e-20)
(-0.0078325613 -0.036215736 1.7211316e-20)
(-0.0041412942 -0.026832794 2.5126638e-20)
(-0.001590273 -0.016881335 -3.9134909e-20)
(-0.00024160631 -0.0065415523 -5.2342465e-21)
(0.00019722807 0.0071033383 -6.3049726e-22)
(0.00074214426 0.015712578 -3.9340538e-23)
(0.0017435481 0.02393007 -2.4304194e-21)
(0.0031529153 0.031436377 8.9629413e-21)
(0.0048863275 0.037922713 -7.0360791e-21)
(0.0068260491 0.043107883 -2.3970945e-20)
(0.0088248944 0.046762577 5.0435585e-21)
(0.010722271 0.048723747 2.1984392e-20)
(0.012348436 0.048914685 -2.252135e-20)
(0.013542901 0.047359337 5.410611e-20)
(0.014172416 0.044191676 1.0389684e-21)
(0.014150701 0.039660137 -3.6893619e-20)
(0.013455299 0.034116836 -6.1672845e-20)
(0.012140034 0.027995977 5.0684051e-20)
(0.010333117 0.021764758 -5.3400669e-20)
(0.0082237518 0.015876496 -8.5264929e-20)
(0.0060283684 0.010699247 5.51032e-20)
(0.0039530548 0.0064673872 -8.68995e-20)
(0.0021582143 0.0032672651 -1.1287108e-19)
(0.00073277881 0.0010431473 7.1994904e-20)
(-0.00031834163 -0.00038411675 9.0406773e-20)
(-0.0010401537 -0.0012091809 7.9927641e-20)
(-0.0014917874 -0.0016112655 6.4928786e-20)
(-0.001590792 -0.0015906633 1.5175842e-20)
(-0.0013096271 -0.0012145261 2.556312e-20)
(-0.00026846736 -0.00024550385 -5.4177134e-21)
(0.0013188752 0.00099961017 4.8687976e-20)
(0.0029807988 0.0020882129 -1.3004189e-20)
(0.0042895713 0.002743043 -1.0250229e-20)
(0.0049853292 0.0028867847 7.0935485e-20)
(0.0052822354 0.0027457948 -9.2928721e-20)
(0.0054261859 0.0025065701 -2.8042375e-21)
(0.0055121295 0.0022352996 4.639209e-20)
(0.0054193733 0.0018995826 2.4254205e-20)
(0.0049440955 0.001467281 -7.7436683e-20)
(0.0038614713 0.00094405113 4.9259598e-21)
(0.0019554127 0.00038464281 1.4583822e-20)
(-0.0010225311 -0.00011374541 2.76362e-21)
(-0.0052718022 -0.00039821838 -3.9862786e-21)
(-0.010842058 -0.00025117639 2.4960551e-21)
(-0.018137419 0.0005957386 -4.6667975e-21)
(-0.02686122 0.0024885182 3.785628e-20)
(-0.036130871 0.0055504008 -5.2335451e-20)
(-0.045450968 0.0098093588 2.0000625e-20)
(-0.054145547 0.015147587 -1.7871918e-20)
(-0.061782905 0.021373449 1.1364037e-19)
(-0.067962659 0.02820031 1.8140026e-20)
(-0.072474583 0.035330634 -1.5776476e-19)
(-0.07518911 0.042441669 1.333883e-19)
(-0.076126647 0.049245766 2.5281092e-21)
(-0.075314119 0.055434008 -4.0077367e-20)
(-0.072976608 0.060825343 3.6403548e-20)
(-0.069180653 0.065117851 -5.7496651e-20)
(-0.064202138 0.068187402 4.5854925e-21)
(-0.058348449 0.069984462 -1.016359e-20)
(-0.051755246 0.070294818 2.5415616e-21)
(-0.044752247 0.069158926 -6.2884727e-22)
(-0.037572442 0.066541153 -5.1897463e-20)
(-0.030472704 0.062487001 7.9685732e-20)
(-0.02369021 0.057068953 8.5097674e-20)
(-0.017444482 0.050393939 3.4506218e-20)
(-0.011933613 0.042603051 7.8944999e-20)
(-0.0073279935 0.033862225 -1.756648e-20)
(-0.0037657764 0.024364651 5.0530207e-20)
(-0.0013581298 0.014326418 3.945215e-20)
(-0.00016567136 0.0039672318 5.2512683e-21)
)
;
    }
    frontAndBack
    {
        type            empty;
    }
}


// ************************************************************************* //
