/*--------------------------------*- C++ -*----------------------------------*\
  =========                 |
  \\      /  F ield         | OpenFOAM: The Open Source CFD Toolbox
   \\    /   O peration     | Website:  https://openfoam.org
    \\  /    A nd           | Version:  13
     \\/     M anipulation  |
\*---------------------------------------------------------------------------*/
FoamFile
{
    format      ascii;
    class       volVectorField;
    location    "42.801355";
    object      wallShearStress;
}
// * * * * * * * * * * * * * * * * * * * * * * * * * * * * * * * * * * * * * //

dimensions      [0 2 -2 0 0 0 0];

internalField   uniform (0 0 0);

boundaryField
{
    inlet
    {
        type            calculated;
        value           uniform (0 0 0);
    }
    outlet
    {
        type            calculated;
        value           uniform (0 0 0);
    }
    cylinder
    {
        type            calculated;
        value           nonuniform List<vector> 
132
(
(5.7609279e-06 -0.00016910666 -2.9546887e-22)
(2.2970457e-05 -0.0004729611 8.4408807e-23)
(5.7799726e-05 -0.00078456686 4.6729108e-21)
(0.00011100238 -0.0010990537 -1.5717757e-20)
(0.00018276869 -0.0014107423 1.1118703e-20)
(0.00027263642 -0.0017134753 3.4041593e-20)
(0.00037940243 -0.0020007091 -6.4621381e-21)
(0.00050102272 -0.0022658188 -2.5648279e-20)
(0.00063473835 -0.0025023088 2.4219067e-20)
(0.00077705716 -0.0027041313 -5.4402906e-20)
(0.00092380224 -0.0028660214 -9.9183972e-22)
(0.0010703237 -0.002983863 3.3929046e-20)
(0.0012117278 -0.0030549836 5.5445605e-20)
(0.0013432139 -0.0030785239 -4.5130048e-20)
(0.0014603896 -0.0030555367 4.7619954e-20)
(0.0015598177 -0.0029894163 7.6805069e-20)
(0.0016392124 -0.0028854247 -5.0431773e-20)
(0.0016981808 -0.0027511753 8.1057192e-20)
(0.0017384592 -0.0025960552 1.0737323e-19)
(0.0017641857 -0.0024307167 -6.9769897e-20)
(0.0017825937 -0.0022671966 -8.9067051e-20)
(0.0018037098 -0.0021175752 3.138073e-23)
(0.0018406842 -0.0019936963 1.2955825e-20)
(0.0019087266 -0.0019053966 -1.5530301e-20)
(0.002023706 -0.0018590126 -2.6449499e-20)
(0.0022006972 -0.0018564591 5.6625627e-21)
(0.0024477768 -0.0018911304 -5.1174892e-20)
(0.0027619368 -0.0019475648 1.3684494e-20)
(0.0031277111 -0.0020040914 1.0753887e-20)
(0.0035154194 -0.0020352954 -7.4112905e-20)
(0.0038860819 -0.0020182444 9.6763808e-20)
(0.0041992701 -0.0019382196 2.9300655e-21)
(0.0044053957 -0.001785531 2.1131671e-20)
(0.0044202835 -0.0015486809 -2.505136e-20)
(0.0041258921 -0.0012236071 7.9617796e-20)
(0.0033606717 -0.00082020371 -5.0344553e-21)
(0.0019418873 -0.00037822616 2.0288097e-20)
(-0.00035412281 2.8677084e-05 -2.7797656e-21)
(-0.0037254899 0.00027828981 3.9726501e-21)
(-0.0082815999 0.00018802675 -2.4640606e-21)
(-0.014405808 -0.00047616581 4.5648814e-21)
(-0.021958831 -0.0020374707 -1.3935446e-22)
(-0.03022725 -0.0046470509 5.0534881e-20)
(-0.038761852 -0.0083696971 -1.92599e-20)
(-0.046981023 -0.01314728 1.7203978e-20)
(-0.054412316 -0.018827721 -1.0956267e-19)
(-0.060636308 -0.02516555 -1.7553312e-20)
(-0.065405492 -0.031889725 1.5346284e-19)
(-0.0685372 -0.038692008 -1.3069904e-19)
(-0.070005724 -0.045291163 -2.5006889e-21)
(-0.069814454 -0.051390864 4.016707e-20)
(-0.068117294 -0.056779712 -3.71524e-20)
(-0.065003442 -0.06119069 -7.5110012e-21)
(-0.060710368 -0.064483336 -5.1215735e-21)
(-0.055487425 -0.066557341 -9.9797565e-21)
(-0.049506214 -0.067244773 2.7057092e-22)
(-0.043057159 -0.066544222 4.5439207e-22)
(-0.036372143 -0.064420722 4.2904675e-20)
(-0.029698938 -0.060906403 -6.9212211e-20)
(-0.023269364 -0.056062526 -7.5911682e-20)
(-0.017299738 -0.049985414 -3.1321089e-20)
(-0.011986077 -0.042804063 -7.2575306e-20)
(-0.0074990513 -0.034674814 1.6313389e-20)
(-0.0039782726 -0.025778375 2.3865796e-20)
(-0.0015378306 -0.016330974 -3.7244091e-20)
(-0.00023840443 -0.0065061532 -4.9911079e-21)
(5.0857294e-06 0.00012552768 -1.3542746e-21)
(2.0108282e-05 0.00041153718 -8.034055e-23)
(5.0432876e-05 0.00068677563 -4.5909666e-21)
(9.5263965e-05 0.00094656312 1.5316636e-20)
(0.00015321764 0.0011864023 -1.0753648e-20)
(0.00022248664 0.0014021772 -3.2676383e-20)
(0.00030084768 0.0015903268 6.156417e-21)
(0.00038574108 0.0017479921 2.4252853e-20)
(0.00047438566 0.0018731771 -2.2732811e-20)
(0.00056389859 0.0019648756 5.0695959e-20)
(0.00065145786 0.0020231663 9.1785052e-22)
(0.00073449108 0.0020492761 -3.1181943e-20)
(0.00081082473 0.0020455765 -5.0626014e-20)
(0.00087896891 0.0020155392 4.0954296e-20)
(0.00093820333 0.0019636717 -4.2965931e-20)
(0.00098884342 0.0018954899 -6.8932463e-20)
(0.001032385 0.0018172611 4.5044672e-20)
(0.0010717205 0.0017359161 -7.2088247e-20)
(0.0011112163 0.0016586744 -9.5132569e-20)
(0.0011571111 0.0015932008 6.1616642e-20)
(0.0012173796 0.0015468848 7.8446431e-20)
(0.0013023103 0.0015271524 7.0195255e-20)
(0.0014236997 0.0015400169 5.7635396e-20)
(0.0015943368 0.0015893953 1.3608975e-20)
(0.0018254622 0.0016748171 2.3159201e-20)
(0.002122695 0.0017888837 -4.9562701e-21)
(0.0024821855 0.00191641 4.4789448e-20)
(0.0028911624 0.0020379126 -1.1979252e-20)
(0.0033232081 0.0021290903 -9.4173791e-21)
(0.0037411376 0.0021660703 6.4934085e-20)
(0.0041148283 0.0021372846 -8.482946e-20)
(0.0044175712 0.0020392316 -2.5556937e-21)
(0.0046059985 0.001867079 4.222814e-20)
(0.0045910819 0.0016087997 2.2042511e-20)
(0.0042449558 0.0012593047 -7.0223361e-20)
(0.0033966002 0.00082961117 4.4545659e-21)
(0.0018573955 0.0003632758 1.3143433e-20)
(-0.00059940876 -6.0565406e-05 2.4809808e-21)
(-0.004169338 -0.00031302636 -3.5640204e-21)
(-0.0089416823 -0.00020471552 2.2226645e-21)
(-0.01529611 0.00050437372 -4.14013e-21)
(-0.023051464 0.0021376788 3.3489447e-20)
(-0.031451833 0.0048340032 -4.6206675e-20)
(-0.040040518 0.0086443615 1.7641949e-20)
(-0.048224577 0.013493917 -1.5759991e-20)
(-0.055542754 0.019217431 1.0018641e-19)
(-0.061590483 0.02555959 1.5989557e-20)
(-0.066140155 0.03224589 -1.3893203e-19)
(-0.069024351 0.038964942 1.172431e-19)
(-0.070243287 0.04544271 2.2138949e-21)
(-0.069793408 0.051373147 -3.4862911e-20)
(-0.067879285 0.056579062 3.1294202e-20)
(-0.064539856 0.060751558 -4.8269401e-20)
(-0.060058068 0.063787965 3.6460449e-21)
(-0.054713712 0.065626355 -6.2862423e-21)
(-0.048617672 0.066034443 4.368959e-21)
(-0.042103914 0.065067097 -6.9236849e-22)
(-0.035390549 0.062677471 -5.324582e-20)
(-0.028727584 0.058908561 7.9489076e-20)
(-0.022344846 0.053827627 8.3631384e-20)
(-0.016455325 0.047535453 3.3602907e-20)
(-0.011251852 0.040167297 7.640744e-20)
(-0.0069002692 0.031882419 -1.692672e-20)
(-0.0035351943 0.022867089 4.8525618e-20)
(-0.0012650455 0.013329561 3.7784101e-20)
(-0.00014926994 0.0034836085 5.0176958e-21)
)
;
    }
    frontAndBack
    {
        type            empty;
    }
}


// ************************************************************************* //
