/*--------------------------------*- C++ -*----------------------------------*\
  =========                 |
  \\      /  F ield         | OpenFOAM: The Open Source CFD Toolbox
   \\    /   O peration     | Website:  https://openfoam.org
    \\  /    A nd           | Version:  13
     \\/     M anipulation  |
\*---------------------------------------------------------------------------*/
FoamFile
{
    format      ascii;
    class       volVectorField;
    location    "34.196229";
    object      wallShearStress;
}
// * * * * * * * * * * * * * * * * * * * * * * * * * * * * * * * * * * * * * //

dimensions      [0 2 -2 0 0 0 0];

internalField   uniform (0 0 0);

boundaryField
{
    inlet
    {
        type            calculated;
        value           uniform (0 0 0);
    }
    outlet
    {
        type            calculated;
        value           uniform (0 0 0);
    }
    cylinder
    {
        type            calculated;
        value           nonuniform List<vector> 
132
(
(8.6186395e-06 -0.00037376793 -2.6632732e-22)
(3.1026371e-05 -0.00067385086 7.5641598e-23)
(6.9971886e-05 -0.00096643036 4.1636968e-21)
(0.00012482379 -0.001246477 -1.3923582e-20)
(0.00019448592 -0.0015089929 9.7921231e-21)
(0.00027730917 -0.0017491317 2.9805595e-20)
(0.00037113357 -0.0019624077 -5.6252273e-21)
(0.00047331552 -0.0021448382 -2.2198439e-20)
(0.00058082214 -0.0022931734 2.0842762e-20)
(0.00069032063 -0.0024050165 -4.6559262e-20)
(0.00079834101 -0.0024791022 -8.4432237e-22)
(0.00090152442 -0.0025152299 2.8730175e-20)
(0.0009967701 -0.0025146478 4.6715859e-20)
(0.0010813792 -0.0024797219 -3.7844978e-20)
(0.0011534938 -0.0024144306 3.9756299e-20)
(0.0012120939 -0.0023237276 6.3860082e-20)
(0.0012574626 -0.0022139124 -4.1775196e-20)
(0.0012912521 -0.0020921373 6.6919377e-20)
(0.0013167571 -0.0019662955 8.8382928e-20)
(0.0013393347 -0.0018450912 -5.7283364e-20)
(0.0013661507 -0.0017370578 -7.2967923e-20)
(0.0014070531 -0.0016512028 2.5688487e-23)
(0.001473858 -0.0015954993 1.0579601e-20)
(0.0015808227 -0.001577045 -1.2667565e-20)
(0.0017421461 -0.0015992821 -2.1555961e-20)
(0.0019698941 -0.0016607044 4.6122458e-21)
(0.0022695609 -0.0017525035 -4.1667612e-20)
(0.0026348349 -0.0018571795 1.1140132e-20)
(0.0030464296 -0.0019514655 8.7540695e-21)
(0.0034692827 -0.002008235 -6.0335814e-20)
(0.0038662941 -0.0020077191 7.8788922e-20)
(0.0042060923 -0.0019410914 2.3864192e-21)
(0.0044542698 -0.0018048781 1.721822e-20)
(0.0045463344 -0.0015920374 -2.0426532e-20)
(0.004377182 -0.0012967645 6.4995873e-20)
(0.0037938102 -0.00092340817 -4.1173232e-21)
(0.0026201798 -0.00050402059 1.6635703e-20)
(0.00063593575 -0.00010211043 -2.2875627e-21)
(-0.0023427164 0.00016781891 3.2850265e-21)
(-0.0064940406 0.0001415628 -2.0493964e-21)
(-0.012182071 -0.00040627358 3.8240851e-21)
(-0.019312595 -0.0017948802 -1.1773082e-22)
(-0.027266719 -0.0041948027 4.3052633e-20)
(-0.035591131 -0.0076878058 -1.6540072e-20)
(-0.043699893 -0.012231373 1.4880317e-20)
(-0.051140489 -0.017697813 -9.533633e-20)
(-0.057457273 -0.023848955 -1.5339399e-20)
(-0.062379161 -0.0304168 1.34442e-19)
(-0.065714231 -0.037100718 -1.1450287e-19)
(-0.067408194 -0.04361283 -2.1844233e-21)
(-0.067462973 -0.049661879 3.4829222e-20)
(-0.066011335 -0.055026021 -3.1752958e-20)
(-0.063148587 -0.059446227 -6.238938e-21)
(-0.059098099 -0.062772244 -3.9901105e-21)
(-0.054102547 -0.06489741 -6.1929878e-21)
(-0.048341256 -0.065663512 -2.6808866e-21)
(-0.042094857 -0.06505798 5.9234254e-22)
(-0.035596295 -0.063047454 4.8358199e-20)
(-0.029091239 -0.059660921 -7.4135489e-20)
(-0.022810542 -0.054957793 -7.9259464e-20)
(-0.016969732 -0.049032536 -3.221194e-20)
(-0.01176408 -0.042011862 -7.3909104e-20)
(-0.0073638916 -0.03405042 1.6500132e-20)
(-0.0039083588 -0.025326388 2.4019048e-20)
(-0.0015117076 -0.016054782 -3.7342483e-20)
(-0.00023451851 -0.0064022525 -4.9895975e-21)
(2.7038508e-06 -6.8260689e-05 -1.2277152e-21)
(1.363793e-05 0.00024328617 -7.3254721e-23)
(4.2230138e-05 0.00055924642 -4.2109201e-21)
(8.9016783e-05 0.00087461177 1.4133244e-20)
(0.00015383992 0.0011837999 -9.9832359e-21)
(0.00023596704 0.0014809488 -3.0521726e-20)
(0.00033398278 0.0017600262 5.7859779e-21)
(0.00044577255 0.002015071 2.2934154e-20)
(0.00056846423 0.0022404511 -2.1628833e-20)
(0.00069869454 0.0024310801 4.8526609e-20)
(0.00083255 0.0025827151 8.8373199e-22)
(0.00096576341 0.0026922539 -3.0199286e-20)
(0.0010939527 0.0027579855 -4.9304124e-20)
(0.0012129261 0.002779869 4.0097111e-20)
(0.0013189656 0.0027595909 -4.2277613e-20)
(0.0014093076 0.0027008945 -6.8143848e-20)
(0.0014823444 0.0026092021 4.4719768e-20)
(0.0015382039 0.0024918662 -7.1843046e-20)
(0.0015789818 0.0023577284 -9.5132437e-20)
(0.0016090052 0.0022166768 6.1797971e-20)
(0.001635657 0.0020800286 7.8873474e-20)
(0.0016687585 0.0019587987 7.0721644e-20)
(0.0017212574 0.0018639518 5.8161035e-20)
(0.0018076204 0.0018040508 1.3749691e-20)
(0.0019428725 0.0017843519 2.3418151e-20)
(0.0021397364 0.0018046834 -5.0142581e-21)
(0.0024045782 0.0018574925 4.5325375e-20)
(0.0027313242 0.0019258334 -1.2124213e-20)
(0.0031015065 0.0019872645 -9.5317259e-21)
(0.00348524 0.002017879 6.5726333e-20)
(0.0038425815 0.0019957718 -8.5874502e-20)
(0.0041367706 0.0019095254 -2.587441e-21)
(0.0043195022 0.0017509232 4.2752682e-20)
(0.0043039803 0.0015082321 2.2311329e-20)
(0.0039710515 0.0011781547 -7.1043567e-20)
(0.0031583236 0.0007716479 4.5026844e-21)
(0.0016855614 0.00033034865 1.3268778e-20)
(-0.00066614676 -7.0395328e-05 2.500483e-21)
(-0.0040913773 -0.00030769675 -3.5848311e-21)
(-0.0086765947 -0.0001990726 2.2305568e-21)
(-0.014796411 0.00048781528 -4.1445203e-21)
(-0.02229422 0.0020675323 3.3443576e-20)
(-0.03044564 0.0046795426 -4.6043246e-20)
(-0.038807463 0.0083784552 1.7549091e-20)
(-0.046810345 0.013098595 -1.5656762e-20)
(-0.053996069 0.018682742 9.944064e-20)
(-0.059962491 0.024884555 1.5862559e-20)
(-0.064479801 0.031436996 -1.3780233e-19)
(-0.067374122 0.03803397 1.1630572e-19)
(-0.068639077 0.044405481 2.197117e-21)
(-0.068267149 0.050250271 -3.4628641e-20)
(-0.066448957 0.055387369 3.1122616e-20)
(-0.063230659 0.059519749 -4.81395e-20)
(-0.058878041 0.06253505 3.6544401e-21)
(-0.05366365 0.064367251 -6.4763706e-21)
(-0.047708757 0.064800286 4.161444e-21)
(-0.041332462 0.063875209 -6.7690101e-22)
(-0.034753408 0.061549349 -5.2355496e-20)
(-0.028217608 0.05786303 7.8379092e-20)
(-0.02195239 0.052882396 8.2618917e-20)
(-0.016168377 0.046706655 3.3247019e-20)
(-0.011056297 0.03946927 7.5704584e-20)
(-0.0067801664 0.031327489 -1.6794734e-20)
(-0.0034732028 0.022465778 4.8219863e-20)
(-0.0012423265 0.013089593 3.7609584e-20)
(-0.00014641958 0.0034146302 5.0043479e-21)
)
;
    }
    frontAndBack
    {
        type            empty;
    }
}


// ************************************************************************* //
