/*--------------------------------*- C++ -*----------------------------------*\
  =========                 |
  \\      /  F ield         | OpenFOAM: The Open Source CFD Toolbox
   \\    /   O peration     | Website:  https://openfoam.org
    \\  /    A nd           | Version:  13
     \\/     M anipulation  |
\*---------------------------------------------------------------------------*/
FoamFile
{
    format      ascii;
    class       volVectorField;
    location    "38.197445";
    object      wallShearStress;
}
// * * * * * * * * * * * * * * * * * * * * * * * * * * * * * * * * * * * * * //

dimensions      [0 2 -2 0 0 0 0];

internalField   uniform (0 0 0);

boundaryField
{
    inlet
    {
        type            calculated;
        value           uniform (0 0 0);
    }
    outlet
    {
        type            calculated;
        value           uniform (0 0 0);
    }
    cylinder
    {
        type            calculated;
        value           nonuniform List<vector> 
132
(
(2.0049151e-05 -0.0012254643 -2.6966473e-22)
(6.404725e-05 -0.0014870371 7.6881502e-23)
(0.00012331615 -0.0017431961 4.2475749e-21)
(0.00019715679 -0.0019893707 -1.4257162e-20)
(0.0002847116 -0.002220886 1.0063864e-20)
(0.00038458004 -0.0024329468 3.0744474e-20)
(0.00049480663 -0.0026208604 -5.8231523e-21)
(0.00061282277 -0.0027802395 -2.3059302e-20)
(0.00073570855 -0.0029071256 2.1723666e-20)
(0.00086006022 -0.0029982761 -4.8682609e-20)
(0.00098216366 -0.0030512915 -8.8548094e-22)
(0.001098204 -0.0030649647 3.0217784e-20)
(0.0012044117 -0.0030392665 4.9265133e-20)
(0.0012973821 -0.002975692 -4.0007235e-20)
(0.0013743343 -0.0028772851 4.2120539e-20)
(0.0014331707 -0.0027481676 6.779056e-20)
(0.0014731254 -0.0025942767 -4.4422964e-20)
(0.0014947962 -0.0024226769 7.1265893e-20)
(0.0015004503 -0.0022414685 9.4240744e-20)
(0.001494227 -0.0020594724 -6.1141756e-20)
(0.0014822691 -0.0018858392 -7.7944647e-20)
(0.0014729309 -0.0017297696 2.7437516e-23)
(0.0014770196 -0.0016002523 1.1312021e-20)
(0.0015076421 -0.0015053552 -1.3546873e-20)
(0.0015801819 -0.0014517761 -2.3050985e-20)
(0.0017101206 -0.0014426215 4.9307357e-21)
(0.0019098108 -0.0014752639 -4.4520996e-20)
(0.0021858891 -0.0015408929 1.1893675e-20)
(0.0025287794 -0.0016196713 9.3368194e-21)
(0.0029148421 -0.0016868025 -6.4273299e-20)
(0.0033116112 -0.0017190269 8.3813686e-20)
(0.0036808289 -0.0016979365 2.5344898e-21)
(0.0039927204 -0.001616952 1.8250102e-20)
(0.0042001113 -0.0014696196 -2.1598132e-20)
(0.0042155611 -0.0012472625 6.8529122e-20)
(0.0039014865 -0.00094716114 -4.3274872e-21)
(0.00308639 -0.0005889771 1.7428443e-20)
(0.0015506843 -0.00022220449 -2.3892899e-21)
(-0.00091052409 5.2391956e-05 3.4227827e-21)
(-0.0045219462 9.2585533e-05 -2.1318313e-21)
(-0.0096377549 -0.0003258941 3.9757638e-21)
(-0.016197118 -0.0015088086 -1.2246597e-22)
(-0.023646302 -0.0036410824 4.4861128e-20)
(-0.031533063 -0.0068141821 -1.7272076e-20)
(-0.039264455 -0.010992142 1.5574689e-20)
(-0.046364899 -0.016047171 -1.0002529e-19)
(-0.052399917 -0.021751668 -1.6136189e-20)
(-0.057103572 -0.027845779 1.41832e-19)
(-0.060295237 -0.034042318 -1.2123123e-19)
(-0.061936569 -0.040073427 -2.3237217e-21)
(-0.062033616 -0.04566561 3.7306329e-20)
(-0.060725901 -0.050620503 -3.438124e-20)
(-0.058107536 -0.054700894 -6.8865796e-21)
(-0.054379877 -0.057760708 -4.5892728e-21)
(-0.049780639 -0.059713177 -8.2881562e-21)
(-0.044481326 -0.060420442 -9.7598067e-22)
(-0.03873578 -0.059866494 5.0884844e-22)
(-0.032760868 -0.058025437 4.4886577e-20)
(-0.0267815 -0.054924161 -7.0816933e-20)
(-0.021009269 -0.050618186 -7.6846316e-20)
(-0.015641416 -0.045194929 -3.1515082e-20)
(-0.010856216 -0.038770555 -7.2750002e-20)
(-0.0068091505 -0.031487008 1.6312272e-20)
(-0.0036273932 -0.023507105 2.3824476e-20)
(-0.0014142093 -0.015028013 -3.7137445e-20)
(-0.00022487878 -0.0062007097 -4.9731376e-21)
(-9.6303792e-06 -0.00096031531 -1.2384657e-21)
(-2.5030925e-05 -0.00069104677 -7.3617145e-23)
(-2.5609844e-05 -0.00041868001 -4.2154573e-21)
(-1.1187535e-05 -0.00014829426 1.4093411e-20)
(1.7917969e-05 0.00011606626 -9.9161502e-21)
(6.0853939e-05 0.00037014492 -3.0198519e-20)
(0.00011709306 0.00060941705 5.7024792e-21)
(0.00018469544 0.00082973364 2.251682e-20)
(0.00026161051 0.0010273403 -2.1155875e-20)
(0.00034541074 0.0011989982 4.7293915e-20)
(0.00043339648 0.001342192 8.5833649e-22)
(0.0005226585 0.0014552804 -2.9234057e-20)
(0.00061043464 0.0015376298 -4.7581979e-20)
(0.00069407606 0.0015896477 3.858715e-20)
(0.00077138015 0.0016130055 -4.0580935e-20)
(0.00084070526 0.0016103975 -6.5259146e-20)
(0.00090133155 0.0015857935 4.2740185e-20)
(0.00095350814 0.0015439932 -6.8544159e-20)
(0.00099880836 0.0014907576 -9.0631111e-20)
(0.0010404064 0.0014326838 5.8803159e-20)
(0.001083141 0.0013767553 7.4977804e-20)
(0.0011339967 0.0013304448 6.7175951e-20)
(0.0012018435 0.0013008405 5.5209972e-20)
(0.0012978057 0.0012946191 1.3044856e-20)
(0.0014338023 0.0013162157 2.2206087e-20)
(0.0016208876 0.0013664987 -4.7519791e-21)
(0.0018665851 0.0014413394 4.2924152e-20)
(0.0021686094 0.0015284982 -1.1471352e-20)
(0.0025175565 0.0016125081 -9.007807e-21)
(0.0028904456 0.0016728618 6.2023262e-20)
(0.0032603545 0.0016926221 -8.0892948e-20)
(0.0036023966 0.0016619408 -2.4324001e-21)
(0.0038839473 0.0015731377 4.0095551e-20)
(0.0040484368 0.0014169345 2.0869404e-20)
(0.0039974269 0.0011833979 -6.6272604e-20)
(0.0035814071 0.00087064476 4.1894977e-21)
(0.0026244043 0.00050313382 1.2320331e-20)
(0.00090113833 0.00013599281 2.3190077e-21)
(-0.0017838801 -0.00012470523 -3.3257168e-21)
(-0.0056223964 -0.00012043368 2.0729073e-21)
(-0.010977891 0.00036777382 -3.8657957e-21)
(-0.017729234 0.0016489115 3.1364679e-20)
(-0.025271924 0.0038888765 -4.3454944e-20)
(-0.033144524 0.00715993 1.6666763e-20)
(-0.040746239 0.011404979 -1.4955155e-20)
(-0.047642599 0.016487496 9.5469303e-20)
(-0.053408569 0.022167658 1.5286711e-20)
(-0.057805916 0.028185628 -1.3317808e-19)
(-0.060680666 0.034257333 1.1257003e-19)
(-0.062012477 0.040119977 2.127038e-21)
(-0.061814661 0.045501856 -3.3475844e-20)
(-0.060254904 0.050225289 2.996363e-20)
(-0.057401407 0.054033249 -4.5938798e-20)
(-0.053483173 0.056805404 3.403389e-21)
(-0.048758275 0.058483648 -5.2842527e-21)
(-0.043358602 0.058891727 4.8663408e-21)
(-0.037561756 0.05804779 -7.1161212e-22)
(-0.031577557 0.055924472 -5.381675e-20)
(-0.025629391 0.052555045 7.9789487e-20)
(-0.019926752 0.048001831 8.3647122e-20)
(-0.014662705 0.042355794 3.3540078e-20)
(-0.010011931 0.035739004 7.6170606e-20)
(-0.0061246864 0.028295485 -1.6862267e-20)
(-0.0031230832 0.02019367 4.8323899e-20)
(-0.0011045153 0.01162073 3.7624338e-20)
(-0.00012389711 0.0027761809 4.9974502e-21)
)
;
    }
    frontAndBack
    {
        type            empty;
    }
}


// ************************************************************************* //
