/*--------------------------------*- C++ -*----------------------------------*\
  =========                 |
  \\      /  F ield         | OpenFOAM: The Open Source CFD Toolbox
   \\    /   O peration     | Website:  https://openfoam.org
    \\  /    A nd           | Version:  13
     \\/     M anipulation  |
\*---------------------------------------------------------------------------*/
FoamFile
{
    format      ascii;
    class       volVectorField;
    location    "41.601339";
    object      wallShearStress;
}
// * * * * * * * * * * * * * * * * * * * * * * * * * * * * * * * * * * * * * //

dimensions      [0 2 -2 0 0 0 0];

internalField   uniform (0 0 0);

boundaryField
{
    inlet
    {
        type            calculated;
        value           uniform (0 0 0);
    }
    outlet
    {
        type            calculated;
        value           uniform (0 0 0);
    }
    cylinder
    {
        type            calculated;
        value           nonuniform List<vector> 
132
(
(-1.6914704e-05 0.0014862386 -2.810848e-22)
(-4.6845079e-05 0.001223405 7.995203e-23)
(-6.2211413e-05 0.00095053297 4.4074906e-21)
(-6.2036909e-05 0.00067021605 -1.4760856e-20)
(-4.5994527e-05 0.00038881387 1.0396749e-20)
(-1.3915418e-05 0.00010982562 3.1695436e-20)
(3.3599484e-05 -0.00016173924 -5.9916228e-21)
(9.5332111e-05 -0.00042097246 -2.3684693e-20)
(0.00017011545 -0.00066301129 2.2277998e-20)
(0.0002555473 -0.00088334521 -4.985894e-20)
(0.00034901741 -0.0010780371 -9.0591681e-22)
(0.00044750807 -0.0012438283 3.0891244e-20)
(0.00054789984 -0.0013783661 5.0338371e-20)
(0.00064696253 -0.0014803513 -4.0870481e-20)
(0.00074167644 -0.0015497831 4.3032205e-20)
(0.00082941231 -0.0015878917 6.9279772e-20)
(0.00090832735 -0.0015974325 -4.5423063e-20)
(0.00097743791 -0.0015822565 7.2922622e-20)
(0.0010372373 -0.001547797 9.6513431e-20)
(0.0010895327 -0.0015001782 -6.2675118e-20)
(0.0011381885 -0.0014467211 -7.997716e-20)
(0.0011892032 -0.0013953535 2.8184133e-23)
(0.0012506623 -0.0013539401 1.1628818e-20)
(0.0013333981 -0.0013304747 -1.3937723e-20)
(0.0014492088 -0.0013307531 -2.3732885e-20)
(0.0016105125 -0.0013581362 5.079409e-21)
(0.0018262975 -0.001410537 -4.5881133e-20)
(0.0021006994 -0.0014808229 1.2259331e-20)
(0.0024261105 -0.0015540081 9.6235268e-21)
(0.0027848994 -0.0016117133 -6.6228574e-20)
(0.0031548177 -0.001637675 8.6321095e-20)
(0.0035075246 -0.0016179525 2.6086152e-21)
(0.0038115318 -0.0015435327 1.877075e-20)
(0.004012093 -0.0014038406 -2.21961e-20)
(0.0040215695 -0.0011899552 7.0353999e-20)
(0.0037021561 -0.00089901508 -4.4372003e-21)
(0.0028809146 -0.00055034128 1.7842968e-20)
(0.0013395214 -0.00019377011 -2.4415953e-21)
(-0.001125596 6.9665759e-05 3.4900907e-21)
(-0.0047338714 9.8221108e-05 -2.16845e-21)
(-0.0098440761 -0.00033210284 4.032846e-21)
(-0.016391231 -0.0015263951 -1.2385004e-22)
(-0.023821738 -0.0036676984 4.523754e-20)
(-0.031685189 -0.0068467165 -1.7368737e-20)
(-0.039384036 -0.011025446 1.5621244e-20)
(-0.046449204 -0.016076221 -1.000842e-19)
(-0.052447047 -0.02177092 -1.610777e-20)
(-0.057111977 -0.027849579 1.4125563e-19)
(-0.06026598 -0.034025502 -1.2043944e-19)
(-0.061871319 -0.040030905 -2.3020753e-21)
(-0.061934006 -0.045591962 3.6828725e-20)
(-0.060596869 -0.050512594 -3.377846e-20)
(-0.05794908 -0.054551305 -6.7125763e-21)
(-0.054197495 -0.057566552 -4.4054601e-21)
(-0.049582165 -0.05947457 -7.5603749e-21)
(-0.04426783 -0.060129776 -1.6396162e-21)
(-0.03851332 -0.059521855 5.4492367e-22)
(-0.032534665 -0.05762373 4.6542504e-20)
(-0.026557187 -0.054462739 -7.2550547e-20)
(-0.02079296 -0.050095119 -7.8216828e-20)
(-0.015439335 -0.044608304 -3.1941716e-20)
(-0.01067507 -0.038119491 -7.3506125e-20)
(-0.0066556518 -0.030770286 1.6440756e-20)
(-0.0035086448 -0.022725305 2.3959621e-20)
(-0.0013372005 -0.014177714 -3.7272706e-20)
(-0.00019829339 -0.0052929595 -4.9811976e-21)
(2.6790197e-05 0.0017375955 -1.2937745e-21)
(8.3920366e-05 0.0019779928 -7.707442e-23)
(0.00015489007 0.0022055779 -4.4229934e-21)
(0.00023839308 0.0024159371 1.4818195e-20)
(0.00033297894 0.0026049349 -1.0446809e-20)
(0.00043671387 0.0027685191 -3.18728e-20)
(0.00054720438 0.0029030661 6.0287031e-21)
(0.00066163884 0.0030054517 2.3839925e-20)
(0.00077698126 0.0030732673 -2.24268e-20)
(0.00088992944 0.0031049192 5.018473e-20)
(0.0009971494 0.0030999275 9.1147025e-22)
(0.001095374 0.0030587827 -3.1057776e-20)
(0.0011817717 0.0029835399 -5.056004e-20)
(0.0012538344 0.0028769477 4.0999821e-20)
(0.0013100701 0.0027436332 -4.3105457e-20)
(0.0013497834 0.0025889384 -6.9284318e-20)
(0.0013735019 0.002419294 4.534573e-20)
(0.0013833001 0.0022422376 -7.2664305e-20)
(0.0013825774 0.0020654628 -9.5992501e-20)
(0.0013766099 0.0018972635 6.2223109e-20)
(0.0013724055 0.0017457909 7.9263271e-20)
(0.0013790691 0.0016191042 7.0951033e-20)
(0.0014079836 0.0015248757 5.8263742e-20)
(0.0014725377 0.0014696206 1.3756296e-20)
(0.0015875543 0.0014578375 2.3402953e-20)
(0.0017664093 0.0014894585 -5.0058393e-21)
(0.002017862 0.0015582625 4.5204574e-20)
(0.0023390604 0.0016486453 -1.2079774e-20)
(0.0027160712 0.0017396276 -9.4866296e-21)
(0.0031211528 0.0018063895 6.533842e-20)
(0.0035152429 0.0018250441 -8.5252833e-20)
(0.0038678049 0.001784538 -2.5647271e-21)
(0.0041500146 0.0016810841 4.2299714e-20)
(0.0043006259 0.0015054139 2.2030559e-20)
(0.0042151401 0.0012481068 -7.0010312e-20)
(0.0037375224 0.00090893675 4.4294611e-21)
(0.0026843658 0.00051521196 1.3037937e-20)
(0.0008219822 0.00012636328 2.4564485e-21)
(-0.0020437493 -0.00014448818 -3.5260311e-21)
(-0.0060979328 -0.00013162208 2.1995203e-21)
(-0.011708978 0.0003914336 -4.1042351e-21)
(-0.018723409 0.0017405876 3.3307793e-20)
(-0.026496299 0.0040764057 -4.6145929e-20)
(-0.034546906 0.0074619366 1.769611e-20)
(-0.042274543 0.011831868 -1.5878534e-20)
(-0.049255334 0.017044762 1.0139367e-19)
(-0.055053488 0.022849416 1.6247539e-20)
(-0.059443363 0.028983141 -1.4177871e-19)
(-0.062281595 0.035160332 1.2016933e-19)
(-0.063550451 0.041114298 2.2808994e-21)
(-0.063275243 0.046576414 -3.616422e-20)
(-0.061621099 0.051363604 3.2772085e-20)
(-0.058668223 0.055225453 -5.1460774e-20)
(-0.054646183 0.058040482 4.0317489e-21)
(-0.04980987 0.059744984 -8.2888736e-21)
(-0.044300097 0.060170708 3.1164397e-21)
(-0.038392826 0.059332552 -6.2695305e-22)
(-0.032300127 0.057204897 -5.0348728e-20)
(-0.026246512 0.053821659 7.6538882e-20)
(-0.020442428 0.04924582 8.1344616e-20)
(-0.01508183 0.043569228 3.2898845e-20)
(-0.010340093 0.036914784 7.515818e-20)
(-0.0063680351 0.029427336 -1.6710791e-20)
(-0.0032883213 0.021276206 4.8052403e-20)
(-0.0011986177 0.012651559 3.7516449e-20)
(-0.00015256198 0.0037419699 4.9948123e-21)
)
;
    }
    frontAndBack
    {
        type            empty;
    }
}


// ************************************************************************* //
