/*--------------------------------*- C++ -*----------------------------------*\
  =========                 |
  \\      /  F ield         | OpenFOAM: The Open Source CFD Toolbox
   \\    /   O peration     | Website:  https://openfoam.org
    \\  /    A nd           | Version:  13
     \\/     M anipulation  |
\*---------------------------------------------------------------------------*/
FoamFile
{
    format      ascii;
    class       volVectorField;
    location    "41.698221";
    object      wallShearStress;
}
// * * * * * * * * * * * * * * * * * * * * * * * * * * * * * * * * * * * * * //

dimensions      [0 2 -2 0 0 0 0];

internalField   uniform (0 0 0);

boundaryField
{
    inlet
    {
        type            calculated;
        value           uniform (0 0 0);
    }
    outlet
    {
        type            calculated;
        value           uniform (0 0 0);
    }
    cylinder
    {
        type            calculated;
        value           nonuniform List<vector> 
132
(
(-1.6325375e-05 0.0014426397 -2.813756e-22)
(-4.5059913e-05 0.0011799573 8.006005e-23)
(-5.9190409e-05 0.00090681692 4.4148263e-21)
(-5.7713896e-05 0.00062595817 -1.4790195e-20)
(-4.0259485e-05 0.00034368497 1.0420802e-20)
(-6.609878e-06 6.3455688e-05 3.177913e-20)
(4.2620489e-05 -0.00020962628 -6.0094085e-21)
(0.00010626357 -0.00047054619 -2.3762703e-20)
(0.00018311328 -0.0007143181 2.2358557e-20)
(0.00027075737 -0.00093629416 -5.0054995e-20)
(0.00036652051 -0.0011323957 -9.0975498e-22)
(0.00046735763 -0.001299203 3.1031414e-20)
(0.00057004397 -0.0014342215 5.0581029e-20)
(0.00067124467 -0.0015360238 -4.1078412e-20)
(0.00076782661 -0.0016045149 4.3261829e-20)
(0.00085703955 -0.0016408598 6.9665241e-20)
(0.0009369319 -0.001647808 -4.5685152e-20)
(0.0010064248 -0.0016292478 7.3356656e-20)
(0.0010659438 -0.0015907026 9.7103243e-20)
(0.0011172845 -0.001538461 -6.3066519e-20)
(0.0011642857 -0.0014799683 -8.0485672e-20)
(0.0012130341 -0.0014233944 2.8364023e-23)
(0.0012716812 -0.0013767761 1.1704623e-20)
(0.0013512286 -0.0013483466 -1.4029304e-20)
(0.0014635883 -0.0013440337 -2.3889756e-20)
(0.0016213776 -0.001367364 5.1131103e-21)
(0.0018340986 -0.001416613 -4.6186304e-20)
(0.0021058231 -0.0014844724 1.2341049e-20)
(0.0024290749 -0.0015559301 9.687767e-21)
(0.0027865631 -0.0016126888 -6.6671486e-20)
(0.0031555945 -0.0016380843 8.6899532e-20)
(0.0035080202 -0.0016181841 2.6261231e-21)
(0.0038115428 -0.0015435466 1.8896909e-20)
(0.0040101646 -0.0014031851 -2.2345288e-20)
(0.0040163897 -0.0011884527 7.0826093e-20)
(0.0036924177 -0.00089669938 -4.4668294e-21)
(0.002864753 -0.00054734954 1.7961075e-20)
(0.0013148575 -0.00019050695 -2.4575294e-21)
(-0.0011606427 7.2535151e-05 3.5123966e-21)
(-0.0047796099 9.937165e-05 -2.1819263e-21)
(-0.009902105 -0.00033393079 4.0569843e-21)
(-0.016460494 -0.0015327455 -1.2455639e-22)
(-0.023899386 -0.0036795607 4.548288e-20)
(-0.031768253 -0.006864575 -1.7458128e-20)
(-0.039468107 -0.011048906 1.5697801e-20)
(-0.046531926 -0.016104785 -1.0055565e-19)
(-0.052526249 -0.021803711 -1.6181406e-20)
(-0.057185999 -0.027885598 1.4189338e-19)
(-0.060334195 -0.034063946 -1.2098665e-19)
(-0.061933174 -0.040070866 -2.3128779e-21)
(-0.061989555 -0.045632801 3.7013375e-20)
(-0.060646167 -0.050553643 -3.3967982e-20)
(-0.057992437 -0.054592082 -6.7580792e-21)
(-0.05423528 -0.057606654 -4.4467294e-21)
(-0.04961474 -0.059513619 -7.7019098e-21)
(-0.044295594 -0.060167469 -1.5262255e-21)
(-0.03853669 -0.059557961 5.3945251e-22)
(-0.032554044 -0.057658049 4.6318046e-20)
(-0.026572978 -0.054495125 -7.2339005e-20)
(-0.020805547 -0.050125461 -7.8065483e-20)
(-0.015449091 -0.044636525 -3.18989e-20)
(-0.01068235 -0.038145547 -7.343693e-20)
(-0.0066607924 -0.030794164 1.6430026e-20)
(-0.003511967 -0.022747015 2.3949325e-20)
(-0.0013389977 -0.014197333 -3.7263457e-20)
(-0.00019882236 -0.0053105493 -4.9807459e-21)
(2.6183559e-05 0.0016935333 -1.2947153e-21)
(8.2066812e-05 0.0019331749 -7.7106897e-23)
(0.00015170294 0.0021597098 -4.4234878e-21)
(0.00023375965 0.0023687568 1.4815285e-20)
(0.00032676574 0.0025562358 -1.0441558e-20)
(0.00042877476 0.0027181715 -3.1847131e-20)
(0.00053740391 0.0028510337 6.0220477e-21)
(0.00064983157 0.0029518095 2.3806666e-20)
(0.0007630616 0.0030182187 -2.2389159e-20)
(0.00087383455 0.0030487836 5.008682e-20)
(0.00097888236 0.0030431611 9.0945659e-22)
(0.0010750097 0.0030019382 -3.0981377e-20)
(0.0011594737 0.0029272637 -5.0423868e-20)
(0.0012298592 0.0028219491 4.0880527e-20)
(0.0012847665 0.0026906457 -4.2971442e-20)
(0.0013236053 0.002538724 -6.9056449e-20)
(0.0013469715 0.0023725495 4.5189225e-20)
(0.0013569909 0.0021995683 -7.2403133e-20)
(0.0013570817 0.0020273398 -9.5635509e-20)
(0.0013525274 0.001864028 6.1985067e-20)
(0.0013502826 0.0017175946 7.8952942e-20)
(0.0013594163 0.0015959678 7.0667978e-20)
(0.0013911743 0.0015066024 5.802786e-20)
(0.0014588816 0.0014559216 1.3699952e-20)
(0.0015771403 0.0014482092 2.3306285e-20)
(0.0017591644 0.0014832922 -4.9850274e-21)
(0.002013705 0.0015550078 4.5015792e-20)
(0.002337479 0.0016475016 -1.2029164e-20)
(0.0027163141 0.001739769 -9.4467808e-21)
(0.0031222707 0.0018070317 6.5063329e-20)
(0.0035168727 0.0018258871 -8.4892648e-20)
(0.0038700304 0.001785561 -2.5538652e-21)
(0.0041529889 0.0016822813 4.2120278e-20)
(0.0043051227 0.0015069733 2.1937106e-20)
(0.0042219963 0.0012501139 -6.9714329e-20)
(0.0037473807 0.000911296 4.4108761e-21)
(0.0026980123 0.00051775243 1.2983954e-20)
(0.00084017462 0.00012878398 2.446483e-21)
(-0.0020204626 -0.00014264891 -3.5121376e-21)
(-0.0060700593 -0.0001309086 2.1911747e-21)
(-0.011676882 0.00039043843 -4.0894122e-21)
(-0.018688183 0.0017373717 3.319434e-20)
(-0.026460215 0.0040709094 -4.5998307e-20)
(-0.034511799 0.0074544023 1.7642773e-20)
(-0.042241335 0.011822611 -1.5833148e-20)
(-0.049225645 0.017034524 1.0111637e-19)
(-0.055027663 0.022838739 1.6204223e-20)
(-0.059421271 0.028972406 -1.4140407e-19)
(-0.062263235 0.035149998 1.1984617e-19)
(-0.063535272 0.041104504 2.2744796e-21)
(-0.06326287 0.046567327 -3.6053271e-20)
(-0.061611075 0.051355266 3.265675e-20)
(-0.058660054 0.055217775 -5.1233625e-20)
(-0.054639443 0.058033333 4.0057197e-21)
(-0.049804327 0.059738342 -8.162726e-21)
(-0.044295376 0.060164299 3.1913155e-21)
(-0.038388716 0.059326199 -6.3066506e-22)
(-0.032296448 0.057198375 -5.0505409e-20)
(-0.026243145 0.053814739 7.6690999e-20)
(-0.020439307 0.049238275 8.1456825e-20)
(-0.015078937 0.043560832 3.2931571e-20)
(-0.01033746 0.036905319 7.5212632e-20)
(-0.0063657379 0.029416601 -1.6719444e-20)
(-0.0032864684 0.021264009 4.8069099e-20)
(-0.0011973654 0.012637713 3.7523832e-20)
(-0.0001521105 0.0037263398 4.995084e-21)
)
;
    }
    frontAndBack
    {
        type            empty;
    }
}


// ************************************************************************* //
