/*--------------------------------*- C++ -*----------------------------------*\
  =========                 |
  \\      /  F ield         | OpenFOAM: The Open Source CFD Toolbox
   \\    /   O peration     | Website:  https://openfoam.org
    \\  /    A nd           | Version:  13
     \\/     M anipulation  |
\*---------------------------------------------------------------------------*/
FoamFile
{
    format      ascii;
    class       volVectorField;
    location    "10.697131";
    object      wallShearStress;
}
// * * * * * * * * * * * * * * * * * * * * * * * * * * * * * * * * * * * * * //

dimensions      [0 2 -2 0 0 0 0];

internalField   uniform (0 0 0);

boundaryField
{
    inlet
    {
        type            calculated;
        value           uniform (0 0 0);
    }
    outlet
    {
        type            calculated;
        value           uniform (0 0 0);
    }
    cylinder
    {
        type            calculated;
        value           nonuniform List<vector> 
132
(
(9.425849e-05 -0.0018301589 -8.3432314e-23)
(0.00038796894 -0.0077876819 2.437934e-23)
(0.0010060829 -0.013617694 1.4435581e-21)
(0.0019297549 -0.019126273 -5.3226075e-21)
(0.0031183627 -0.024118932 4.2030861e-21)
(0.0045089761 -0.028405899 1.4478442e-20)
(0.0060170828 -0.031819268 -3.0911297e-21)
(0.0075435603 -0.034219149 -1.3704468e-20)
(0.0089774922 -0.035504578 1.4298776e-20)
(0.010203281 -0.035625657 -3.5008944e-20)
(0.011110209 -0.034590061 -6.8491686e-22)
(0.011603881 -0.032471168 2.4782944e-20)
(0.011617803 -0.029409552 4.2149473e-20)
(0.011127611 -0.025616756 -3.5174282e-20)
(0.010157116 -0.021356066 3.7533987e-20)
(0.0087863382 -0.016931052 6.0490835e-20)
(0.0071408211 -0.012645761 -3.9309662e-20)
(0.005374745 -0.0087679762 6.2099795e-20)
(0.0036503823 -0.0054968214 8.0534355e-20)
(0.0021067895 -0.0029368269 -5.1165223e-20)
(0.00083316527 -0.0010865342 -6.3927521e-20)
(-0.00012445225 0.00012895799 2.2083307e-23)
(-0.00080659139 0.00086336702 8.9719607e-21)
(-0.0012624128 0.001254869 -1.0605157e-20)
(-0.0015616899 0.0014333981 -1.7848092e-20)
(-0.0016327262 0.0013805411 3.7760367e-21)
(-0.0014110408 0.0010995402 -3.3721461e-20)
(-0.00047327232 0.00034898993 8.9021504e-21)
(0.00098823793 -0.00061833825 6.9540115e-21)
(0.0024175071 -0.0013893474 -4.7836836e-20)
(0.003459093 -0.0017921644 6.264226e-20)
(0.0039228636 -0.0018100342 1.901096e-21)
(0.0041030679 -0.0016627601 1.3716969e-20)
(0.0042289534 -0.001479622 -1.6231728e-20)
(0.0043737753 -0.0012924693 5.1491091e-20)
(0.0043622864 -0.0010559115 -3.2525545e-21)
(0.003993459 -0.00075623468 1.3118679e-20)
(0.0030410356 -0.00041892897 -1.8036766e-21)
(0.0012803296 -0.00011858812 2.5970124e-21)
(-0.0015427 1.9572486e-05 -1.6298711e-21)
(-0.0058308884 -0.00019825298 3.0728779e-21)
(-0.011671099 -0.0010940432 -9.609464e-23)
(-0.018660132 -0.0028799818 3.5789195e-20)
(-0.026359984 -0.005702828 -1.4015904e-20)
(-0.034169755 -0.0095722557 1.2846778e-20)
(-0.04160345 -0.014404436 -8.3725684e-20)
(-0.048111446 -0.01997728 -1.3666689e-20)
(-0.053359555 -0.026026044 1.2120041e-19)
(-0.057122184 -0.032256165 -1.0410021e-19)
(-0.059302618 -0.038373945 -1.9962389e-21)
(-0.059895526 -0.04409575 3.1853558e-20)
(-0.059017169 -0.049199624 -2.8892028e-20)
(-0.056766845 -0.053441786 -5.5836109e-21)
(-0.053340139 -0.056658798 -3.4058064e-21)
(-0.048983188 -0.058758681 -4.1781731e-21)
(-0.043877475 -0.059601873 -4.362026e-21)
(-0.038279652 -0.059162817 6.7952792e-22)
(-0.03241687 -0.057417055 5.233842e-20)
(-0.026520706 -0.054389822 -7.8442116e-20)
(-0.020809665 -0.050137323 -8.290813e-20)
(-0.015487093 -0.044748485 -3.3474761e-20)
(-0.010736507 -0.03834164 -7.650129e-20)
(-0.0067177063 -0.031061225 1.7036973e-20)
(-0.0035613833 -0.02307372 2.4764284e-20)
(-0.001373296 -0.014577639 -3.8472696e-20)
(-0.00021111721 -0.005733815 -5.1398759e-21)
(0.00012507688 0.0041254982 -3.8739639e-22)
(0.00047798715 0.010008902 -2.4215552e-23)
(0.0011471765 0.015688687 -1.5034151e-21)
(0.0021076098 0.020974156 5.5877191e-21)
(0.0033128051 0.025676297 -4.4292017e-21)
(0.0046950006 0.029615262 -1.525465e-20)
(0.0061658941 0.032637104 3.2472567e-21)
(0.0076261921 0.034618389 1.4327392e-20)
(0.0089656826 0.035477878 -1.486142e-20)
(0.010072617 0.035186278 3.6156459e-20)
(0.010843428 0.033773922 7.0290059e-22)
(0.011193586 0.031335534 -2.5271706e-20)
(0.011070052 0.028033783 -4.2728732e-20)
(0.010462282 0.024094439 3.5470408e-20)
(0.0094096537 0.019792318 -3.7679171e-20)
(0.0080032365 0.015427703 -6.0509511e-20)
(0.0063724967 0.011289923 3.9222715e-20)
(0.0046723018 0.0076260997 -6.1873361e-20)
(0.0030538155 0.0046024528 -8.0203985e-20)
(0.0016368732 0.0022861239 5.0972779e-20)
(0.00049747225 0.00065653578 6.3735776e-20)
(-0.00034691988 -0.00039238016 5.611929e-20)
(-0.0009349025 -0.0010038893 4.544836e-20)
(-0.0013306945 -0.0013240493 1.0605558e-20)
(-0.0015712301 -0.0014432838 1.7853527e-20)
(-0.0015524616 -0.001314848 -3.776948e-21)
(-0.001114688 -0.00087265344 3.3734575e-20)
(-2.7403568e-05 -3.4869078e-05 -8.9280012e-21)
(0.0014437261 0.00091128585 -6.9853634e-21)
(0.0027648754 0.0015925493 4.8170274e-20)
(0.0035989836 0.0018665117 -6.3103681e-20)
(0.0039479361 0.0018223405 -1.9042548e-21)
(0.0040890697 0.0016571595 3.1436449e-20)
(0.0042272032 0.001479044 1.6363979e-20)
(0.0043441079 0.001284089 -5.1972434e-20)
(0.004248809 0.0010292876 3.2885158e-21)
(0.0037342994 0.00070862614 9.6904912e-21)
(0.0025789056 0.00035814344 1.8305947e-21)
(0.00055757972 6.2017341e-05 -2.640559e-21)
(-0.0025878107 -4.4650109e-05 1.6594779e-21)
(-0.0072333167 0.00024578293 -3.1306341e-21)
(-0.013408608 0.0012536003 2.578939e-20)
(-0.020641884 0.0031827841 -3.6327758e-20)
(-0.028469066 0.0061561863 1.4170469e-20)
(-0.036288258 0.010162826 -1.2921556e-20)
(-0.043590183 0.015089926 8.3686058e-20)
(-0.049877871 0.020708301 1.3565878e-20)
(-0.054847477 0.026748679 -1.1933703e-19)
(-0.058290937 0.032913183 1.0156005e-19)
(-0.06015191 0.038920652 1.925614e-21)
(-0.060425572 0.044483206 -3.0271901e-20)
(-0.059264065 0.04940275 2.6873426e-20)
(-0.056745374 0.053418722 -4.026893e-20)
(-0.053092748 0.056393291 2.7830242e-21)
(-0.048564347 0.05825332 -2.3683889e-21)
(-0.043313945 0.058833153 6.5926379e-21)
(-0.037618635 0.05813759 -7.9961076e-22)
(-0.031698111 0.056139787 -5.7766675e-20)
(-0.025783183 0.05287221 8.4013012e-20)
(-0.020090039 0.048397097 8.7204475e-20)
(-0.014818171 0.042807118 3.4772062e-20)
(-0.010147566 0.03622609 7.8717136e-20)
(-0.0062330917 0.028800736 -1.7396319e-20)
(-0.003200607 0.020702535 4.9820423e-20)
(-0.0011502552 0.012122977 3.879406e-20)
(-0.00013816623 0.0032601299 5.1570203e-21)
)
;
    }
    frontAndBack
    {
        type            empty;
    }
}


// ************************************************************************* //
