/*--------------------------------*- C++ -*----------------------------------*\
  =========                 |
  \\      /  F ield         | OpenFOAM: The Open Source CFD Toolbox
   \\    /   O peration     | Website:  https://openfoam.org
    \\  /    A nd           | Version:  13
     \\/     M anipulation  |
\*---------------------------------------------------------------------------*/
FoamFile
{
    format      ascii;
    class       volVectorField;
    location    "41.803658";
    object      wallShearStress;
}
// * * * * * * * * * * * * * * * * * * * * * * * * * * * * * * * * * * * * * //

dimensions      [0 2 -2 0 0 0 0];

internalField   uniform (0 0 0);

boundaryField
{
    inlet
    {
        type            calculated;
        value           uniform (0 0 0);
    }
    outlet
    {
        type            calculated;
        value           uniform (0 0 0);
    }
    cylinder
    {
        type            calculated;
        value           nonuniform List<vector> 
132
(
(-2.3462029e-05 0.001995347 -2.9223741e-22)
(-6.5972155e-05 0.0016998921 8.3191436e-23)
(-9.2015342e-05 0.0013888724 4.5898141e-21)
(-0.00010024098 0.0010664439 -1.5384389e-20)
(-8.9700104e-05 0.00073720245 1.0845265e-20)
(-6.0103305e-05 0.00040729229 3.3092033e-20)
(-1.1568565e-05 8.2060477e-05 -6.2612802e-21)
(5.4792228e-05 -0.00023263636 -2.4773358e-20)
(0.000137378 -0.00053086287 2.3324249e-20)
(0.00023427857 -0.00080688421 -5.2250723e-20)
(0.00034239549 -0.0010555392 -9.5028554e-22)
(0.00045836719 -0.0012725131 3.243651e-20)
(0.0005786106 -0.0014544798 5.290814e-20)
(0.00069937132 -0.0015993614 -4.2998476e-20)
(0.00081710244 -0.0017066451 4.5315559e-20)
(0.00092867709 -0.0017772995 7.3022479e-20)
(0.0010319395 -0.0018142679 -4.7918632e-20)
(0.001125722 -0.0018217881 7.6992021e-20)
(0.0012108353 -0.0018063635 1.0197659e-19)
(0.0012895304 -0.0017750824 -6.6269012e-20)
(0.0013669898 -0.0017370671 -8.4616394e-20)
(0.001450682 -0.001701686 2.983428e-23)
(0.0015501556 -0.0016777159 1.2317043e-20)
(0.0016774571 -0.0016734036 -1.4770311e-20)
(0.0018442578 -0.0016932731 -2.5163913e-20)
(0.002060568 -0.0017376338 5.3888521e-21)
(0.0023307266 -0.0018003383 -4.8708658e-20)
(0.0026535415 -0.0018709707 1.3025032e-20)
(0.0030140198 -0.001931234 1.0234139e-20)
(0.0033848597 -0.0019597294 -7.050925e-20)
(0.0037436162 -0.0019442029 9.2016938e-20)
(0.0040570182 -0.0018724463 2.7849608e-21)
(0.0042732274 -0.0017317923 2.0074903e-20)
(0.0043140217 -0.0015112009 -2.3785981e-20)
(0.0040651231 -0.0012052259 7.555751e-20)
(0.0033667493 -0.00082110535 -4.7753887e-21)
(0.0020395553 -0.00039588799 1.9236098e-20)
(-0.00013892031 5.7844055e-07 -2.6348467e-21)
(-0.0033610459 0.00024967817 3.7651456e-21)
(-0.0077575009 0.00017474017 -2.3356366e-21)
(-0.013708468 -0.00045396583 4.3286331e-21)
(-0.021089272 -0.0019575149 -1.3223674e-22)
(-0.029221519 -0.004493163 4.7991639e-20)
(-0.037650717 -0.0081304784 -1.8304843e-20)
(-0.045799133 -0.0128172 1.6361374e-20)
(-0.05320542 -0.018410763 -1.0423078e-19)
(-0.059431999 -0.024666472 -1.6695815e-20)
(-0.064226788 -0.031315712 1.4584569e-19)
(-0.067403666 -0.038052689 -1.2398997e-19)
(-0.068928545 -0.044594793 -2.3651236e-21)
(-0.068801638 -0.050645764 3.7795438e-20)
(-0.067176343 -0.055995741 -3.4668371e-20)
(-0.064134364 -0.060372812 -6.9016639e-21)
(-0.059913806 -0.063637444 -4.5593754e-21)
(-0.054768007 -0.065694457 -8.0167794e-21)
(-0.048860175 -0.06636717 -1.3271451e-21)
(-0.04248415 -0.065658412 5.3260966e-22)
(-0.035870231 -0.063531317 4.6156108e-20)
(-0.029265963 -0.06001774 -7.2311002e-20)
(-0.02290301 -0.055178742 -7.814861e-20)
(-0.016997361 -0.049109949 -3.1957679e-20)
(-0.011745029 -0.041940337 -7.3605375e-20)
(-0.0073164322 -0.033825302 1.6472113e-20)
(-0.0038512318 -0.024945995 2.401447e-20)
(-0.001463351 -0.015514764 -3.7368452e-20)
(-0.00021481836 -0.0057147237 -4.9950103e-21)
(3.4394586e-05 0.0022738854 -1.3440421e-21)
(0.0001070536 0.0025362309 -8.0005764e-23)
(0.00019471828 0.0027800748 -4.5874837e-21)
(0.00029558511 0.0030005251 1.5356676e-20)
(0.00040768682 0.0031930957 -1.0817425e-20)
(0.00052854464 0.0033535958 -3.2975647e-20)
(0.000655221 0.0034784285 6.2319557e-21)
(0.00078436235 0.0035647874 2.4622303e-20)
(0.00091246734 0.0036107077 -2.3142554e-20)
(0.0010358942 0.0036154558 5.1740928e-20)
(0.001151014 0.0035793103 9.389265e-22)
(0.0012545789 0.0035042127 -3.1965117e-20)
(0.0013437021 0.0033930429 -5.1993162e-20)
(0.0014164246 0.0032505383 4.212707e-20)
(0.0014716473 0.0030823997 -4.4255972e-20)
(0.0015095074 0.0028955274 -7.10805e-20)
(0.0015317416 0.002698109 4.6489523e-20)
(0.0015415498 0.0024986955 -7.4450576e-20)
(0.0015441319 0.0023066104 -9.829842e-20)
(0.0015466587 0.0021312721 6.3687932e-20)
(0.0015585431 0.0019820616 8.1099067e-20)
(0.0015918268 0.0018682429 7.2574737e-20)
(0.0016605417 0.0017976511 5.9588962e-20)
(0.0017805481 0.0017762523 1.4069394e-20)
(0.0019664552 0.0018051257 2.3940774e-20)
(0.0022274589 0.001877813 -5.123145e-21)
(0.0025653242 0.0019809566 4.6296283e-20)
(0.0029661065 0.0020909004 -1.2383238e-20)
(0.0034004873 0.0021786402 -9.7368574e-21)
(0.0038277826 0.0022162395 6.7159021e-20)
(0.004209133 0.0021862963 -8.7772643e-20)
(0.0045131668 0.0020834388 -2.6455852e-21)
(0.0046928929 0.0019024325 4.373431e-20)
(0.004658238 0.0016325004 2.2839143e-20)
(0.0042824802 0.0012706528 -7.2792682e-20)
(0.0033924819 0.00082893948 4.61931e-21)
(0.0017990053 0.00035267481 1.3633681e-20)
(-0.00072526265 -7.7069527e-05 2.5740243e-21)
(-0.0043762279 -0.00032937328 -3.6978253e-21)
(-0.0092309608 -0.00021224208 2.3058406e-21)
(-0.015672891 0.00051621356 -4.2938146e-21)
(-0.023508406 0.0021795183 3.4717511e-20)
(-0.031971227 0.0049132958 -4.7879597e-20)
(-0.040606123 0.0087659273 1.8274027e-20)
(-0.048812136 0.013657795 -1.6322045e-20)
(-0.056138577 0.019423104 1.0378017e-19)
(-0.06218249 0.025804786 1.6573562e-20)
(-0.066718604 0.032527494 -1.4419002e-19)
(-0.069584852 0.03928101 1.2193945e-19)
(-0.070780409 0.045789931 2.31034e-21)
(-0.070307794 0.0517516 -3.6579482e-20)
(-0.068364853 0.056983696 3.3125121e-20)
(-0.065001575 0.061186243 -5.196632e-20)
(-0.060494471 0.064251572 4.0777662e-21)
(-0.055118762 0.066112441 -8.4180558e-21)
(-0.048995905 0.0665486 3.084117e-21)
(-0.042452909 0.065607041 -6.2781682e-22)
(-0.03570981 0.063243762 -5.0489608e-20)
(-0.029015978 0.059501162 7.6785997e-20)
(-0.022601032 0.054446505 8.1618691e-20)
(-0.016677772 0.048180587 3.3010296e-20)
(-0.011438784 0.040838534 7.5410177e-20)
(-0.0070496848 0.032579403 -1.6765618e-20)
(-0.0036450078 0.023589356 4.8205439e-20)
(-0.0013329314 0.014078235 3.7631832e-20)
(-0.00017165641 0.0042508223 5.0094764e-21)
)
;
    }
    frontAndBack
    {
        type            empty;
    }
}


// ************************************************************************* //
