/*--------------------------------*- C++ -*----------------------------------*\
  =========                 |
  \\      /  F ield         | OpenFOAM: The Open Source CFD Toolbox
   \\    /   O peration     | Website:  https://openfoam.org
    \\  /    A nd           | Version:  13
     \\/     M anipulation  |
\*---------------------------------------------------------------------------*/
FoamFile
{
    format      ascii;
    class       volVectorField;
    location    "36.102025";
    object      wallShearStress;
}
// * * * * * * * * * * * * * * * * * * * * * * * * * * * * * * * * * * * * * //

dimensions      [0 2 -2 0 0 0 0];

internalField   uniform (0 0 0);

boundaryField
{
    inlet
    {
        type            calculated;
        value           uniform (0 0 0);
    }
    outlet
    {
        type            calculated;
        value           uniform (0 0 0);
    }
    cylinder
    {
        type            calculated;
        value           nonuniform List<vector> 
132
(
(-1.6762598e-05 0.0015118027 -2.7292223e-22)
(-4.5776385e-05 0.0012095894 7.7647521e-23)
(-5.801523e-05 0.00089687225 4.2816206e-21)
(-5.247231e-05 0.00057722987 -1.4343462e-20)
(-2.8762324e-05 0.00025700941 1.0105924e-20)
(1.3040212e-05 -5.9014417e-05 3.081929e-20)
(7.2036774e-05 -0.00036552895 -5.8281694e-21)
(0.0001474884 -0.00065667712 -2.3047081e-20)
(0.00023713701 -0.0009270784 2.1686823e-20)
(0.00033845601 -0.0011717212 -4.8555555e-20)
(0.00044838667 -0.0013862277 -8.8259267e-22)
(0.00056349661 -0.0015670964 3.0108538e-20)
(0.00068020831 -0.001711851 4.9082963e-20)
(0.0007949289 -0.0018193783 -3.9867067e-20)
(0.00090429214 -0.001889905 4.1991888e-20)
(0.0010055924 -0.0019254065 6.7629555e-20)
(0.0010968864 -0.0019291789 -4.4356485e-20)
(0.0011776757 -0.0019064565 7.1232999e-20)
(0.0012488203 -0.0018635203 9.4305781e-20)
(0.0013132658 -0.0018081583 -6.1258235e-20)
(0.0013763455 -0.0017492965 -7.8189907e-20)
(0.0014455968 -0.0016959973 2.7560663e-23)
(0.0015314323 -0.0016576682 1.1374897e-20)
(0.0016457508 -0.0016419217 -1.3637528e-20)
(0.0018016156 -0.0016541915 -2.3230261e-20)
(0.0020100887 -0.0016950522 4.974224e-21)
(0.0022772181 -0.0017589384 -4.4958643e-20)
(0.0025988602 -0.0018323247 1.2022497e-20)
(0.0029610553 -0.0018971627 9.4470481e-21)
(0.0033413081 -0.0019343747 -6.5094777e-20)
(0.0037077459 -0.00192548 8.4969492e-20)
(0.0040269863 -0.0018584788 2.5723313e-21)
(0.0042582976 -0.0017255637 1.8548333e-20)
(0.0043270082 -0.0015154651 -2.1986982e-20)
(0.0041242294 -0.00122227 6.9883357e-20)
(0.0034974959 -0.00085211477 -4.4202366e-21)
(0.002271027 -0.00043868598 1.7823972e-20)
(0.00022519985 -4.7175311e-05 -2.4447029e-21)
(-0.0028244681 0.00020590242 3.4996039e-21)
(-0.0070345408 0.00015562141 -2.1753202e-21)
(-0.012777229 -0.00042459272 4.0417114e-21)
(-0.019946943 -0.0018527216 -1.2383868e-22)
(-0.027910358 -0.0042927997 4.5077856e-20)
(-0.036209235 -0.0078203703 -1.7242063e-20)
(-0.044265798 -0.012389106 1.5451667e-20)
(-0.051645526 -0.017872026 -9.8665702e-20)
(-0.057886173 -0.024026146 -1.5829437e-20)
(-0.062726389 -0.030585358 1.3843195e-19)
(-0.065980983 -0.037250618 -1.1770335e-19)
(-0.067597991 -0.04373498 -2.2433165e-21)
(-0.067580779 -0.04974799 3.5760426e-20)
(-0.066068459 -0.055073066 -3.2636376e-20)
(-0.063148666 -0.059445686 -6.4317163e-21)
(-0.059049872 -0.06272045 -4.1497883e-21)
(-0.05402015 -0.064797965 -6.6837115e-21)
(-0.048228282 -0.065509372 -2.331284e-21)
(-0.041961142 -0.064850553 5.7755991e-22)
(-0.035449157 -0.062785926 4.7836415e-20)
(-0.028938119 -0.059345757 -7.3720999e-20)
(-0.022658518 -0.05459003 -7.901607e-20)
(-0.016825372 -0.048613363 -3.2157174e-20)
(-0.011633742 -0.041543352 -7.3840577e-20)
(-0.0072533529 -0.033534295 1.6491924e-20)
(-0.003823225 -0.024765774 2.4011784e-20)
(-0.0014568595 -0.015449285 -3.7332975e-20)
(-0.00021580911 -0.0057645385 -4.9879302e-21)
(2.8156142e-05 0.0018018384 -1.2559418e-21)
(8.8551388e-05 0.0020803786 -7.4807196e-23)
(0.00016494552 0.0023452369 -4.2921626e-21)
(0.00025591746 0.0025913572 1.4377843e-20)
(0.00035988113 0.0028139341 -1.0135162e-20)
(0.00047469399 0.0030082646 -3.0919043e-20)
(0.00059770161 0.0031701149 5.8478714e-21)
(0.00072571407 0.0032958066 2.3123649e-20)
(0.00085530404 0.0033825174 -2.1752289e-20)
(0.00098274019 0.0034282982 4.8674688e-20)
(0.0011042562 0.003432551 8.8404467e-22)
(0.001216144 0.0033957409 -3.0123706e-20)
(0.0013151951 0.003320142 -4.9040594e-20)
(0.001398645 0.0032090047 3.9768965e-20)
(0.001464801 0.0030674848 -4.1812953e-20)
(0.0015129884 0.002901783 -6.7209809e-20)
(0.0015439467 0.0027193219 4.3990026e-20)
(0.0015603421 0.0025289996 -7.0495398e-20)
(0.0015663687 0.0023397917 -9.3132399e-20)
(0.0015687361 0.0021617716 6.0372885e-20)
(0.0015760791 0.0020045423 7.6912324e-20)
(0.0016000803 0.001878194 6.8853526e-20)
(0.001654365 0.0017912849 5.6549749e-20)
(0.0017550035 0.0017511066 1.3354539e-20)
(0.0019171118 0.0017601364 2.2727181e-20)
(0.0021518026 0.0018142701 -4.8636933e-21)
(0.0024622789 0.0019015158 4.3951564e-20)
(0.0028406668 0.0020024828 -1.175549e-20)
(0.0032601516 0.0020886608 -9.2429e-21)
(0.0036787515 0.0021298328 6.374886e-20)
(0.0040599171 0.0021086485 -8.3313495e-20)
(0.0043688191 0.0020166573 -2.5112113e-21)
(0.004561339 0.0018489157 4.1512388e-20)
(0.0045557108 0.0015963012 2.1678252e-20)
(0.0042301436 0.0012547121 -6.909064e-20)
(0.0034191556 0.00083472501 4.3843582e-21)
(0.0019381262 0.00037799452 1.2940945e-20)
(-0.00043627364 -3.9206104e-05 2.4436083e-21)
(-0.0038969076 -0.00029165171 -3.5116719e-21)
(-0.0085417715 -0.000194617 2.1909357e-21)
(-0.014744902 0.00048678374 -4.0831979e-21)
(-0.022343637 0.0020725522 3.3053156e-20)
(-0.030604844 0.0047043567 -4.5643349e-20)
(-0.039077618 0.0084370383 1.7444476e-20)
(-0.047183641 0.013203139 -1.5601576e-20)
(-0.054459337 0.018843068 9.930546e-20)
(-0.060499103 0.025107378 1.5871743e-20)
(-0.065071553 0.031725605 -1.381267e-19)
(-0.068003469 0.038389334 1.1677926e-19)
(-0.06928838 0.044825626 2.2099729e-21)
(-0.068922698 0.050732905 -3.4903261e-20)
(-0.067095115 0.055926076 3.1453169e-20)
(-0.063858899 0.060111303 -4.8868131e-20)
(-0.059479335 0.063173901 3.7444529e-21)
(-0.054227151 0.065043432 -6.9369987e-21)
(-0.048230728 0.065509649 3.878759e-21)
(-0.041807427 0.064609746 -6.6265102e-22)
(-0.035178169 0.06230233 -5.1752255e-20)
(-0.028589962 0.058627559 7.7798908e-20)
(-0.022271168 0.053651698 8.2198965e-20)
(-0.016433421 0.04747432 3.3127586e-20)
(-0.011268269 0.040229103 7.5510899e-20)
(-0.0069405264 0.032073754 -1.6764372e-20)
(-0.0035840899 0.023192931 4.815977e-20)
(-0.0013066005 0.013794515 3.7578313e-20)
(-0.00016625608 0.0040839373 5.0016224e-21)
)
;
    }
    frontAndBack
    {
        type            empty;
    }
}


// ************************************************************************* //
