/*--------------------------------*- C++ -*----------------------------------*\
  =========                 |
  \\      /  F ield         | OpenFOAM: The Open Source CFD Toolbox
   \\    /   O peration     | Website:  https://openfoam.org
    \\  /    A nd           | Version:  13
     \\/     M anipulation  |
\*---------------------------------------------------------------------------*/
FoamFile
{
    format      ascii;
    class       volVectorField;
    location    "15.003893";
    object      wallShearStress;
}
// * * * * * * * * * * * * * * * * * * * * * * * * * * * * * * * * * * * * * //

dimensions      [0 2 -2 0 0 0 0];

internalField   uniform (0 0 0);

boundaryField
{
    inlet
    {
        type            calculated;
        value           uniform (0 0 0);
    }
    outlet
    {
        type            calculated;
        value           uniform (0 0 0);
    }
    cylinder
    {
        type            calculated;
        value           nonuniform List<vector> 
132
(
(3.228234e-05 0.0015430434 -1.1222186e-22)
(0.00017456037 -0.0029635554 3.2022245e-23)
(0.00056311477 -0.0074286462 1.8121582e-21)
(0.0011911288 -0.011708885 -6.3154086e-21)
(0.0020315341 -0.015656319 4.6907979e-21)
(0.0030420098 -0.019127616 1.5220985e-20)
(0.0041653995 -0.021995671 -3.0779027e-21)
(0.0053303187 -0.024154193 -1.3027588e-20)
(0.0064591396 -0.02552353 1.3087241e-20)
(0.0074693228 -0.026060599 -3.1111363e-20)
(0.0082801112 -0.025760851 -5.9565906e-22)
(0.0088199733 -0.024663334 2.1235078e-20)
(0.0090338038 -0.022850914 3.580795e-20)
(0.0088920037 -0.0204528 -2.97863e-20)
(0.0083957994 -0.017635573 3.1821755e-20)
(0.0075811448 -0.014592925 5.1522593e-20)
(0.006516079 -0.011525239 -3.3713489e-20)
(0.0052924202 -0.0086202024 5.36884e-20)
(0.0040140715 -0.0060313345 7.0186756e-20)
(0.0027808981 -0.0038602193 -4.4908924e-20)
(0.0016733105 -0.0021498478 -5.6418086e-20)
(0.00074499052 -0.00089044532 1.9616446e-23)
(1.0036871e-05 -2.3004094e-05 7.9658845e-21)
(-0.00051983039 0.00051197858 -9.4244226e-21)
(-0.0008507238 0.00077959983 -1.5858529e-20)
(-0.00087707911 0.00074270603 3.3565087e-21)
(-0.00061735751 0.00048445387 -3.0018647e-20)
(0.00014704935 -9.2504597e-05 7.951517e-21)
(0.0012668834 -0.00080074678 6.2189776e-21)
(0.0024325359 -0.0014000279 -4.2819963e-20)
(0.0033798432 -0.0017508927 5.6054608e-20)
(0.0039451987 -0.0018194302 1.7028103e-21)
(0.0042200883 -0.001709804 1.2312294e-20)
(0.0043374521 -0.0015181382 -1.4614375e-20)
(0.0043593634 -0.001289384 4.6506808e-20)
(0.0041644574 -0.0010095985 -2.9474467e-21)
(0.0035684057 -0.0006779349 1.1925854e-20)
(0.0023569328 -0.00032852073 -1.6444239e-21)
(0.00032047437 -4.2596043e-05 2.3726241e-21)
(-0.0027827681 4.9988835e-05 -1.4903808e-21)
(-0.007301881 -0.00024807472 2.8088458e-21)
(-0.01331608 -0.0012444463 -8.7667298e-23)
(-0.020416692 -0.003147963 3.2545743e-20)
(-0.028193635 -0.0060970001 -1.270264e-20)
(-0.036085822 -0.010107074 1.1603634e-20)
(-0.043628511 -0.015104397 -7.5373836e-20)
(-0.050284714 -0.020878725 -1.2261976e-20)
(-0.055709766 -0.027172004 1.0832186e-19)
(-0.059653575 -0.033685716 -9.2568845e-20)
(-0.061994939 -0.04011656 -1.7622207e-21)
(-0.062704921 -0.046164743 2.7796673e-20)
(-0.061880452 -0.051587392 -2.4719351e-20)
(-0.059611341 -0.056120584 -4.594013e-21)
(-0.056100017 -0.059591343 -2.5298841e-21)
(-0.051586224 -0.061882062 -1.2816682e-21)
(-0.046259146 -0.062837864 -6.5624199e-21)
(-0.040394431 -0.062431999 7.7851462e-22)
(-0.034229873 -0.06062882 5.6031472e-20)
(-0.028014514 -0.057453764 -8.1507616e-20)
(-0.021982727 -0.052963737 -8.4744328e-20)
(-0.016353739 -0.047252331 -3.3871582e-20)
(-0.011325923 -0.040445678 -7.6894982e-20)
(-0.0070721461 -0.032698091 1.7047199e-20)
(-0.0037338659 -0.02418899 2.4701423e-20)
(-0.0014264386 -0.015130525 -3.8293728e-20)
(-0.00021276319 -0.0057024944 -5.1090599e-21)
(0.00013400802 0.0059977542 -5.226806e-22)
(0.00047395552 0.010346714 -3.2062102e-23)
(0.0010470223 0.014492963 -1.9203665e-21)
(0.0018292519 0.018297138 6.8005867e-21)
(0.0027823706 0.021622552 -5.1089834e-21)
(0.0038540117 0.024348899 -1.6677811e-20)
(0.0049780577 0.026374365 3.3770309e-21)
(0.0060815219 0.027622442 1.4254383e-20)
(0.0070862643 0.028050484 -1.4237286e-20)
(0.0079145026 0.027652187 3.3578479e-20)
(0.0084956828 0.026462368 6.3709334e-22)
(0.0087733408 0.024558116 -2.2481029e-20)
(0.008713449 0.022061303 -3.7525424e-20)
(0.0083099935 0.019131204 3.0909684e-20)
(0.0075893483 0.015955598 -3.272364e-20)
(0.006608966 0.012731981 -5.256452e-20)
(0.0054512772 0.0096498541 3.4171116e-20)
(0.004213462 0.0068694532 -5.4150088e-20)
(0.0029923555 0.0045018802 -7.0551268e-20)
(0.0018722076 0.0026045868 4.505434e-20)
(0.00091072393 0.0011767796 5.6553619e-20)
(0.00013418788 0.00017209301 4.9934031e-20)
(-0.00044998921 -0.00047836585 4.0495461e-20)
(-0.0008452926 -0.00083951143 9.4534771e-21)
(-0.0010306724 -0.00094733878 1.5913773e-20)
(-0.00090998929 -0.00077355604 -3.3680409e-21)
(-0.00036326353 -0.00029107689 3.0136844e-20)
(0.00060765842 0.00041617662 -8.0028612e-21)
(0.0018201336 0.0011556094 -6.2744621e-21)
(0.0029374802 0.0016940377 4.3325257e-20)
(0.0037250732 0.001931971 -5.6804379e-20)
(0.0041465273 0.001913522 -1.7172358e-21)
(0.0043384338 0.0017582431 2.8429837e-20)
(0.0044294642 0.0015506178 1.4850872e-20)
(0.0044043803 0.0013032377 -4.7346622e-20)
(0.004105002 0.00099618839 3.0076231e-21)
(0.003339959 0.00063631271 8.8977432e-21)
(0.0018899341 0.00026733233 1.6869092e-21)
(-0.00044865713 -1.6395051e-05 -2.4402163e-21)
(-0.0039117111 -7.7421816e-05 1.536092e-21)
(-0.008839569 0.00030027925 -2.8989979e-21)
(-0.01525996 0.0014231215 2.3851744e-20)
(-0.022680383 0.0034940895 -3.3530294e-20)
(-0.030667879 0.0066292237 1.3049099e-20)
(-0.038656825 0.010824274 -1.1871437e-20)
(-0.046140036 0.015971341 7.6709843e-20)
(-0.052635411 0.021852316 1.2408822e-20)
(-0.057824522 0.028200223 -1.0887539e-19)
(-0.061470194 0.03470843 9.2346133e-20)
(-0.063497806 0.041086041 1.7419071e-21)
(-0.063877142 0.047024849 -2.7152015e-20)
(-0.062747038 0.052307017 2.3737175e-20)
(-0.060177081 0.056650276 -3.4442241e-20)
(-0.056399739 0.059906975 2.163794e-21)
(-0.051671637 0.061981681 3.4537676e-22)
(-0.046155273 0.062693715 8.0060589e-21)
(-0.040146085 0.062044887 -8.5886172e-22)
(-0.033876723 0.059999617 -5.9757419e-20)
(-0.027595885 0.056590905 8.5409448e-20)
(-0.021536108 0.0518824 8.7802462e-20)
(-0.015913079 0.045972224 3.4806881e-20)
(-0.010921659 0.038992373 7.8508601e-20)
(-0.0067298455 0.031100338 -1.7310859e-20)
(-0.0034740633 0.022480436 4.9510897e-20)
(-0.0012638829 0.013340532 3.8531643e-20)
(-0.00015926041 0.00388801 5.1225089e-21)
)
;
    }
    frontAndBack
    {
        type            empty;
    }
}


// ************************************************************************* //
