/*--------------------------------*- C++ -*----------------------------------*\
  =========                 |
  \\      /  F ield         | OpenFOAM: The Open Source CFD Toolbox
   \\    /   O peration     | Website:  https://openfoam.org
    \\  /    A nd           | Version:  13
     \\/     M anipulation  |
\*---------------------------------------------------------------------------*/
FoamFile
{
    format      ascii;
    class       volVectorField;
    location    "33.500104";
    object      wallShearStress;
}
// * * * * * * * * * * * * * * * * * * * * * * * * * * * * * * * * * * * * * //

dimensions      [0 2 -2 0 0 0 0];

internalField   uniform (0 0 0);

boundaryField
{
    inlet
    {
        type            calculated;
        value           uniform (0 0 0);
    }
    outlet
    {
        type            calculated;
        value           uniform (0 0 0);
    }
    cylinder
    {
        type            calculated;
        value           nonuniform List<vector> 
132
(
(1.2608718e-05 -0.00066214897 -2.5588765e-22)
(4.1781127e-05 -0.00094087788 7.277564e-23)
(8.6807732e-05 -0.0012129105 4.011299e-21)
(0.00014682574 -0.0014733939 -1.3432384e-20)
(0.0002208297 -0.0017175716 9.4597442e-21)
(0.00030727515 -0.0019407014 2.8833702e-20)
(0.00040409317 -0.0021383064 -5.4492727e-21)
(0.00050871713 -0.0023063063 -2.1533116e-20)
(0.00061812281 -0.0024412447 2.0244751e-20)
(0.00072897307 -0.0025404414 -4.5281053e-20)
(0.00083778769 -0.002602187 -8.2213035e-22)
(0.0009410052 -0.0026258612 2.8007559e-20)
(0.0010352755 -0.0026122098 4.5589598e-20)
(0.001117577 -0.0025631222 -3.6968804e-20)
(0.001185671 -0.0024821837 3.887024e-20)
(0.0012378463 -0.0023735305 6.2485634e-20)
(0.0012738643 -0.0022432662 -4.090356e-20)
(0.001294759 -0.0020983549 6.5560166e-20)
(0.0013029841 -0.0019463339 8.662697e-20)
(0.0013028261 -0.0017954813 -5.6164734e-20)
(0.0013000939 -0.0016538324 -7.1559956e-20)
(0.0013028284 -0.0015297272 2.5186505e-23)
(0.0013211253 -0.0014310281 1.0376906e-20)
(0.0013674199 -0.0013649872 -1.2423398e-20)
(0.0014562188 -0.0013375117 -2.1134545e-20)
(0.001602107 -0.001351136 4.5200103e-21)
(0.0018169926 -0.0014032465 -4.0807117e-20)
(0.0021038947 -0.0014828374 1.0900625e-20)
(0.0024564283 -0.0015731217 8.5565489e-21)
(0.0028503684 -0.0016493589 -5.8900981e-20)
(0.003249148 -0.0016865152 7.6807083e-20)
(0.0036219074 -0.0016706655 2.3226155e-21)
(0.0039410384 -0.0015959049 1.6725818e-20)
(0.0041648563 -0.0014570842 -1.9796962e-20)
(0.0042149937 -0.0012467623 6.2831371e-20)
(0.0039573519 -0.00096018029 -3.9696488e-21)
(0.0032244639 -0.00061430727 1.5999726e-20)
(0.00180199 -0.00025525805 -2.1959624e-21)
(-0.00051724011 2.169227e-05 3.151023e-21)
(-0.0039665779 7.8991833e-05 -1.9666288e-21)
(-0.0088934839 -0.0003020341 3.6776387e-21)
(-0.01526903 -0.0014235183 -1.1366311e-22)
(-0.022564468 -0.0034755977 4.1775249e-20)
(-0.030335085 -0.0065564125 -1.6137281e-20)
(-0.038011756 -0.010642521 1.4594673e-20)
(-0.045096195 -0.015608909 -9.3945474e-20)
(-0.05115154 -0.021234565 -1.5180365e-20)
(-0.055905637 -0.027262636 1.3351283e-19)
(-0.05916435 -0.033404751 -1.1406509e-19)
(-0.060887318 -0.039395377 -2.1818916e-21)
(-0.061071279 -0.04495792 3.4878583e-20)
(-0.059855653 -0.049895716 -3.1888852e-20)
(-0.057328845 -0.05396839 -6.2884862e-21)
(-0.053690464 -0.057028892 -4.047533e-21)
(-0.049178688 -0.058991497 -6.4336934e-21)
(-0.043962701 -0.059716267 -2.4585094e-21)
(-0.038295845 -0.059186772 5.8025127e-22)
(-0.032394322 -0.05737632 4.7813546e-20)
(-0.026482555 -0.054311061 -7.357915e-20)
(-0.020771788 -0.050045845 -7.8832903e-20)
(-0.015458978 -0.044667388 -3.2084002e-20)
(-0.010722209 -0.038291219 -7.369233e-20)
(-0.0067167926 -0.031058487 1.6465504e-20)
(-0.0035698287 -0.023131498 2.3985935e-20)
(-0.001384575 -0.014705809 -3.7315368e-20)
(-0.00021670941 -0.0059337723 -4.9891795e-21)
(-1.6401057e-06 -0.00037865269 -1.1780436e-21)
(-2.9762761e-07 -8.9652738e-05 -7.0201637e-23)
(1.767751e-05 0.00020293825 -4.0300967e-21)
(5.1605773e-05 0.00049474373 1.3509154e-20)
(0.00010234161 0.00078070381 -9.5303255e-21)
(0.00016883657 0.001055445 -2.9101037e-20)
(0.0002497939 0.0013136257 5.5100484e-21)
(0.00034329654 0.0015499709 2.1815312e-20)
(0.00044680819 0.0017595196 -2.0551071e-20)
(0.00055723512 0.0019378428 4.6060922e-20)
(0.00067114541 0.0020812722 8.3802988e-22)
(0.00078474302 0.0021871006 -2.8611773e-20)
(0.00089416249 0.002253925 -4.6674526e-20)
(0.00099563608 0.0022816225 3.7931059e-20)
(0.0010859122 0.0022718342 -3.9968005e-20)
(0.001162303 0.0022274401 -6.438541e-20)
(0.0012234469 0.0021534769 4.2232768e-20)
(0.0012688597 0.0020555752 -6.7820743e-20)
(0.0013002578 0.0019416248 -8.9775027e-20)
(0.0013208956 0.0018198956 5.8301711e-20)
(0.0013360272 0.0016991818 7.4392883e-20)
(0.0013536285 0.0015891256 6.6689799e-20)
(0.0013837617 0.0014987258 5.4832926e-20)
(0.0014392337 0.0014366204 1.2959493e-20)
(0.0015341417 0.001409126 2.2064656e-20)
(0.0016824663 0.0014190439 -4.7222155e-21)
(0.0018948477 0.0014635906 4.2657806e-20)
(0.0021729323 0.0015317783 -1.1400808e-20)
(0.0025078519 0.001606377 -8.9533225e-21)
(0.0028760857 0.0016645493 6.1658522e-20)
(0.0032463439 0.0016853274 -8.0437595e-20)
(0.0035885619 0.0016555527 -2.4194583e-21)
(0.0038683165 0.001566821 3.9895896e-20)
(0.0040294289 0.0014103038 2.07725e-20)
(0.0039756548 0.0011769732 -6.5987091e-20)
(0.0035594385 0.00086531962 4.1727942e-21)
(0.0026065417 0.00049972161 1.2274966e-20)
(0.00089363098 0.00013488663 2.3110932e-21)
(-0.0017736253 -0.00012401021 -3.3151331e-21)
(-0.0055843958 -0.00011964033 2.066673e-21)
(-0.010901339 0.00036520538 -3.8547334e-21)
(-0.017605916 0.001637445 3.1278322e-20)
(-0.025099059 0.0038623029 -4.3340255e-20)
(-0.032927883 0.0071131801 1.6625084e-20)
(-0.040491883 0.011333821 -1.4919751e-20)
(-0.047357561 0.016388902 9.526119e-20)
(-0.053105147 0.022041826 1.5257252e-20)
(-0.057494593 0.028033948 -1.3296151e-19)
(-0.060371353 0.034082841 1.1243132e-19)
(-0.061713403 0.039926626 2.1254655e-21)
(-0.061533628 0.045295137 -3.3474227e-20)
(-0.059995462 0.050009183 2.9990377e-20)
(-0.057170003 0.053815612 -4.606248e-20)
(-0.053282318 0.056592244 3.4249525e-21)
(-0.048586488 0.058277789 -5.4303868e-21)
(-0.043218392 0.058701515 4.7553176e-21)
(-0.037451826 0.057878165 -7.0494197e-22)
(-0.031496375 0.055781016 -5.3489535e-20)
(-0.025574528 0.052442946 7.9435116e-20)
(-0.019894955 0.047925769 8.3367498e-20)
(-0.014650101 0.042320133 3.3457571e-20)
(-0.010014008 0.035747551 7.604407e-20)
(-0.0061363968 0.02835149 -1.6847597e-20)
(-0.0031389778 0.02029986 4.8322188e-20)
(-0.0011186679 0.01177949 3.765782e-20)
(-0.00012983171 0.0029876266 5.0071985e-21)
)
;
    }
    frontAndBack
    {
        type            empty;
    }
}


// ************************************************************************* //
