/*--------------------------------*- C++ -*----------------------------------*\
  =========                 |
  \\      /  F ield         | OpenFOAM: The Open Source CFD Toolbox
   \\    /   O peration     | Website:  https://openfoam.org
    \\  /    A nd           | Version:  13
     \\/     M anipulation  |
\*---------------------------------------------------------------------------*/
FoamFile
{
    format      ascii;
    class       volVectorField;
    location    "27.299309";
    object      wallShearStress;
}
// * * * * * * * * * * * * * * * * * * * * * * * * * * * * * * * * * * * * * //

dimensions      [0 2 -2 0 0 0 0];

internalField   uniform (0 0 0);

boundaryField
{
    inlet
    {
        type            calculated;
        value           uniform (0 0 0);
    }
    outlet
    {
        type            calculated;
        value           uniform (0 0 0);
    }
    cylinder
    {
        type            calculated;
        value           nonuniform List<vector> 
132
(
(1.248798e-05 -0.00060964544 -2.4681326e-22)
(4.2456179e-05 -0.00094230676 7.0211377e-23)
(9.1252911e-05 -0.0012684581 3.8712655e-21)
(0.00015804004 -0.0015821197 -1.2968667e-20)
(0.0002416788 -0.0018772799 9.1375136e-21)
(0.00034034683 -0.0021479045 2.7866694e-20)
(0.00045154584 -0.0023882342 -5.269711e-21)
(0.00057212452 -0.00259294 -2.0837253e-20)
(0.00069831292 -0.0027574738 1.9604203e-20)
(0.00082595774 -0.0028781728 -4.3880042e-20)
(0.00095065386 -0.0029526726 -7.9726868e-22)
(0.0010678464 -0.0029798762 2.7180609e-20)
(0.0011732704 -0.0029605871 4.4274601e-20)
(0.0012629852 -0.0028969014 -3.592639e-20)
(0.0013341261 -0.0027933431 3.7797348e-20)
(0.0013845853 -0.002655331 6.0794426e-20)
(0.0014140165 -0.0024905576 -3.9815669e-20)
(0.0014234248 -0.0023074011 6.384253e-20)
(0.0014157331 -0.0021152982 8.4385528e-20)
(0.0013962075 -0.0019247235 -5.4725789e-20)
(0.0013715243 -0.0017452332 -6.9740115e-20)
(0.0013511252 -0.0015869353 2.454237e-23)
(0.0013461766 -0.0014586045 1.0115183e-20)
(0.0013707451 -0.0013686606 -1.2110489e-20)
(0.0014406415 -0.0013234469 -2.0602278e-20)
(0.0015722803 -0.001326097 4.4060675e-21)
(0.0017790404 -0.0013739415 -3.9777327e-20)
(0.0020633665 -0.0014542066 1.0625387e-20)
(0.0024176457 -0.0015481931 8.3406505e-21)
(0.0028149189 -0.0016287745 -5.7418458e-20)
(0.0032146033 -0.0016685489 7.4881708e-20)
(0.0035861273 -0.0016541453 2.2646618e-21)
(0.0039037547 -0.0015807952 1.6310793e-20)
(0.0041275421 -0.0014440048 -1.9308724e-20)
(0.0041823974 -0.0012370671 6.129262e-20)
(0.003936471 -0.00095502069 -3.8732848e-21)
(0.0032234039 -0.00061393569 1.5615595e-20)
(0.0018311483 -0.00025894966 -2.1439652e-21)
(-0.00044701036 1.6662912e-05 3.0776619e-21)
(-0.0038446943 7.615548e-05 -1.9218e-21)
(-0.0087079126 -0.00029579899 3.5959443e-21)
(-0.01501537 -0.0014000876 -1.1121718e-22)
(-0.022248691 -0.0034271786 4.0904714e-20)
(-0.029967686 -0.0064772317 -1.5811335e-20)
(-0.037606732 -0.010529351 1.430782e-20)
(-0.044668692 -0.015461136 -9.213581e-20)
(-0.050715861 -0.021053966 -1.4890691e-20)
(-0.055473625 -0.02705222 1.3095251e-19)
(-0.058745852 -0.033168705 -1.1182493e-19)
(-0.060489433 -0.039138163 -2.1369233e-21)
(-0.060699396 -0.044684365 3.4098105e-20)
(-0.059513129 -0.049610378 -3.1076243e-20)
(-0.057018078 -0.05367601 -6.090826e-21)
(-0.053412492 -0.056733787 -3.8656524e-21)
(-0.04893354 -0.058697569 -5.8005034e-21)
(-0.043750093 -0.059427589 -2.9749405e-21)
(-0.038114623 -0.058906787 6.0572716e-22)
(-0.03224299 -0.057108357 4.8889856e-20)
(-0.026359182 -0.054058091 -7.4634588e-20)
(-0.020674135 -0.049810578 -7.9630764e-20)
(-0.015384535 -0.044452251 -3.2328031e-20)
(-0.010668247 -0.038098379 -7.4133616e-20)
(-0.0066803733 -0.030889782 1.6546272e-20)
(-0.0035478661 -0.022988582 2.4085945e-20)
(-0.0013738175 -0.014589662 -3.7452932e-20)
(-0.00021395931 -0.005846314 -5.0061363e-21)
(4.856076e-07 -0.00027304447 -1.1360758e-21)
(6.9302426e-06 6.8002248e-05 -6.7693162e-23)
(3.2275481e-05 0.00041126057 -3.8860012e-21)
(7.7151406e-05 0.00075090681 1.3026372e-20)
(0.00014091627 0.001080695 -9.1906624e-21)
(0.00022246276 0.0013942067 -2.8068443e-20)
(0.00031994415 0.0016849782 5.3156941e-21)
(0.0004307732 0.0019467593 2.1051372e-20)
(0.00055161429 0.0021737665 -1.9837342e-20)
(0.0006785439 0.0023609765 4.4475532e-20)
(0.00080721707 0.002504342 8.0944969e-22)
(0.00093296252 0.0026011795 -2.7645114e-20)
(0.001051047 0.0026502915 -4.5111559e-20)
(0.0011570744 0.0026524264 3.6671098e-20)
(0.0012471436 0.0026099481 -3.8649779e-20)
(0.0013185747 0.0025276841 -6.2273838e-20)
(0.001369618 0.0024114965 4.085396e-20)
(0.0014006885 0.0022698335 -6.5612385e-20)
(0.0014136885 0.0021116755 -8.6857184e-20)
(0.0014126607 0.0019469527 5.6406994e-20)
(0.0014044949 0.0017868364 7.1973973e-20)
(0.001398034 0.0016417669 6.451775e-20)
(0.0014050984 0.0015222624 5.3043569e-20)
(0.0014398254 0.0014375306 1.2535503e-20)
(0.0015181975 0.0013946775 2.1341014e-20)
(0.0016555745 0.0013964283 -4.5669579e-21)
(0.00186422 0.0014398877 4.1252784e-20)
(0.0021455458 0.0015123697 -1.1025069e-20)
(0.0024867839 0.0015927887 -8.6586398e-21)
(0.0028599465 0.0016551525 5.9634672e-20)
(0.0032325343 0.0016781296 -7.7807172e-20)
(0.003576199 0.0016498245 -2.3406758e-21)
(0.003858649 0.0015628691 3.8604061e-20)
(0.0040256462 0.00140891 2.0104478e-20)
(0.0039848624 0.0011795619 -6.388268e-20)
(0.0035919798 0.00087298159 4.0412129e-21)
(0.0026733766 0.00051202008 1.1893625e-20)
(0.0010082685 0.00014997597 2.2406958e-21)
(-0.0015981233 -0.00010947611 -3.2167098e-21)
(-0.0053414358 -0.00011365085 2.0072295e-21)
(-0.010580263 0.00035500274 -3.7482557e-21)
(-0.017208454 0.0016009149 3.0455622e-20)
(-0.024641575 0.0037923345 -4.2259329e-20)
(-0.032430052 0.0070060588 1.6231964e-20)
(-0.039974427 0.011189321 -1.4583904e-20)
(-0.046837004 0.016209073 9.3205663e-20)
(-0.052598919 0.021832152 1.4938548e-20)
(-0.057014938 0.027800487 -1.3022924e-19)
(-0.059926506 0.033832093 1.101149e-19)
(-0.06130864 0.03966512 2.0803492e-21)
(-0.061171916 0.045029217 -3.2715049e-20)
(-0.059676645 0.049743744 2.9222337e-20)
(-0.056894868 0.053556926 -4.4603689e-20)
(-0.053049205 0.056344923 3.2627571e-21)
(-0.048391241 0.058043861 -4.6715527e-21)
(-0.043059519 0.05848599 5.1915301e-21)
(-0.03732568 0.057683482 -7.2598408e-22)
(-0.031399515 0.055609747 -5.4361092e-20)
(-0.025503291 0.052297162 8.0277471e-20)
(-0.019845534 0.04780705 8.3999449e-20)
(-0.014618682 0.042229776 3.3651186e-20)
(-0.0099967392 0.035686436 7.6398881e-20)
(-0.0061294542 0.028320201 -1.6914299e-20)
(-0.0031385812 0.020298638 4.8492915e-20)
(-0.0011210964 0.011808416 3.7782763e-20)
(-0.00013136667 0.0030456156 5.023603e-21)
)
;
    }
    frontAndBack
    {
        type            empty;
    }
}


// ************************************************************************* //
