/*--------------------------------*- C++ -*----------------------------------*\
  =========                 |
  \\      /  F ield         | OpenFOAM: The Open Source CFD Toolbox
   \\    /   O peration     | Website:  https://openfoam.org
    \\  /    A nd           | Version:  13
     \\/     M anipulation  |
\*---------------------------------------------------------------------------*/
FoamFile
{
    format      ascii;
    class       volVectorField;
    location    "15.796676";
    object      wallShearStress;
}
// * * * * * * * * * * * * * * * * * * * * * * * * * * * * * * * * * * * * * //

dimensions      [0 2 -2 0 0 0 0];

internalField   uniform (0 0 0);

boundaryField
{
    inlet
    {
        type            calculated;
        value           uniform (0 0 0);
    }
    outlet
    {
        type            calculated;
        value           uniform (0 0 0);
    }
    cylinder
    {
        type            calculated;
        value           nonuniform List<vector> 
132
(
(4.149607e-05 0.00049449722 -1.2440407e-22)
(0.00019888332 -0.0036828165 3.5728243e-23)
(0.00058493136 -0.007802256 2.0231581e-21)
(0.0011893461 -0.011731208 -7.0329948e-21)
(0.0019869218 -0.015334953 5.1926983e-21)
(0.0029381792 -0.018488695 1.6707275e-20)
(0.0039898291 -0.021077957 -3.3454003e-21)
(0.0050760673 -0.023008352 -1.4014095e-20)
(0.0061262397 -0.024212076 1.3937724e-20)
(0.0070643397 -0.024650082 -3.282946e-20)
(0.0078159933 -0.024318382 -6.2357675e-22)
(0.0083144365 -0.023250566 2.2078742e-20)
(0.0085079246 -0.021521202 3.702937e-20)
(0.0083688478 -0.019249744 -3.0674505e-20)
(0.0078976657 -0.016589392 3.2673816e-20)
(0.00712836 -0.013721446 5.2800296e-20)
(0.0061242843 -0.010832244 -3.4515116e-20)
(0.0049712524 -0.0080971284 5.4949496e-20)
(0.0037667698 -0.0056598568 7.1856709e-20)
(0.0026036819 -0.0036143983 -4.6007062e-20)
(0.0015580997 -0.0020021993 -5.7847125e-20)
(0.0006797643 -0.00081321572 2.0111513e-23)
(-1.5582461e-05 5.4960101e-06 8.1819771e-21)
(-0.0005160931 0.00050878121 -9.6876289e-21)
(-0.00081290401 0.00074530781 -1.631253e-20)
(-0.00081071123 0.00068696404 3.4551256e-21)
(-0.00053405688 0.00042008426 -3.0926909e-20)
(0.00022933674 -0.00015080068 8.1990519e-21)
(0.0013239016 -0.00083770895 6.4174627e-21)
(0.0024416511 -0.0014058057 -4.4200419e-20)
(0.0033433829 -0.0017322871 5.7854797e-20)
(0.0038818959 -0.0017903273 1.7567328e-21)
(0.0041504249 -0.0016815748 1.269607e-20)
(0.0042676093 -0.0014936963 -1.5063451e-20)
(0.0042850318 -0.0012674601 4.791355e-20)
(0.0040804846 -0.00098937275 -3.0346481e-21)
(0.0034725866 -0.00065997875 1.2268113e-20)
(0.002248931 -0.00031403276 -1.6897168e-21)
(0.00020214575 -3.2896972e-05 2.4345678e-21)
(-0.0029081637 5.3125885e-05 -1.5267876e-21)
(-0.0074274478 -0.00025233873 2.871932e-21)
(-0.013433043 -0.0012550226 -8.9443057e-23)
(-0.020515344 -0.0031628741 3.3137703e-20)
(-0.028265701 -0.0061123242 -1.2909675e-20)
(-0.03612678 -0.010118326 1.1774243e-20)
(-0.043637678 -0.015107428 -7.6386956e-20)
(-0.050264115 -0.020870061 -1.2415848e-20)
(-0.055664008 -0.027149548 1.0962693e-19)
(-0.059588522 -0.033648878 -9.3678815e-20)
(-0.061916959 -0.040066028 -1.7842034e-21)
(-0.062620046 -0.046102213 2.8178767e-20)
(-0.061794367 -0.051515612 -2.5123875e-20)
(-0.059528819 -0.056042902 -4.69546e-21)
(-0.056024005 -0.059510626 -2.6271594e-21)
(-0.051519398 -0.061801952 -1.6387967e-21)
(-0.046203577 -0.062762462 -6.2530101e-21)
(-0.040350931 -0.062364879 7.6222072e-22)
(-0.034198568 -0.060573526 5.5294861e-20)
(-0.027994838 -0.05741362 -8.0736011e-20)
(-0.02197347 -0.052941728 -8.4124599e-20)
(-0.016353189 -0.047251165 -3.367228e-20)
(-0.011331884 -0.04046761 -7.6522304e-20)
(-0.0070820698 -0.032745054 1.6978395e-20)
(-0.0037448952 -0.024262333 2.4618534e-20)
(-0.0014354933 -0.015231682 -3.8188338e-20)
(-0.00021643107 -0.0058309125 -5.097929e-21)
(0.00011078034 0.0046422253 -5.7400174e-22)
(0.00040364561 0.0087112439 -3.4765812e-23)
(0.0009142387 0.012610679 -2.0519984e-21)
(0.0016229683 0.016209294 7.1530681e-21)
(0.0024959498 0.019381223 -5.2902988e-21)
(0.0034856507 0.022011115 -1.7019808e-20)
(0.0045317342 0.02400047 3.4017096e-21)
(0.0055662364 0.025274907 1.4201007e-20)
(0.0065162746 0.025788638 -1.4056317e-20)
(0.0073084966 0.025530459 3.2917063e-20)
(0.0078750599 0.024525788 6.2123877e-22)
(0.0081603668 0.022839653 -2.1837464e-20)
(0.0081295898 0.020581096 -3.6359717e-20)
(0.0077742855 0.017896513 2.990596e-20)
(0.0071169364 0.014961485 -3.164148e-20)
(0.0062100997 0.011963079 -5.082676e-20)
(0.0051307189 0.0090821638 3.3056537e-20)
(0.0039706939 0.0064735911 -5.2421714e-20)
(0.0028217847 0.0042453257 -6.8358639e-20)
(0.0017643204 0.0024545765 4.369235e-20)
(0.00085381664 0.0011034559 5.4888922e-20)
(0.00011550062 0.00014943987 4.8498079e-20)
(-0.00043995584 -0.00046797217 3.9352167e-20)
(-0.00081234502 -0.00080696819 9.1905011e-21)
(-0.00097587093 -0.00089720456 1.5476281e-20)
(-0.00084284319 -0.00071703964 -3.2766786e-21)
(-0.00027846237 -0.00022547003 2.9328788e-20)
(0.00067855695 0.00046658583 -7.7924741e-21)
(0.0018547317 0.0011782441 -6.1116503e-21)
(0.0029345337 0.0016926845 4.2212355e-20)
(0.0036931812 0.0019155824 -5.5350137e-20)
(0.0041025067 0.0018932455 -1.6734239e-21)
(0.0042920834 0.001739442 2.7706964e-20)
(0.0043857759 0.0015353005 1.4476119e-20)
(0.0043632559 0.0012910509 -4.6163656e-20)
(0.0040692383 0.00098749017 2.9334805e-21)
(0.0033138685 0.00063131181 8.6819448e-21)
(0.0018807032 0.00026595071 1.6467958e-21)
(-0.00043278077 -1.536894e-05 -2.3834843e-21)
(-0.0038612283 -7.6338697e-05 1.5012707e-21)
(-0.008742785 0.00029700885 -2.8351023e-21)
(-0.015108161 0.0014090305 2.334121e-20)
(-0.022472252 0.003462102 -3.2832094e-20)
(-0.030405127 0.0065725128 1.2783369e-20)
(-0.038345547 0.010737216 -1.1633525e-20)
(-0.045792049 0.015850993 7.5183279e-20)
(-0.052261263 0.021697102 1.2160407e-20)
(-0.0574352 0.028010495 -1.0665003e-19)
(-0.061076636 0.034486347 9.0377406e-20)
(-0.06310884 0.04083449 1.7021216e-21)
(-0.063500624 0.046747781 -2.6459579e-20)
(-0.062389522 0.052009091 2.301888e-20)
(-0.059843235 0.056336074 -3.3045641e-20)
(-0.056092703 0.059580909 2.007209e-21)
(-0.051394449 0.061649225 1.078966e-21)
(-0.045909159 0.062359421 8.4219593e-21)
(-0.039931621 0.06171341 -8.7828382e-22)
(-0.033693648 0.059675296 -6.0515939e-20)
(-0.027443248 0.056277752 8.6075385e-20)
(-0.021412369 0.05158407 8.8231642e-20)
(-0.015816205 0.045691984 3.491e-20)
(-0.010849195 0.038733043 7.8633371e-20)
(-0.0066790083 0.030864313 -1.7320356e-20)
(-0.0034417882 0.022269607 4.9496853e-20)
(-0.0012469383 0.013155968 3.8493782e-20)
(-0.00015453103 0.0037317844 5.1143231e-21)
)
;
    }
    frontAndBack
    {
        type            empty;
    }
}


// ************************************************************************* //
