/*--------------------------------*- C++ -*----------------------------------*\
  =========                 |
  \\      /  F ield         | OpenFOAM: The Open Source CFD Toolbox
   \\    /   O peration     | Website:  https://openfoam.org
    \\  /    A nd           | Version:  13
     \\/     M anipulation  |
\*---------------------------------------------------------------------------*/
FoamFile
{
    format      ascii;
    class       volVectorField;
    location    "34.999017";
    object      wallShearStress;
}
// * * * * * * * * * * * * * * * * * * * * * * * * * * * * * * * * * * * * * //

dimensions      [0 2 -2 0 0 0 0];

internalField   uniform (0 0 0);

boundaryField
{
    inlet
    {
        type            calculated;
        value           uniform (0 0 0);
    }
    outlet
    {
        type            calculated;
        value           uniform (0 0 0);
    }
    cylinder
    {
        type            calculated;
        value           nonuniform List<vector> 
132
(
(-8.1104927e-06 0.0008828497 -2.693046e-22)
(-1.9821056e-05 0.00057737455 7.6447069e-23)
(-1.4756811e-05 0.0002709327 4.2060905e-21)
(6.6989947e-06 -3.0919517e-05 -1.4058425e-20)
(4.4239695e-05 -0.0003236482 9.882451e-21)
(9.7523844e-05 -0.00060221413 3.0067398e-20)
(0.00016470114 -0.00086176255 -5.6724338e-21)
(0.00024374946 -0.001097871 -2.2377463e-20)
(0.00033222313 -0.001306604 2.1005657e-20)
(0.00042730623 -0.0014847346 -4.6915641e-20)
(0.00052594379 -0.0016299335 -8.50725e-22)
(0.00062496746 -0.0017409116 2.8949288e-20)
(0.00072134756 -0.0018175865 4.7078871e-20)
(0.00081238502 -0.0018610457 -3.8148337e-20)
(0.00089593885 -0.0018737827 4.0088598e-20)
(0.00097056647 -0.0018593695 6.4421057e-20)
(0.0010359765 -0.0018228168 -4.2163043e-20)
(0.0010929518 -0.0017698428 6.7577891e-20)
(0.0011439872 -0.0017074156 8.9305035e-20)
(0.0011933086 -0.0016431401 -5.7916242e-20)
(0.0012470932 -0.0015849856 -7.3818499e-20)
(0.0013140779 -0.0015415004 2.6002927e-23)
(0.0014047878 -0.0015202422 1.0714986e-20)
(0.0015319701 -0.0015279492 -1.2835972e-20)
(0.0017080873 -0.0015677958 -2.1851579e-20)
(0.0019432085 -0.0016381232 4.6770348e-21)
(0.0022419349 -0.0017311995 -4.2262135e-20)
(0.0025974886 -0.0018309589 1.1300329e-20)
(0.0029928385 -0.0019172452 8.879646e-21)
(0.0033997759 -0.0019680759 -6.1191687e-20)
(0.0037829011 -0.0019644593 7.9889079e-20)
(0.0041127059 -0.0018980027 2.4189899e-21)
(0.0043564314 -0.0017652318 1.7446931e-20)
(0.0044458076 -0.0015568608 -2.0689189e-20)
(0.0042740674 -0.0012662938 6.5797323e-20)
(0.0036891406 -0.00089810193 -4.165387e-21)
(0.0025154505 -0.00048428428 1.6816466e-20)
(0.00053360888 -8.8268942e-05 -2.3102147e-21)
(-0.002440159 0.00017555569 3.3138339e-21)
(-0.0065799454 0.00014400208 -2.0648559e-21)
(-0.012251514 -0.00040821025 3.8476461e-21)
(-0.019361516 -0.0017991404 -1.1828288e-22)
(-0.027290545 -0.0041982036 4.3194386e-20)
(-0.035587181 -0.007686714 -1.6572543e-20)
(-0.043667848 -0.012222239 1.4891709e-20)
(-0.051080844 -0.017677028 -9.5301055e-20)
(-0.057372285 -0.023813476 -1.5317254e-20)
(-0.062271509 -0.030364118 1.3410492e-19)
(-0.065587027 -0.037028725 -1.1408723e-19)
(-0.06726558 -0.043520391 -2.1737446e-21)
(-0.067307036 -0.049546927 3.4602977e-20)
(-0.065848008 -0.054889721 -3.1478466e-20)
(-0.062978143 -0.059285587 -6.1616336e-21)
(-0.058923749 -0.062586886 -3.910967e-21)
(-0.053930264 -0.064690559 -5.8872725e-21)
(-0.048171256 -0.065432359 -2.9524139e-21)
(-0.041930599 -0.064803834 6.06735e-22)
(-0.035440077 -0.062770398 4.9002357e-20)
(-0.028945468 -0.059361482 -7.4792577e-20)
(-0.022677523 -0.054636624 -7.9765096e-20)
(-0.016851631 -0.04869028 -3.2364838e-20)
(-0.011663056 -0.041649488 -7.417136e-20)
(-0.007281924 -0.033668624 1.6542974e-20)
(-0.003847441 -0.024926559 2.4061654e-20)
(-0.0014735949 -0.015636049 -3.7381064e-20)
(-0.00022174911 -0.0059710197 -4.9911617e-21)
(1.9993327e-05 0.001185725 -1.242023e-21)
(6.4475662e-05 0.0014864917 -7.4142375e-23)
(0.0001265366 0.0017831479 -4.2637156e-21)
(0.00020553878 0.0020704079 1.4315625e-20)
(0.00030065527 0.0023427883 -1.0115068e-20)
(0.00041042002 0.0025946017 -3.0931504e-20)
(0.00053271041 0.0028202318 5.8643947e-21)
(0.00066466586 0.0030143561 2.3245595e-20)
(0.00080299676 0.0031721687 -2.1920631e-20)
(0.00094382303 0.0032896197 4.9171306e-20)
(0.0010829131 0.0033637628 8.9519751e-22)
(0.0012158623 0.0033929121 -3.0577524e-20)
(0.0013383871 0.0033769988 -4.9894956e-20)
(0.0014465761 0.0033175934 4.0552126e-20)
(0.0015372995 0.0032182074 -4.2727361e-20)
(0.0016084459 0.0030840149 -6.8816561e-20)
(0.0016593855 0.0029220367 4.5125411e-20)
(0.0016912491 0.0027407904 -7.2436696e-20)
(0.0017073057 0.002550148 -9.5842107e-20)
(0.0017132664 0.0023609665 6.2211932e-20)
(0.0017174263 0.0021845273 7.9345782e-20)
(0.0017310638 0.0020323208 7.1100083e-20)
(0.001768023 0.0019148598 5.8440284e-20)
(0.0018443623 0.0018408632 1.3809384e-20)
(0.0019761358 0.0018149362 2.3511672e-20)
(0.0021767476 0.0018358437 -5.0330528e-21)
(0.0024530392 0.0018948167 4.5489139e-20)
(0.0027971004 0.0019720882 -1.2167622e-20)
(0.0031871625 0.0020420616 -9.5666461e-21)
(0.0035876325 0.0020771368 6.5978282e-20)
(0.0039557777 0.0020545846 -8.6221737e-20)
(0.0042550659 0.0019641729 -2.5985323e-21)
(0.0044378966 0.0017989542 4.2947747e-20)
(0.0044179282 0.0015481822 2.2420667e-20)
(0.004074843 0.0012089337 -7.1421343e-20)
(0.0032443668 0.00079259559 4.5289446e-21)
(0.001744015 0.00034155807 1.3354294e-20)
(-0.0006470662 -6.7552158e-05 2.5183942e-21)
(-0.0041231868 -0.00030999145 -3.6133292e-21)
(-0.0087699816 -0.00020120166 2.2501708e-21)
(-0.014962491 0.00049321231 -4.1845975e-21)
(-0.022537647 0.0020899598 3.379592e-20)
(-0.030759657 0.0047276117 -4.6564969e-20)
(-0.039183873 0.0084594936 1.7760524e-20)
(-0.047236582 0.013217592 -1.5856231e-20)
(-0.054458117 0.018842336 1.0077668e-19)
(-0.060447361 0.02508552 1.6088098e-20)
(-0.064975256 0.031678318 -1.3989011e-19)
(-0.067870519 0.038313988 1.1821017e-19)
(-0.069126999 0.044720968 2.2367804e-21)
(-0.068740868 0.050598846 -3.5340125e-20)
(-0.066901195 0.055764247 3.1884098e-20)
(-0.06365897 0.059922937 -4.9673113e-20)
(-0.059279401 0.062961397 3.8327112e-21)
(-0.054033135 0.064810577 -7.3477718e-21)
(-0.048046449 0.065259209 3.6430059e-21)
(-0.041636499 0.064345443 -6.512734e-22)
(-0.03502326 0.062027806 -5.1282557e-20)
(-0.028453062 0.058346609 7.7350199e-20)
(-0.022153532 0.053368013 8.1872152e-20)
(-0.016335704 0.047191585 3.3033361e-20)
(-0.011190534 0.039950857 7.535644e-20)
(-0.0068822955 0.031803344 -1.6740521e-20)
(-0.0035444257 0.02293365 4.8116758e-20)
(-0.0012840268 0.013548494 3.75634e-20)
(-0.00015943923 0.0038580036 5.0021646e-21)
)
;
    }
    frontAndBack
    {
        type            empty;
    }
}


// ************************************************************************* //
