/*--------------------------------*- C++ -*----------------------------------*\
  =========                 |
  \\      /  F ield         | OpenFOAM: The Open Source CFD Toolbox
   \\    /   O peration     | Website:  https://openfoam.org
    \\  /    A nd           | Version:  13
     \\/     M anipulation  |
\*---------------------------------------------------------------------------*/
FoamFile
{
    format      ascii;
    class       volVectorField;
    location    "34.196228";
    object      wallShearStress;
}
// * * * * * * * * * * * * * * * * * * * * * * * * * * * * * * * * * * * * * //

dimensions      [0 2 -2 0 0 0 0];

internalField   uniform (0 0 0);

boundaryField
{
    inlet
    {
        type            calculated;
        value           uniform (0 0 0);
    }
    outlet
    {
        type            calculated;
        value           uniform (0 0 0);
    }
    cylinder
    {
        type            calculated;
        value           nonuniform List<vector> 
132
(
(8.6186338e-06 -0.00037376754 -2.6632735e-22)
(3.1026355e-05 -0.00067385048 7.5641606e-23)
(6.997186e-05 -0.00096642998 4.1636973e-21)
(0.00012482375 -0.0012464766 -1.3923584e-20)
(0.00019448587 -0.0015089926 9.7921241e-21)
(0.00027730911 -0.0017491314 2.9805598e-20)
(0.0003711335 -0.0019624074 -5.6252278e-21)
(0.00047331544 -0.0021448378 -2.2198441e-20)
(0.00058082204 -0.002293173 2.0842764e-20)
(0.00069032052 -0.0024050162 -4.6559266e-20)
(0.00079834088 -0.0024791018 -8.4432244e-22)
(0.00090152428 -0.0025152295 2.8730178e-20)
(0.00099676995 -0.0025146474 4.6715863e-20)
(0.0010813791 -0.0024797215 -3.7844982e-20)
(0.0011534936 -0.0024144303 3.9756302e-20)
(0.0012120938 -0.0023237272 6.3860087e-20)
(0.0012574624 -0.002213912 -4.1775199e-20)
(0.0012912519 -0.0020921369 6.6919382e-20)
(0.0013167569 -0.0019662952 8.8382935e-20)
(0.0013393345 -0.001845091 -5.7283368e-20)
(0.0013661505 -0.0017370576 -7.2967929e-20)
(0.001407053 -0.0016512026 2.5688489e-23)
(0.0014738579 -0.0015954992 1.0579601e-20)
(0.0015808226 -0.0015770449 -1.2667566e-20)
(0.001742146 -0.0015992821 -2.1555962e-20)
(0.0019698942 -0.0016607044 4.6122461e-21)
(0.002269561 -0.0017525036 -4.1667615e-20)
(0.002634835 -0.0018571796 1.1140133e-20)
(0.0030464297 -0.0019514655 8.7540702e-21)
(0.0034692828 -0.0020082351 -6.0335819e-20)
(0.0038662943 -0.0020077191 7.8788928e-20)
(0.0042060924 -0.0019410915 2.3864194e-21)
(0.0044542699 -0.0018048782 1.7218222e-20)
(0.0045463345 -0.0015920374 -2.0426534e-20)
(0.004377182 -0.0012967645 6.4995878e-20)
(0.0037938101 -0.00092340816 -4.1173235e-21)
(0.0026201797 -0.00050402057 1.6635704e-20)
(0.00063593545 -0.00010211039 -2.2875628e-21)
(-0.0023427169 0.00016781895 3.2850267e-21)
(-0.0064940413 0.00014156282 -2.0493966e-21)
(-0.012182072 -0.00040627361 3.8240854e-21)
(-0.019312596 -0.0017948804 -1.1773082e-22)
(-0.02726672 -0.0041948029 4.3052636e-20)
(-0.035591133 -0.0076878062 -1.6540073e-20)
(-0.043699895 -0.012231373 1.4880318e-20)
(-0.051140491 -0.017697813 -9.5336335e-20)
(-0.057457275 -0.023848956 -1.53394e-20)
(-0.062379163 -0.030416801 1.3444201e-19)
(-0.065714233 -0.037100719 -1.1450287e-19)
(-0.067408196 -0.043612831 -2.1844234e-21)
(-0.067462974 -0.04966188 3.4829224e-20)
(-0.066011336 -0.055026022 -3.1752959e-20)
(-0.063148589 -0.059446228 -6.2389384e-21)
(-0.0590981 -0.062772245 -3.9901108e-21)
(-0.054102547 -0.064897411 -6.192989e-21)
(-0.048341257 -0.065663513 -2.6808857e-21)
(-0.042094857 -0.065057981 5.923425e-22)
(-0.035596296 -0.063047455 4.8358198e-20)
(-0.02909124 -0.059660921 -7.4135487e-20)
(-0.022810542 -0.054957794 -7.9259463e-20)
(-0.016969733 -0.049032537 -3.221194e-20)
(-0.01176408 -0.042011862 -7.3909104e-20)
(-0.0073638917 -0.03405042 1.6500132e-20)
(-0.0039083589 -0.025326388 2.4019048e-20)
(-0.0015117076 -0.016054782 -3.7342483e-20)
(-0.0002345185 -0.0064022524 -4.9895975e-21)
(2.7038559e-06 -6.8260289e-05 -1.2277154e-21)
(1.3637946e-05 0.00024328658 -7.3254729e-23)
(4.2230167e-05 0.00055924684 -4.2109206e-21)
(8.9016826e-05 0.00087461221 1.4133245e-20)
(0.00015383998 0.0011838003 -9.9832371e-21)
(0.00023596712 0.0014809493 -3.052173e-20)
(0.00033398287 0.0017600267 5.7859787e-21)
(0.00044577266 0.0020150714 2.2934157e-20)
(0.00056846436 0.0022404516 -2.1628836e-20)
(0.00069869468 0.0024310806 4.8526615e-20)
(0.00083255017 0.0025827156 8.8373211e-22)
(0.00096576359 0.0026922544 -3.019929e-20)
(0.0010939529 0.002757986 -4.930413e-20)
(0.0012129263 0.0027798695 4.0097116e-20)
(0.0013189658 0.0027595913 -4.2277618e-20)
(0.0014093078 0.0027008949 -6.8143857e-20)
(0.0014823446 0.0026092025 4.4719774e-20)
(0.0015382041 0.0024918665 -7.1843056e-20)
(0.001578982 0.0023577287 -9.513245e-20)
(0.0016090054 0.0022166771 6.1797979e-20)
(0.0016356572 0.0020800288 7.8873485e-20)
(0.0016687586 0.0019587989 7.0721654e-20)
(0.0017212576 0.0018639519 5.8161043e-20)
(0.0018076205 0.001804051 1.3749693e-20)
(0.0019428727 0.001784352 2.3418155e-20)
(0.0021397365 0.0018046835 -5.0142588e-21)
(0.0024045783 0.0018574926 4.5325381e-20)
(0.0027313243 0.0019258335 -1.2124215e-20)
(0.0031015066 0.0019872646 -9.5317272e-21)
(0.0034852401 0.0020178791 6.5726342e-20)
(0.0038425816 0.0019957718 -8.5874514e-20)
(0.0041367707 0.0019095254 -2.5874413e-21)
(0.0043195022 0.0017509233 4.2752688e-20)
(0.0043039803 0.0015082321 2.2311332e-20)
(0.0039710514 0.0011781547 -7.1043577e-20)
(0.0031583234 0.00077164784 4.502685e-21)
(0.0016855609 0.00033034857 1.326878e-20)
(-0.00066614747 -7.0395423e-05 2.5004833e-21)
(-0.0040913783 -0.00030769684 -3.5848315e-21)
(-0.0086765961 -0.00019907264 2.2305571e-21)
(-0.014796413 0.00048781533 -4.1445208e-21)
(-0.022294222 0.0020675325 3.344358e-20)
(-0.030445643 0.0046795429 -4.6043251e-20)
(-0.038807466 0.0083784557 1.7549093e-20)
(-0.046810348 0.013098596 -1.5656764e-20)
(-0.053996072 0.018682743 9.944065e-20)
(-0.059962493 0.024884556 1.5862561e-20)
(-0.064479803 0.031436997 -1.3780234e-19)
(-0.067374124 0.038033971 1.1630573e-19)
(-0.068639079 0.044405482 2.1971173e-21)
(-0.068267151 0.050250272 -3.4628644e-20)
(-0.066448959 0.05538737 3.112262e-20)
(-0.063230661 0.05951975 -4.8139507e-20)
(-0.058878042 0.062535052 3.6544409e-21)
(-0.053663651 0.064367253 -6.4763744e-21)
(-0.047708758 0.064800287 4.1614419e-21)
(-0.041332463 0.063875211 -6.7690091e-22)
(-0.034753408 0.06154935 -5.2355492e-20)
(-0.028217609 0.057863031 7.8379088e-20)
(-0.021952391 0.052882397 8.2618914e-20)
(-0.016168378 0.046706656 3.3247018e-20)
(-0.011056298 0.039469271 7.5704583e-20)
(-0.0067801665 0.03132749 -1.6794734e-20)
(-0.0034732028 0.022465779 4.8219863e-20)
(-0.0012423265 0.013089593 3.7609583e-20)
(-0.00014641958 0.0034146304 5.0043479e-21)
)
;
    }
    frontAndBack
    {
        type            empty;
    }
}


// ************************************************************************* //
