/*--------------------------------*- C++ -*----------------------------------*\
  =========                 |
  \\      /  F ield         | OpenFOAM: The Open Source CFD Toolbox
   \\    /   O peration     | Website:  https://openfoam.org
    \\  /    A nd           | Version:  13
     \\/     M anipulation  |
\*---------------------------------------------------------------------------*/
FoamFile
{
    format      ascii;
    class       volVectorField;
    location    "42.701638";
    object      wallShearStress;
}
// * * * * * * * * * * * * * * * * * * * * * * * * * * * * * * * * * * * * * //

dimensions      [0 2 -2 0 0 0 0];

internalField   uniform (0 0 0);

boundaryField
{
    inlet
    {
        type            calculated;
        value           uniform (0 0 0);
    }
    outlet
    {
        type            calculated;
        value           uniform (0 0 0);
    }
    cylinder
    {
        type            calculated;
        value           nonuniform List<vector> 
132
(
(2.0756046e-06 0.00011333686 -2.9499112e-22)
(1.1475084e-05 -0.00018994288 8.4255046e-23)
(3.8336985e-05 -0.00050270861 4.6635975e-21)
(8.3778333e-05 -0.00082018769 -1.5683596e-20)
(0.00014800767 -0.0011367502 1.1092662e-20)
(0.00023072907 -0.0014463026 3.3956648e-20)
(0.00033091044 -0.0017423076 -6.4451462e-21)
(0.00044670473 -0.0020180915 -2.5577951e-20)
(0.00057546933 -0.0022670812 2.4150562e-20)
(0.00071388674 -0.0024830827 -5.4245821e-20)
(0.00085791171 -0.0026606409 -9.889447e-22)
(0.0010029862 -0.0027953693 3.3830024e-20)
(0.0011442835 -0.0028843206 5.5285309e-20)
(0.0012769891 -0.0029262308 -4.5002029e-20)
(0.0013967005 -0.0029218591 4.7488628e-20)
(0.0014997972 -0.0028740326 7.6600773e-20)
(0.0015839561 -0.0027878622 -5.0303389e-20)
(0.001648467 -0.0026703831 8.0860849e-20)
(0.0016948344 -0.0025306967 1.071275e-19)
(0.0017269583 -0.0023792424 -6.9619278e-20)
(0.0017516852 -0.0022277323 -8.8886038e-20)
(0.0017788246 -0.0020882329 3.1320516e-23)
(0.0018211192 -0.0019724052 1.2932337e-20)
(0.001893474 -0.0018900992 -1.5503506e-20)
(0.0020113937 -0.0018476603 -2.6405652e-20)
(0.002189587 -0.0018470737 5.6534493e-21)
(0.0024359359 -0.0018819904 -5.1093792e-20)
(0.0027478018 -0.0019376175 1.3662862e-20)
(0.0031102675 -0.0019929347 1.0736658e-20)
(0.0034946265 -0.0020232696 -7.3991231e-20)
(0.0038628483 -0.0020061801 9.6600068e-20)
(0.0041750127 -0.0019270168 2.9249271e-21)
(0.0043814047 -0.0017757968 2.1093159e-20)
(0.0043977691 -0.0015407802 -2.5003701e-20)
(0.0041063062 -0.0012177842 7.9459017e-20)
(0.0033458418 -0.00081656663 -5.0238685e-21)
(0.001934034 -0.00037667423 2.0242923e-20)
(-0.00035239624 2.8545846e-05 -2.7732129e-21)
(-0.0037114828 0.00027727222 3.9627259e-21)
(-0.0082533382 0.0001874401 -2.4575816e-21)
(-0.014361039 -0.00047464602 4.5522642e-21)
(-0.021896998 -0.0020316831 -1.3895266e-22)
(-0.03015019 -0.0046351479 5.0384011e-20)
(-0.038671892 -0.0083502162 -1.9200496e-20)
(-0.046881184 -0.013119288 1.7149452e-20)
(-0.054305823 -0.018790825 -1.0920407e-19)
(-0.060526057 -0.025119756 -1.7493751e-20)
(-0.065293959 -0.031835312 1.52917e-19)
(-0.068426519 -0.038629497 -1.3020564e-19)
(-0.069897611 -0.045221197 -2.4904834e-21)
(-0.069710039 -0.05131399 3.9984599e-20)
(-0.068018034 -0.056696967 -3.6957976e-20)
(-0.064909597 -0.061102346 -7.4624432e-21)
(-0.060622544 -0.064390063 -5.0761889e-21)
(-0.055406623 -0.066460435 -9.8191824e-21)
(-0.049432295 -0.067144389 1.3848388e-22)
(-0.042990482 -0.0664412 4.6091646e-22)
(-0.036312795 -0.064315636 4.3178116e-20)
(-0.029646972 -0.060799856 -6.9474378e-20)
(-0.023224768 -0.055955094 -7.6101769e-20)
(-0.017262438 -0.049877616 -3.1375313e-20)
(-0.011955966 -0.04269643 -7.2663e-20)
(-0.0074759594 -0.034567756 1.6326844e-20)
(-0.003962013 -0.025672391 2.3878219e-20)
(-0.0015281619 -0.016225988 -3.725408e-20)
(-0.00023529125 -0.0064036233 -4.9913234e-21)
(8.9670414e-06 0.00040583986 -1.3523471e-21)
(3.1377922e-05 0.00068817761 -8.0242332e-23)
(6.9124121e-05 0.00095826947 -4.5862509e-21)
(0.0001210554 0.0012113429 1.5303886e-20)
(0.00018571148 0.0014429676 -1.0746742e-20)
(0.00026116257 0.0016490878 -3.2661344e-20)
(0.00034507229 0.0018262425 6.154636e-21)
(0.00043478047 0.001971692 2.4249632e-20)
(0.00052740416 0.0020835831 -2.2732971e-20)
(0.00061997886 0.0021610823 5.0702456e-20)
(0.0007096308 0.002204441 9.1806041e-22)
(0.00079372861 0.0022151122 -3.1191586e-20)
(0.00087012509 0.0021956324 -5.0644613e-20)
(0.00093732574 0.0021497258 4.0970784e-20)
(0.0009946319 0.0020820897 -4.2983944e-20)
(0.0010424606 0.0019985359 -6.8960998e-20)
(0.0010823822 0.0019055081 4.5062493e-20)
(0.001117416 0.0018101465 -7.2114102e-20)
(0.0011520944 0.0017198907 -9.5162531e-20)
(0.0011927785 0.0016424944 6.163267e-20)
(0.0012476736 0.0015855477 7.8462361e-20)
(0.001327265 0.001556567 7.0205325e-20)
(0.0014436387 0.0015617139 5.7640357e-20)
(0.001609953 0.0016050649 1.3609434e-20)
(0.0018377498 0.0016861632 2.315898e-20)
(0.0021330392 0.0017976442 -4.9560678e-21)
(0.0024922744 0.001924218 4.4787024e-20)
(0.0029025752 0.0020459605 -1.1978678e-20)
(0.0033369495 0.0021378926 -9.4172216e-21)
(0.0037573058 0.0021754317 6.4936081e-20)
(0.0041328684 0.00214666 -8.4837328e-20)
(0.0044364855 0.0020479718 -2.5561141e-21)
(0.0046249275 0.0018747593 4.2238327e-20)
(0.0046093547 0.0016152038 2.2049771e-20)
(0.0042618345 0.0012643019 -7.0253574e-20)
(0.0034112361 0.00083315696 4.4570011e-21)
(0.001868657 0.00036540315 1.3152344e-20)
(-0.00059279818 -5.9669382e-05 2.4830425e-21)
(-0.0041686024 -0.00031297345 -3.5675514e-21)
(-0.0089479463 -0.00020490567 2.2252615e-21)
(-0.015310506 0.00050479006 -4.1457098e-21)
(-0.023074439 0.0021397253 3.3540678e-20)
(-0.031482703 0.0048386475 -4.6285302e-20)
(-0.040078541 0.0086524615 1.7674662e-20)
(-0.048268342 0.013506044 -1.5791735e-20)
(-0.055591105 0.019234046 1.0040378e-19)
(-0.061642278 0.025580989 1.6027122e-20)
(-0.066194206 0.032272159 -1.3928705e-19)
(-0.069079941 0.038996256 1.1757453e-19)
(-0.070299331 0.045478916 2.2209638e-21)
(-0.069849566 0.051414455 -3.4992659e-20)
(-0.067934389 0.056624984 3.1436685e-20)
(-0.064593994 0.060802546 -4.8564229e-20)
(-0.060110755 0.063843969 3.6812158e-21)
(-0.05476378 0.065686492 -6.4632063e-21)
(-0.048665343 0.066099315 4.2604889e-21)
(-0.042148576 0.065136288 -6.8683416e-22)
(-0.035431884 0.062750907 -5.3006616e-20)
(-0.028765247 0.058986099 7.9251642e-20)
(-0.022378487 0.053909078 8.3452702e-20)
(-0.016484624 0.047620656 3.3549766e-20)
(-0.011276485 0.040256044 7.6317111e-20)
(-0.0069199244 0.031974499 -1.6911968e-20)
(-0.0035495711 0.022962263 4.8495855e-20)
(-0.0012738596 0.0134278 3.7769566e-20)
(-0.00015212253 0.0035835515 5.0168328e-21)
)
;
    }
    frontAndBack
    {
        type            empty;
    }
}


// ************************************************************************* //
