/*--------------------------------*- C++ -*----------------------------------*\
  =========                 |
  \\      /  F ield         | OpenFOAM: The Open Source CFD Toolbox
   \\    /   O peration     | Website:  https://openfoam.org
    \\  /    A nd           | Version:  13
     \\/     M anipulation  |
\*---------------------------------------------------------------------------*/
FoamFile
{
    format      ascii;
    class       volVectorField;
    location    "24.999992";
    object      wallShearStress;
}
// * * * * * * * * * * * * * * * * * * * * * * * * * * * * * * * * * * * * * //

dimensions      [0 2 -2 0 0 0 0];

internalField   uniform (0 0 0);

boundaryField
{
    inlet
    {
        type            calculated;
        value           uniform (0 0 0);
    }
    outlet
    {
        type            calculated;
        value           uniform (0 0 0);
    }
    cylinder
    {
        type            calculated;
        value           nonuniform List<vector> 
132
(
(7.8433814e-06 -0.00024453744 -2.4343116e-22)
(3.0717982e-05 -0.00063836171 6.9388665e-23)
(7.57426e-05 -0.0010322014 3.8339443e-21)
(0.0001429528 -0.0014188645 -1.2872025e-20)
(0.00023157782 -0.0017906479 9.0903099e-21)
(0.00033997003 -0.0021396244 2.7788981e-20)
(0.00046556234 -0.002457884 -5.2679798e-21)
(0.00060485858 -0.0027378091 -2.0883039e-20)
(0.00075340823 -0.0029724736 1.9697845e-20)
(0.00090621336 -0.003155869 -4.4203819e-20)
(0.0010576172 -0.0032833966 -8.0519677e-22)
(0.0012016349 -0.0033521087 2.7521894e-20)
(0.001332367 -0.0033612594 4.4941687e-20)
(0.0014442763 -0.0033122212 -3.6554651e-20)
(0.0015328192 -0.0032090915 3.8545091e-20)
(0.0015947484 -0.0030583214 6.2127546e-20)
(0.0016282147 -0.002867965 -4.0767486e-20)
(0.0016340515 -0.00264911 6.5481979e-20)
(0.0016153503 -0.002413959 8.6685459e-20)
(0.0015775917 -0.0021752749 -5.629199e-20)
(0.0015288402 -0.001945995 -7.1817217e-20)
(0.0014797494 -0.0017386296 2.5280218e-23)
(0.0014437708 -0.0015649698 1.0434134e-20)
(0.0014369501 -0.0014353364 -1.2499781e-20)
(0.0014776359 -0.0013579054 -2.1274035e-20)
(0.001584243 -0.0013365328 4.5511869e-21)
(0.0017710615 -0.0013680023 -4.1096546e-20)
(0.0020396776 -0.0014376542 1.0979428e-20)
(0.002378615 -0.0015233045 8.6194756e-21)
(0.0027598716 -0.0015969943 -5.934092e-20)
(0.0031454553 -0.0016327128 7.7390607e-20)
(0.003501769 -0.0016152909 2.3405596e-21)
(0.0038052787 -0.0015409585 1.6855918e-20)
(0.0040190132 -0.0014060848 -1.9950471e-20)
(0.0040629973 -0.0012018562 6.331073e-20)
(0.0038043408 -0.00092316471 -3.9987597e-21)
(0.0030792027 -0.0005868656 1.6109052e-20)
(0.0016768957 -0.00023820208 -2.2093131e-21)
(-0.00060624364 2.889264e-05 3.1669761e-21)
(-0.0039995503 8.0288317e-05 -1.9740963e-21)
(-0.0088486256 -0.00030036749 3.6860374e-21)
(-0.015130764 -0.0014104335 -1.1373041e-22)
(-0.022327599 -0.0034389931 4.1733533e-20)
(-0.030004143 -0.00648483 -1.60976e-20)
(-0.037599502 -0.0105271 1.4540155e-20)
(-0.044620188 -0.015444237 -9.3491332e-20)
(-0.05063158 -0.021018811 -1.509228e-20)
(-0.055360587 -0.026996964 1.3261894e-19)
(-0.058611423 -0.033092702 -1.1319895e-19)
(-0.060340933 -0.039041999 -2.1631249e-21)
(-0.06054309 -0.044569235 3.4533838e-20)
(-0.059354769 -0.049478313 -3.1514377e-20)
(-0.056861879 -0.053528914 -6.1945975e-21)
(-0.053262206 -0.056574104 -3.9591758e-21)
(-0.04879232 -0.058528112 -6.1214102e-21)
(-0.043619813 -0.059250553 -2.7159568e-21)
(-0.037997016 -0.058724935 5.9305775e-22)
(-0.032139093 -0.056924221 4.8359852e-20)
(-0.026269596 -0.053874213 -7.4122646e-20)
(-0.020599049 -0.049629461 -7.9253859e-20)
(-0.015323738 -0.04427628 -3.2218046e-20)
(-0.010621216 -0.037929963 -7.395023e-20)
(-0.0066462114 -0.030731052 1.6517096e-20)
(-0.0035254442 -0.022841845 2.4057653e-20)
(-0.0013615945 -0.014456237 -3.7428852e-20)
(-0.00021044603 -0.0057307741 -5.0055146e-21)
(6.4624007e-06 0.00014612595 -1.1183418e-21)
(2.6295627e-05 0.00053378247 -6.6510562e-23)
(6.7441595e-05 0.00091511666 -3.8109449e-21)
(0.00012938104 0.0012829864 1.2751289e-20)
(0.0002108004 0.0016300014 -8.9802481e-21)
(0.00030955873 0.0019488295 -2.7376546e-20)
(0.00042268967 0.0022324576 5.1754009e-21)
(0.00054644463 0.0024744617 2.0459347e-20)
(0.00067637125 0.0026693584 -1.9245181e-20)
(0.00080747231 0.0028128726 4.3071259e-20)
(0.00093458275 0.0029023056 7.8251788e-22)
(0.0010523973 0.0029366367 -2.6676963e-20)
(0.0011560156 0.0029171592 -4.3454304e-20)
(0.001241039 0.0028468503 3.5261708e-20)
(0.0013044549 0.0027316295 -3.7099576e-20)
(0.0013440887 0.0025781607 -5.9675281e-20)
(0.0013600701 0.002396069 3.908491e-20)
(0.0013543802 0.0021960018 -6.2674447e-20)
(0.0013310633 0.0019892704 -8.2846439e-20)
(0.001296826 0.0017881219 5.3730889e-20)
(0.0012600295 0.0016036396 6.8476476e-20)
(0.0012318512 0.0014469687 6.1317785e-20)
(0.0012256353 0.001327929 5.0366428e-20)
(0.0012574377 0.0012552532 1.1893728e-20)
(0.0013449641 0.001235095 2.0235753e-20)
(0.0015052415 0.0012690029 -4.3283926e-21)
(0.0017471373 0.001348774 3.9085737e-20)
(0.0020690876 0.0014578659 -1.0444054e-20)
(0.0024486283 0.0015679266 -8.2021904e-21)
(0.0028492785 0.001648753 5.6492739e-20)
(0.0032359789 0.0016798455 -7.3712803e-20)
(0.0035829601 0.0016529174 -2.2175767e-21)
(0.0038712447 0.0015678965 3.6574658e-20)
(0.0040535059 0.0014184974 1.904928e-20)
(0.0040420735 0.001196193 -6.0539533e-20)
(0.0036964498 0.0008978453 3.831095e-21)
(0.0028418638 0.00054323277 1.1281815e-20)
(0.0012609369 0.00018342698 2.1273518e-21)
(-0.0012444601 -7.9433851e-05 -3.0579274e-21)
(-0.0048845909 -0.00010213531 1.9113471e-21)
(-0.010010566 0.00033710783 -3.576956e-21)
(-0.016539706 0.0015396539 2.9140402e-20)
(-0.023907265 0.0036802315 -4.0545078e-20)
(-0.031664039 0.006841454 1.5615277e-20)
(-0.039217433 0.010978149 -1.4063956e-20)
(-0.046112521 0.015958997 9.0063773e-20)
(-0.05192794 0.021554501 1.445826e-20)
(-0.056411037 0.027506799 -1.2616613e-19)
(-0.059393824 0.033532068 1.067161e-19)
(-0.060849038 0.039368403 2.0150128e-21)
(-0.060782224 0.04474293 -3.1629134e-20)
(-0.059352236 0.049473844 2.8138489e-20)
(-0.056630622 0.05330865 -4.2569491e-20)
(-0.05283831 0.056121343 3.0402122e-21)
(-0.048226304 0.057846412 -3.6480405e-21)
(-0.042935209 0.058317516 5.7671424e-21)
(-0.037235504 0.057544481 -7.529736e-22)
(-0.031337706 0.055500642 -5.5436478e-20)
(-0.025464408 0.052217806 8.1262691e-20)
(-0.019824515 0.047756835 8.4685285e-20)
(-0.014610917 0.042207849 3.3840258e-20)
(-0.0099979988 0.035691599 7.6697359e-20)
(-0.0061359272 0.028351119 -1.6959671e-20)
(-0.0031468068 0.020353669 4.8578244e-20)
(-0.0011280335 0.01188615 3.7821583e-20)
(-0.00013409973 0.0031420373 5.0256861e-21)
)
;
    }
    frontAndBack
    {
        type            empty;
    }
}


// ************************************************************************* //
