/*--------------------------------*- C++ -*----------------------------------*\
  =========                 |
  \\      /  F ield         | OpenFOAM: The Open Source CFD Toolbox
   \\    /   O peration     | Website:  https://openfoam.org
    \\  /    A nd           | Version:  13
     \\/     M anipulation  |
\*---------------------------------------------------------------------------*/
FoamFile
{
    format      ascii;
    class       volVectorField;
    location    "1.699959";
    object      wallShearStress;
}
// * * * * * * * * * * * * * * * * * * * * * * * * * * * * * * * * * * * * * //

dimensions      [0 2 -2 0 0 0 0];

internalField   uniform (0 0 0);

boundaryField
{
    inlet
    {
        type            calculated;
        value           uniform (0 0 0);
    }
    outlet
    {
        type            calculated;
        value           uniform (0 0 0);
    }
    cylinder
    {
        type            calculated;
        value           nonuniform List<vector> 
132
(
(8.9911595e-05 -0.0014475599 -3.4461287e-22)
(0.00037612117 -0.0074703238 9.8836274e-23)
(0.00099371821 -0.013411832 5.5694586e-21)
(0.0019309596 -0.019109536 -1.9253731e-20)
(0.0031575762 -0.024395526 1.4124204e-20)
(0.0046234901 -0.029100155 4.5138824e-20)
(0.0062574697 -0.033059703 -8.979304e-21)
(0.0079704935 -0.036123667 -3.7385547e-20)
(0.0096586081 -0.038165009 3.6975373e-20)
(0.011206132 -0.03909301 -8.6649524e-20)
(0.012495126 -0.038866745 -1.6378246e-21)
(0.013417496 -0.037510126 5.7699575e-20)
(0.013887145 -0.035116748 9.6253962e-20)
(0.013857907 -0.031862933 -7.926203e-20)
(0.01332458 -0.027974413 8.385952e-20)
(0.012349333 -0.023753437 1.3448334e-19)
(0.011026291 -0.019480496 -8.7169024e-20)
(0.0094880104 -0.015428328 1.3749138e-19)
(0.007896469 -0.011836645 1.7803447e-19)
(0.0063890219 -0.008836936 -1.1282506e-19)
(0.0050989232 -0.0065092414 -1.40382e-19)
(0.0041204741 -0.0048527167 4.8647673e-23)
(0.0035332748 -0.0038342854 1.9454102e-20)
(0.0033913239 -0.0033860467 -2.2836693e-20)
(0.0037172456 -0.0034106717 -3.8221434e-20)
(0.0044579991 -0.003754652 8.0797056e-21)
(0.0054381773 -0.0041962899 -7.2511157e-20)
(0.0063878174 -0.00450334 1.9362826e-20)
(0.0070793366 -0.0045394872 1.5256042e-20)
(0.0074155657 -0.0042997172 -1.0568246e-19)
(0.0073873611 -0.0038447215 1.3892739e-19)
(0.0069694572 -0.003226256 4.2439539e-21)
(0.0060701758 -0.0024714017 3.0944857e-20)
(0.0045368759 -0.0016033599 -3.7171006e-20)
(0.0021899702 -0.00066831146 1.1991351e-19)
(-0.0011637326 0.00025318995 -7.7040914e-21)
(-0.0056377468 0.0010302641 3.1524751e-20)
(-0.011388387 0.001497219 -4.376989e-21)
(-0.018287337 0.0014399905 6.3133092e-21)
(-0.026327661 0.00066237789 -3.9321224e-21)
(-0.035746699 -0.0011392627 7.2685107e-21)
(-0.045875048 -0.004222736 -2.1980944e-22)
(-0.055722222 -0.0085351936 7.8615732e-20)
(-0.064934791 -0.013993153 -2.9450874e-20)
(-0.072950351 -0.020390006 2.5822848e-20)
(-0.079536491 -0.027495969 -1.6150968e-19)
(-0.084439399 -0.035019173 -2.5444879e-20)
(-0.087570901 -0.042674387 2.193482e-19)
(-0.088889409 -0.050161708 -1.8477534e-19)
(-0.088462743 -0.057214656 -3.5116466e-21)
(-0.086358813 -0.063553934 5.6346463e-20)
(-0.082795946 -0.069001899 -5.2501905e-20)
(-0.077870227 -0.073291107 -1.0846945e-20)
(-0.0718448 -0.076299654 -7.8017749e-21)
(-0.065004133 -0.077963958 -1.7822521e-20)
(-0.057503012 -0.078099377 5.3370363e-21)
(-0.04965318 -0.076731834 2.7639249e-22)
(-0.041688659 -0.073831596 3.8757134e-20)
(-0.03386285 -0.069441053 -6.8761157e-20)
(-0.02641264 -0.06363161 -7.8542184e-20)
(-0.01955883 -0.056509386 -3.3096482e-20)
(-0.013501873 -0.048214178 -7.7606556e-20)
(-0.0084163667 -0.038913336 1.7563871e-20)
(-0.0044451543 -0.028799671 2.5789956e-20)
(-0.00170552 -0.018102853 -4.0306084e-20)
(-0.00025892548 -0.0070067216 -5.399853e-21)
(0.00013184714 0.0045590943 -1.59031e-21)
(0.00049977305 0.01050945 -9.6124895e-23)
(0.0011916064 0.016304034 -5.6563742e-21)
(0.0021893688 0.021781235 1.9630113e-20)
(0.0034566516 0.026776552 -1.444742e-20)
(0.0049375741 0.031125392 -4.6257799e-20)
(0.0065553453 0.034672584 9.2063842e-21)
(0.0082187132 0.037279173 3.8299916e-20)
(0.0098216915 0.038834182 -3.7807464e-20)
(0.011250107 0.039267011 8.8352792e-20)
(0.012391996 0.038563341 1.664393e-21)
(0.013147757 0.036770694 -5.8407184e-20)
(0.01344869 0.034020294 -9.7040398e-20)
(0.013258358 0.030494517 7.9598586e-20)
(0.012600414 0.026461723 -8.3899209e-20)
(0.011542705 0.022206455 -1.3413392e-19)
(0.010186595 0.017999935 8.6711962e-20)
(0.008678706 0.014113947 -1.3653594e-19)
(0.0071611823 0.010735634 -1.7660295e-19)
(0.005771523 0.0079828989 1.118769e-19)
(0.0046231669 0.0059008954 1.3922009e-19)
(0.0038036845 0.0044776688 1.2182857e-19)
(0.0033831537 0.0036687918 9.7962291e-20)
(0.0034074446 0.0033997362 2.2708068e-20)
(0.0038801791 0.0035587681 3.8067393e-20)
(0.0047147859 0.0039703717 -8.0637306e-21)
(0.0057015138 0.0044005996 7.252586e-20)
(0.0065760792 0.0046375445 -1.9400502e-20)
(0.0071537485 0.0045885626 -1.5305454e-20)
(0.007376113 0.0042779672 1.0612511e-19)
(0.0072376809 0.0037679353 -1.396479e-19)
(0.006695644 0.0031009196 -4.2459815e-21)
(0.0056401997 0.002298468 7.0952122e-20)
(0.0039111907 0.0013860031 3.7519244e-20)
(0.0013180287 0.00041253295 -1.2121955e-19)
(-0.0023227959 -0.00053124362 7.7972068e-21)
(-0.0071109737 -0.001305508 2.3284514e-20)
(-0.013163408 -0.0017346162 4.4342621e-21)
(-0.020346721 -0.0016056006 -6.392395e-21)
(-0.028621444 -0.00072347685 3.9766263e-21)
(-0.038184223 0.0012136025 -7.3360233e-21)
(-0.048367669 0.0044494269 5.8361582e-20)
(-0.058167697 0.0089070704 -7.8871943e-20)
(-0.067215709 0.014482387 2.9437883e-20)
(-0.074999413 0.020960618 -2.5711451e-20)
(-0.081306234 0.028104967 1.6011172e-19)
(-0.085892743 0.035619232 2.5108674e-20)
(-0.088700447 0.043222233 -2.1532625e-19)
(-0.089692257 0.050612252 1.8031812e-19)
(-0.088956234 0.05753135 3.4027304e-21)
(-0.086558196 0.063698194 -5.4110158e-20)
(-0.082739923 0.06895272 4.9817424e-20)
(-0.077576522 0.073011955 -8.1422861e-20)
(-0.071353934 0.07577567 7.0391968e-21)
(-0.06436924 0.077199537 -2.0578016e-20)
(-0.056749091 0.07707207 -2.7333899e-21)
(-0.048824457 0.075447371 -4.1372521e-22)
(-0.040823461 0.072294826 -4.4877118e-20)
(-0.032998585 0.06766327 7.4970441e-20)
(-0.02558479 0.061630225 8.3286749e-20)
(-0.018799337 0.054305661 3.4518604e-20)
(-0.012839373 0.045834856 8.0021555e-20)
(-0.0078747835 0.036387544 -1.7953789e-20)
(-0.0040437421 0.026161695 5.1912015e-20)
(-0.0014579968 0.015378994 4.0653004e-20)
(-0.00017804353 0.0042647874 5.4182685e-21)
)
;
    }
    frontAndBack
    {
        type            empty;
    }
}


// ************************************************************************* //
