/*--------------------------------*- C++ -*----------------------------------*\
  =========                 |
  \\      /  F ield         | OpenFOAM: The Open Source CFD Toolbox
   \\    /   O peration     | Website:  https://openfoam.org
    \\  /    A nd           | Version:  13
     \\/     M anipulation  |
\*---------------------------------------------------------------------------*/
FoamFile
{
    format      ascii;
    class       volVectorField;
    location    "33.098705";
    object      wallShearStress;
}
// * * * * * * * * * * * * * * * * * * * * * * * * * * * * * * * * * * * * * //

dimensions      [0 2 -2 0 0 0 0];

internalField   uniform (0 0 0);

boundaryField
{
    inlet
    {
        type            calculated;
        value           uniform (0 0 0);
    }
    outlet
    {
        type            calculated;
        value           uniform (0 0 0);
    }
    cylinder
    {
        type            calculated;
        value           nonuniform List<vector> 
132
(
(2.3615671e-05 -0.0014499517 -2.6315158e-22)
(7.523649e-05 -0.0017497382 7.4934558e-23)
(0.00014415549 -0.002039925 4.1352867e-21)
(0.00022927139 -0.0023152138 -1.3864255e-20)
(0.00032930277 -0.0025703083 9.7753749e-21)
(0.00044236417 -0.002799946 2.9829639e-20)
(0.00056597385 -0.0029991302 -5.6436302e-21)
(0.00069706164 -0.003163362 -2.2324095e-20)
(0.00083208364 -0.0032887996 2.100863e-20)
(0.00096720855 -0.0033725699 -4.7031199e-20)
(0.001098311 -0.0034128003 -8.5458745e-22)
(0.0012213235 -0.0034091647 2.9134394e-20)
(0.0013323045 -0.0033624963 4.74538e-20)
(0.0014279944 -0.0032756789 -3.8501294e-20)
(0.0015057018 -0.0031526372 4.0500174e-20)
(0.0015640426 -0.0029993464 6.5129873e-20)
(0.0016028357 -0.002822837 -4.2647586e-20)
(0.0016235933 -0.0026314517 6.8371091e-20)
(0.0016299891 -0.0024348999 9.035783e-20)
(0.0016275352 -0.0022430089 -5.8591433e-20)
(0.0016243861 -0.0020663228 -7.4660273e-20)
(0.0016311188 -0.001915085 2.6278415e-23)
(0.001661035 -0.0017990476 1.0828903e-20)
(0.0017299627 -0.0017266881 -1.2966747e-20)
(0.0018544271 -0.001703092 -2.2064959e-20)
(0.0020494454 -0.0017283275 4.7209446e-21)
(0.002324297 -0.0017951359 -4.2647557e-20)
(0.0026734217 -0.0018845787 1.1402007e-20)
(0.0030780639 -0.0019717947 8.960247e-21)
(0.003503565 -0.0020280781 -6.1764569e-20)
(0.0039048172 -0.0020277297 8.0671538e-20)
(0.004245261 -0.0019591996 2.4440414e-21)
(0.0044901897 -0.0018194957 1.7638498e-20)
(0.0045723938 -0.0016012658 -2.0930357e-20)
(0.0043859263 -0.001299502 6.6613281e-20)
(0.0037783152 -0.00091985966 -4.2204869e-21)
(0.0025727907 -0.00049534404 1.7054168e-20)
(0.00054823962 -9.0576942e-05 -2.3451002e-21)
(-0.0024784692 0.00017825504 3.3672012e-21)
(-0.0066782987 0.00014614606 -2.1001173e-21)
(-0.012417988 -0.00041371411 3.917053e-21)
(-0.019595919 -0.0018208607 -1.2052201e-22)
(-0.027583685 -0.0042432144 4.4046937e-20)
(-0.035925806 -0.0077597518 -1.6912275e-20)
(-0.044039393 -0.012326096 1.5208431e-20)
(-0.051477436 -0.017814144 -9.7414432e-20)
(-0.057782212 -0.023983522 -1.5674006e-20)
(-0.062687189 -0.030566731 1.3742819e-19)
(-0.06600336 -0.037263723 -1.1714699e-19)
(-0.067676588 -0.043786291 -2.2382936e-21)
(-0.067712328 -0.049845291 3.5780872e-20)
(-0.066240239 -0.055216721 -3.2761265e-20)
(-0.063360813 -0.059645974 -6.4899533e-21)
(-0.059294816 -0.062981173 -4.2251204e-21)
(-0.054282386 -0.065113175 -7.0281917e-21)
(-0.048507136 -0.065888948 -1.9881087e-21)
(-0.042246825 -0.06529304 5.5772391e-22)
(-0.035734892 -0.063293233 4.6887062e-20)
(-0.029216576 -0.059918407 -7.2700346e-20)
(-0.022922391 -0.055227929 -7.8197758e-20)
(-0.017067631 -0.049316391 -3.1901991e-20)
(-0.011847208 -0.042310284 -7.3394209e-20)
(-0.0074312276 -0.034364438 1.6418654e-20)
(-0.0039585831 -0.025656549 2.3940701e-20)
(-0.0015433105 -0.016403095 -3.7275486e-20)
(-0.00024522669 -0.0067665065 -4.9875549e-21)
(-1.1553736e-05 -0.0011429549 -1.2100008e-21)
(-3.0058856e-05 -0.00082789376 -7.201395e-23)
(-3.0953097e-05 -0.00050601868 -4.1289555e-21)
(-1.394942e-05 -0.00018328492 1.3822607e-20)
(2.1072821e-05 0.00013563338 -9.7390126e-21)
(7.3330963e-05 0.00044540166 -2.9701236e-20)
(0.00014234749 0.00074027349 5.6167647e-21)
(0.00022602518 0.0010148438 2.2211439e-20)
(0.00032202839 0.0012640585 -2.0900603e-20)
(0.00042749296 0.0014834036 4.6794723e-20)
(0.00053907013 0.0016691754 8.5056122e-22)
(0.00065325202 0.0018186499 -2.9014023e-20)
(0.00076642159 0.0019303208 -4.7294487e-20)
(0.00087510347 0.0020040607 3.8409842e-20)
(0.00097626466 0.0020412689 -4.0450972e-20)
(0.0010676056 0.0020449025 -6.5136524e-20)
(0.0011478775 0.002019465 4.2712908e-20)
(0.001217255 0.0019710018 -6.8579132e-20)
(0.0012774795 0.0019066377 -9.0772205e-20)
(0.0013325758 0.001834985 5.8950172e-20)
(0.0013887352 0.0017651747 7.5228419e-20)
(0.0014548066 0.0017068314 6.7451082e-20)
(0.0015417881 0.0016688145 5.5473935e-20)
(0.0016626205 0.0016586183 1.3115675e-20)
(0.0018297837 0.0016798935 2.2341167e-20)
(0.002052626 0.0017307786 -4.7842354e-21)
(0.0023347356 0.0018032595 4.3249848e-20)
(0.0026715569 0.0018835313 -1.1569163e-20)
(0.0030444114 0.0019506306 -9.0950295e-21)
(0.0034221881 0.0019813641 6.2707882e-20)
(0.0037755183 0.0019609017 -8.1916612e-20)
(0.0040717795 0.0018794445 -2.4677342e-21)
(0.0042645719 0.0017285168 4.0767147e-20)
(0.0042714309 0.0014966107 2.1272352e-20)
(0.0039746261 0.001178886 -6.7730838e-20)
(0.0032142361 0.00078473439 4.2928856e-21)
(0.0018113349 0.00035348957 1.2652701e-20)
(-0.00045206273 -4.2186759e-05 2.3852188e-21)
(-0.0037682837 -0.00028215138 -3.4215568e-21)
(-0.0082402427 -0.00018774758 2.1306712e-21)
(-0.014238464 0.00047022081 -3.9631558e-21)
(-0.021620851 0.002005772 3.2021625e-20)
(-0.02968511 0.0045633359 -4.414518e-20)
(-0.037986352 0.0082018502 1.6846473e-20)
(-0.045957193 0.01286046 -1.504526e-20)
(-0.053138292 0.018386514 9.5621242e-20)
(-0.059121542 0.024536227 1.5256388e-20)
(-0.06367162 0.031043583 -1.3248147e-19)
(-0.066610058 0.037603189 1.1167514e-19)
(-0.067926261 0.043944811 2.1045588e-21)
(-0.067609178 0.04976636 -3.3026945e-20)
(-0.065848528 0.054887239 2.9460556e-20)
(-0.062686992 0.059008242 -4.4887293e-20)
(-0.058389708 0.062016584 3.2849222e-21)
(-0.053230386 0.063847687 -4.7080152e-21)
(-0.047327574 0.064282569 5.1951867e-21)
(-0.041000978 0.063362856 -7.272455e-22)
(-0.034468862 0.061045201 -5.4438411e-20)
(-0.027977095 0.057369451 8.0358211e-20)
(-0.02175299 0.052401424 8.4046409e-20)
(-0.016007158 0.046239927 3.365419e-20)
(-0.010930363 0.039018058 7.6368486e-20)
(-0.0066867226 0.030892827 -1.6898707e-20)
(-0.0034094873 0.022048301 4.8420429e-20)
(-0.0012057815 0.012689037 3.7702431e-20)
(-0.00013516559 0.003033936 5.0092965e-21)
)
;
    }
    frontAndBack
    {
        type            empty;
    }
}


// ************************************************************************* //
