/*--------------------------------*- C++ -*----------------------------------*\
  =========                 |
  \\      /  F ield         | OpenFOAM: The Open Source CFD Toolbox
   \\    /   O peration     | Website:  https://openfoam.org
    \\  /    A nd           | Version:  13
     \\/     M anipulation  |
\*---------------------------------------------------------------------------*/
FoamFile
{
    format      ascii;
    class       volVectorField;
    location    "36.203122";
    object      wallShearStress;
}
// * * * * * * * * * * * * * * * * * * * * * * * * * * * * * * * * * * * * * //

dimensions      [0 2 -2 0 0 0 0];

internalField   uniform (0 0 0);

boundaryField
{
    inlet
    {
        type            calculated;
        value           uniform (0 0 0);
    }
    outlet
    {
        type            calculated;
        value           uniform (0 0 0);
    }
    cylinder
    {
        type            calculated;
        value           nonuniform List<vector> 
132
(
(-1.6058114e-05 0.0014591671 -2.7317874e-22)
(-4.3635567e-05 0.0011572527 7.7743223e-23)
(-5.4399625e-05 0.00084437765 4.288137e-21)
(-4.734094e-05 0.00052446043 -1.4369557e-20)
(-2.1948986e-05 0.00020344906 1.0127334e-20)
(2.1634568e-05 -0.00011366743 3.0893837e-20)
(8.2583611e-05 -0.00042151193 -5.8440089e-21)
(0.00016014502 -0.00071414491 -2.3116549e-20)
(0.0002520621 -0.00098605418 2.1758513e-20)
(0.00035578195 -0.0012320892 -4.8729854e-20)
(0.00046817893 -0.0014477244 -8.860007e-22)
(0.00058578481 -0.0016292972 3.02328e-20)
(0.00070491149 -0.0017741793 4.9297682e-20)
(0.00082185935 -0.0018811367 -4.005066e-20)
(0.00093313592 -0.001950285 4.219414e-20)
(0.0010359194 -0.0019835585 6.7968149e-20)
(0.0011281373 -0.0019842206 -4.4586013e-20)
(0.0012092144 -0.0019575885 7.1611868e-20)
(0.0012799171 -0.0019100021 9.4818858e-20)
(0.0013431646 -0.0018494064 -6.159745e-20)
(0.0014042874 -0.0017848976 -7.8628939e-20)
(0.0014708998 -0.001725775 2.7715427e-23)
(0.0015535068 -0.0016816567 1.1439829e-20)
(0.0016641731 -0.0016603933 -1.3715663e-20)
(0.0018161987 -0.0016676679 -2.3363608e-20)
(0.0020207119 -0.0017040861 5.002778e-21)
(0.0022841795 -0.0017643732 -4.5216489e-20)
(0.0026031194 -0.0018353658 1.2091344e-20)
(0.0029634644 -0.0018987324 9.5011424e-21)
(0.003342274 -0.00193495 -6.546771e-20)
(0.0037081302 -0.0019256872 8.5456441e-20)
(0.0040271256 -0.0018585519 2.5870978e-21)
(0.0042573235 -0.0017251846 1.8654951e-20)
(0.0043236832 -0.0015143243 -2.2113371e-20)
(0.0041170935 -0.0012201904 7.0284303e-20)
(0.0034850246 -0.00084913442 -4.4454719e-21)
(0.0022514645 -0.00043504181 1.7924826e-20)
(0.00019679453 -4.3385338e-05 -2.4583589e-21)
(-0.0028638006 0.00020902985 3.5187652e-21)
(-0.0070849577 0.00015701982 -2.1869522e-21)
(-0.012839246 -0.00042647551 4.0626296e-21)
(-0.020019992 -0.0018593361 -1.24454e-22)
(-0.027991196 -0.0043050507 4.5292606e-20)
(-0.036294379 -0.0078385772 -1.732069e-20)
(-0.044352217 -0.012413123 1.5519413e-20)
(-0.051730984 -0.017901435 -9.9082095e-20)
(-0.057968167 -0.02406001 -1.5894792e-20)
(-0.06280339 -0.030622749 1.3899726e-19)
(-0.066052252 -0.037290719 -1.1818867e-19)
(-0.067662857 -0.043776831 -2.2528903e-21)
(-0.067639232 -0.049790926 3.5923683e-20)
(-0.066120506 -0.05511638 -3.2803681e-20)
(-0.063194562 -0.059488847 -6.4717348e-21)
(-0.059089975 -0.062763027 -4.1859616e-21)
(-0.054054791 -0.064839526 -6.807176e-21)
(-0.04825788 -0.065549615 -2.2328855e-21)
(-0.041986112 -0.064889216 5.7284068e-22)
(-0.03546991 -0.062822793 4.7644462e-20)
(-0.028955076 -0.059380689 -7.3541851e-20)
(-0.022672072 -0.054622899 -7.8889542e-20)
(-0.016835911 -0.048644103 -3.212199e-20)
(-0.011641629 -0.041571913 -7.3785099e-20)
(-0.0072589351 -0.033560674 1.6483653e-20)
(-0.003826824 -0.024789986 2.4004392e-20)
(-0.0014587783 -0.015471423 -3.7327428e-20)
(-0.00021634401 -0.0057846503 -4.9878814e-21)
(2.7417845e-05 0.0017486263 -1.2567651e-21)
(8.6311444e-05 0.0020263139 -7.4835073e-23)
(0.00016110845 0.002290045 -4.2925335e-21)
(0.00025036286 0.0025347999 1.4374994e-20)
(0.00035246982 0.0027558332 -1.0130293e-20)
(0.00046527708 0.0029485253 -3.0895576e-20)
(0.00058613272 0.0031087462 5.8418347e-21)
(0.00071187644 0.0032329321 2.3093618e-20)
(0.00083909236 0.0033183943 -2.1718441e-20)
(0.00096411225 0.0033633164 4.8586952e-20)
(0.0010832402 0.0033672302 8.8224659e-22)
(0.0011928512 0.0033307095 -3.0055715e-20)
(0.0012898344 0.0032561245 -4.8919864e-20)
(0.0013715177 0.003146763 3.9663582e-20)
(0.0014363329 0.003007859 -4.1695037e-20)
(0.0014836947 0.0028455813 -6.7010065e-20)
(0.0015144109 0.0026672722 4.3853425e-20)
(0.0015312086 0.0024817405 -7.0268415e-20)
(0.0015383036 0.0022978182 -9.2823536e-20)
(0.001542407 0.0021254276 6.0167898e-20)
(0.0015521181 0.0019739957 7.6646324e-20)
(0.0015790413 0.0018534188 6.8612103e-20)
(0.0016367171 0.0017720931 5.6349467e-20)
(0.0017410506 0.001737104 1.3306937e-20)
(0.0019069838 0.0017507657 2.2645841e-20)
(0.0021454102 0.0018088243 -4.8462579e-21)
(0.0024590923 0.0018990187 4.3794011e-20)
(0.0028398991 0.0020019243 -1.1713379e-20)
(0.0032608072 0.0020890781 -9.2097988e-21)
(0.0036799509 0.0021305299 6.3520171e-20)
(0.0040615995 0.0021095232 -8.3013679e-20)
(0.0043712405 0.0020177724 -2.5021454e-21)
(0.0045647672 0.0018502969 4.1362156e-20)
(0.0045608543 0.0015980844 2.1599675e-20)
(0.004237847 0.0012569627 -6.8840639e-20)
(0.0034301753 0.000837352 4.368579e-21)
(0.0019531303 0.00038077179 1.2894855e-20)
(-0.00041675309 -3.6636162e-05 2.4350675e-21)
(-0.0038721112 -0.00028971116 -3.4997091e-21)
(-0.0085123825 -0.000193901 2.1837468e-21)
(-0.014711428 0.00048568175 -4.070402e-21)
(-0.022307245 0.0020691487 3.2955192e-20)
(-0.03056741 0.0046985596 -4.5515894e-20)
(-0.039040842 0.0084290469 1.7398286e-20)
(-0.047148835 0.013193337 -1.5562305e-20)
(-0.054427452 0.018831975 9.9064083e-20)
(-0.06047072 0.025095554 1.5833999e-20)
(-0.065046714 0.031713454 -1.3779775e-19)
(-0.067982212 0.038377299 1.1649449e-19)
(-0.069270306 0.044813907 2.2042893e-21)
(-0.068907431 0.050721653 -3.480429e-20)
(-0.067082377 0.055915455 3.1349987e-20)
(-0.063848089 0.060101139 -4.8663213e-20)
(-0.05947015 0.063164173 3.7208847e-21)
(-0.054219383 0.065034158 -6.8219112e-21)
(-0.048223983 0.065500551 3.9475046e-21)
(-0.041801499 0.064600671 -6.660815e-22)
(-0.035172874 0.062293062 -5.1898542e-20)
(-0.028585187 0.058617904 7.7942356e-20)
(-0.022266831 0.053641422 8.2306169e-20)
(-0.016429506 0.04746322 3.3159378e-20)
(-0.011264795 0.040216956 7.5565029e-20)
(-0.0069375634 0.032060371 -1.677328e-20)
(-0.003581734 0.023178117 4.8178003e-20)
(-0.0013050049 0.013778078 3.7587511e-20)
(-0.0001656584 0.0040657633 5.0022174e-21)
)
;
    }
    frontAndBack
    {
        type            empty;
    }
}


// ************************************************************************* //
