/*--------------------------------*- C++ -*----------------------------------*\
  =========                 |
  \\      /  F ield         | OpenFOAM: The Open Source CFD Toolbox
   \\    /   O peration     | Website:  https://openfoam.org
    \\  /    A nd           | Version:  13
     \\/     M anipulation  |
\*---------------------------------------------------------------------------*/
FoamFile
{
    format      ascii;
    class       volVectorField;
    location    "40.096249";
    object      wallShearStress;
}
// * * * * * * * * * * * * * * * * * * * * * * * * * * * * * * * * * * * * * //

dimensions      [0 2 -2 0 0 0 0];

internalField   uniform (0 0 0);

boundaryField
{
    inlet
    {
        type            calculated;
        value           uniform (0 0 0);
    }
    outlet
    {
        type            calculated;
        value           uniform (0 0 0);
    }
    cylinder
    {
        type            calculated;
        value           nonuniform List<vector> 
132
(
(2.5966141e-06 5.7118822e-05 -2.8608585e-22)
(1.2928535e-05 -0.0002348969 8.1155392e-23)
(3.9052132e-05 -0.00051988773 4.4617288e-21)
(8.0422149e-05 -0.00079311399 -1.4901321e-20)
(0.00013605844 -0.001049847 1.0466229e-20)
(0.00020438802 -0.0012855876 3.1815954e-20)
(0.00028340286 -0.0014962338 -5.9967971e-21)
(0.00037068731 -0.0016782485 -2.3634026e-20)
(0.00046347655 -0.001828838 2.2162301e-20)
(0.00055880973 -0.0019460975 -4.9445204e-20)
(0.00065366961 -0.0020291548 -8.9559109e-22)
(0.00074512765 -0.0020782541 3.0439278e-20)
(0.0008305802 -0.0020948574 4.9441582e-20)
(0.00090794141 -0.0020815441 -4.0012943e-20)
(0.00097582882 -0.0020421165 4.199536e-20)
(0.0010337266 -0.0019813425 6.7400901e-20)
(0.0010823079 -0.0019050816 -4.4059543e-20)
(0.0011235778 -0.0018199795 7.0533973e-20)
(0.0011610417 -0.0017332406 9.3107615e-20)
(0.0012000119 -0.0016525831 -6.0319137e-20)
(0.0012476509 -0.0015857689 -7.6808494e-20)
(0.0013134124 -0.0015406705 2.7042813e-23)
(0.0014086951 -0.0015243195 1.1131512e-20)
(0.001546638 -0.0015423522 -1.3326904e-20)
(0.0017401133 -0.0015969271 -2.2676596e-20)
(0.0019984129 -0.0016843974 4.8519563e-21)
(0.0023252692 -0.0017953282 -4.3832801e-20)
(0.0027100973 -0.0019101977 1.1718985e-20)
(0.0031312459 -0.0020058592 9.2082978e-21)
(0.0035585863 -0.0020600309 -6.3457266e-20)
(0.0039541446 -0.0020534574 8.284909e-20)
(0.0042891486 -0.0019795241 2.508722e-21)
(0.0045315009 -0.0018362816 1.8095391e-20)
(0.0046088391 -0.0016140936 -2.1460691e-20)
(0.0044096937 -0.0013066646 6.8262463e-20)
(0.0037764033 -0.00091962763 -4.3224615e-21)
(0.0025278515 -0.0004872301 1.7455634e-20)
(0.00043832689 -7.6225113e-05 -2.3987882e-21)
(-0.0026767928 0.00019357952 3.4419133e-21)
(-0.0069849872 0.00015363473 -2.1451967e-21)
(-0.01285848 -0.00042777047 3.9978326e-21)
(-0.02018231 -0.0018747942 -1.2288923e-22)
(-0.028306975 -0.0043538669 4.4867155e-20)
(-0.03676229 -0.0079397818 -1.720839e-20)
(-0.044960525 -0.012583335 1.5458286e-20)
(-0.052457674 -0.018152799 -9.8908201e-20)
(-0.058787183 -0.024399901 -1.5896505e-20)
(-0.063687762 -0.031053884 1.3923054e-19)
(-0.066975191 -0.037811684 -1.1855046e-19)
(-0.06859984 -0.044382952 -2.2625985e-21)
(-0.068569311 -0.05047551 3.6123447e-20)
(-0.067024343 -0.055869754 -3.3031524e-20)
(-0.064058194 -0.060301862 -6.5292757e-21)
(-0.059901519 -0.063625092 -4.23815e-21)
(-0.054803313 -0.065737546 -6.9767681e-21)
(-0.048937566 -0.066473114 -2.1122508e-21)
(-0.042591873 -0.065825813 5.6814107e-22)
(-0.035999225 -0.063760871 4.7514861e-20)
(-0.029407251 -0.060308821 -7.3496315e-20)
(-0.023048085 -0.055529979 -7.8925386e-20)
(-0.017138408 -0.049519813 -3.2155856e-20)
(-0.01187455 -0.042406274 -7.3887116e-20)
(-0.0074276782 -0.03434517 1.6508628e-20)
(-0.0039377005 -0.025516068 2.4040406e-20)
(-0.0015194581 -0.016135138 -3.7377022e-20)
(-0.0002340008 -0.0063706416 -4.9928772e-21)
(8.2662494e-06 0.00035399242 -1.3203268e-21)
(3.0444406e-05 0.00065630402 -7.886948e-23)
(6.9981192e-05 0.00096236065 -4.5387593e-21)
(0.00012728626 0.0012671982 1.5250046e-20)
(0.00020220181 0.0015652227 -1.0783285e-20)
(0.00029393028 0.0018504969 -3.3000199e-20)
(0.00040097255 0.0021168758 6.2616076e-21)
(0.00052104883 0.0023582955 2.4840733e-20)
(0.00065126035 0.0025689712 -2.34452e-20)
(0.00078807429 0.0027437144 5.2638574e-20)
(0.00092739956 0.0028782036 9.5919955e-22)
(0.0010648236 0.0029693712 -3.2795603e-20)
(0.0011958134 0.0030155489 -5.3566367e-20)
(0.0013161029 0.0030169438 4.3578803e-20)
(0.001421908 0.0029754584 -4.5960958e-20)
(0.0015105564 0.0028953332 -7.4095435e-20)
(0.0015805363 0.0027823599 4.8631415e-20)
(0.0016322822 0.0026445377 -7.8133227e-20)
(0.0016682552 0.0024912413 -1.0346326e-19)
(0.0016934226 0.0023331428 6.7208999e-20)
(0.0017156319 0.0021818567 8.5776239e-20)
(0.0017455217 0.002048995 7.6907134e-20)
(0.001796493 0.0019454885 6.3244888e-20)
(0.0018836622 0.0018799825 1.4950892e-20)
(0.002022602 0.001857611 2.5463514e-20)
(0.0022248312 0.0018764972 -5.4522156e-21)
(0.0024965823 0.0019286288 4.9285157e-20)
(0.0028291038 0.0019948827 -1.3183943e-20)
(0.0032011531 0.0020512462 -1.036513e-20)
(0.003583702 0.0020750069 7.1472164e-20)
(0.0039403988 0.002046687 -9.3376348e-20)
(0.0042281004 0.0019518559 -2.8133247e-21)
(0.0043881885 0.0017790415 4.6480045e-20)
(0.0043305869 0.0015179623 2.4251478e-20)
(0.0039315005 0.0011670619 -7.7196364e-20)
(0.0030199669 0.00073900824 4.8902023e-21)
(0.0014120122 0.00027987823 1.4400133e-20)
(-0.0011143603 -0.00012957621 2.710888e-21)
(-0.0047553823 -0.00036027923 -3.8810295e-21)
(-0.0095708335 -0.00022237983 2.4105654e-21)
(-0.015947382 0.00052404297 -4.4690189e-21)
(-0.023690171 0.0021955032 3.5966148e-20)
(-0.032041106 0.0049232941 -4.9382724e-20)
(-0.040556085 0.0087545033 1.8772518e-20)
(-0.048639774 0.013609183 -1.6708589e-20)
(-0.055852598 0.019323876 1.0592957e-19)
(-0.061797966 0.025644759 1.6876009e-20)
(-0.066252694 0.032299959 -1.465503e-19)
(-0.069057008 0.038982701 1.2376502e-19)
(-0.07021004 0.045420636 2.3429404e-21)
(-0.06971157 0.051312458 -3.7085853e-20)
(-0.067761085 0.056480165 3.3602542e-20)
(-0.06440177 0.060621337 -5.2819926e-20)
(-0.059910269 0.063630768 4.1682933e-21)
(-0.054563335 0.065445868 -8.8291829e-21)
(-0.048475323 0.065841067 2.8505984e-21)
(-0.041974592 0.064867288 -6.1648581e-22)
(-0.035278642 0.062479421 -5.0010482e-20)
(-0.02863558 0.058720142 7.6308525e-20)
(-0.0222737 0.053656621 8.1248618e-20)
(-0.016404553 0.047389351 3.2894243e-20)
(-0.011219665 0.040053247 7.519746e-20)
(-0.0068836229 0.031806852 -1.6727242e-20)
(-0.0035301125 0.022836185 4.811681e-20)
(-0.0012663207 0.013348295 3.757899e-20)
(-0.00015110692 0.0035597793 5.0047931e-21)
)
;
    }
    frontAndBack
    {
        type            empty;
    }
}


// ************************************************************************* //
