/*--------------------------------*- C++ -*----------------------------------*\
  =========                 |
  \\      /  F ield         | OpenFOAM: The Open Source CFD Toolbox
   \\    /   O peration     | Website:  https://openfoam.org
    \\  /    A nd           | Version:  13
     \\/     M anipulation  |
\*---------------------------------------------------------------------------*/
FoamFile
{
    format      ascii;
    class       volVectorField;
    location    "48.501751";
    object      wallShearStress;
}
// * * * * * * * * * * * * * * * * * * * * * * * * * * * * * * * * * * * * * //

dimensions      [0 2 -2 0 0 0 0];

internalField   uniform (0 0 0);

boundaryField
{
    inlet
    {
        type            calculated;
        value           uniform (0 0 0);
    }
    outlet
    {
        type            calculated;
        value           uniform (0 0 0);
    }
    cylinder
    {
        type            calculated;
        value           nonuniform List<vector> 
132
(
(1.9663936e-05 -0.001187368 -3.0525332e-22)
(6.3227513e-05 -0.0014619768 8.7242496e-23)
(0.00012316136 -0.0017368125 4.8315821e-21)
(0.00019922994 -0.0020069365 -1.6256962e-20)
(0.00029098546 -0.0022669855 1.1503367e-20)
(0.00039734211 -0.0025112065 3.5226745e-20)
(0.00051643808 -0.0027337394 -6.6880193e-21)
(0.00064588167 -0.0029287822 -2.6545974e-20)
(0.00078251583 -0.0030908669 2.5065415e-20)
(0.0009225691 -0.0032151721 -5.6295487e-20)
(0.0010617835 -0.0032978083 -1.0260954e-21)
(0.0011956049 -0.0033361249 3.5088269e-20)
(0.0013194432 -0.003329015 5.7314805e-20)
(0.0014289452 -0.0032770547 -4.6627278e-20)
(0.0015204547 -0.0031829265 4.9171046e-20)
(0.001591113 -0.0030508559 7.9256593e-20)
(0.001639529 -0.0028872422 -5.2006945e-20)
(0.0016659472 -0.0027000603 8.3532778e-20)
(0.0016725683 -0.0024986441 1.1057849e-19)
(0.0016638072 -0.0022933074 -7.1806681e-20)
(0.001646535 -0.0020949706 -9.1611275e-20)
(0.0016301034 -0.0019145147 3.2260032e-23)
(0.0016267851 -0.0017626922 1.3311305e-20)
(0.0016509036 -0.0016485848 -1.5948326e-20)
(0.0017192255 -0.0015797112 -2.7147284e-20)
(0.0018472141 -0.0015584766 5.8087755e-21)
(0.0020462499 -0.0015808956 -5.2462476e-20)
(0.0023197038 -0.0016354764 1.4018157e-20)
(0.0026600118 -0.0017039501 1.1005888e-20)
(0.0030441948 -0.0017618728 -7.5767666e-20)
(0.0034339426 -0.0017827392 9.879981e-20)
(0.0037922455 -0.0017495467 2.9872539e-21)
(0.0040841102 -0.0016542568 2.1505648e-20)
(0.0042487981 -0.0014871259 -2.5441773e-20)
(0.0041850299 -0.0012390022 8.0678311e-20)
(0.0037402227 -0.00090931122 -5.0900185e-21)
(0.0027324851 -0.00052391926 2.0470909e-20)
(0.00092807388 -0.00014026954 -2.8006649e-21)
(-0.0018739893 0.00013115466 4.0005488e-21)
(-0.0058682225 0.00012583194 -2.4824423e-21)
(-0.011433879 -0.00038295695 4.6070502e-21)
(-0.018439861 -0.0017149067 -1.4104958e-22)
(-0.026259746 -0.0040407867 5.1345948e-20)
(-0.034411679 -0.007433559 -1.9643641e-20)
(-0.042284245 -0.01183536 1.7612281e-20)
(-0.04945148 -0.017113502 -1.1258028e-19)
(-0.055455931 -0.02301763 -1.8092633e-20)
(-0.060055321 -0.029282776 1.5869643e-19)
(-0.063098755 -0.035622967 -1.3558028e-19)
(-0.064549971 -0.041762343 -2.6037218e-21)
(-0.064439448 -0.047434877 4.201768e-20)
(-0.062906228 -0.052436402 -3.9121248e-20)
(-0.060057733 -0.056535381 -7.996752e-21)
(-0.05610291 -0.05958966 -5.5666935e-21)
(-0.051279502 -0.061510039 -1.1519647e-20)
(-0.045762414 -0.062159662 1.5010542e-21)
(-0.039809894 -0.061525757 3.9551939e-22)
(-0.033641009 -0.059583663 4.0531449e-20)
(-0.027482888 -0.056362051 -6.7030459e-20)
(-0.021549095 -0.051918402 -7.4401511e-20)
(-0.016038456 -0.046341903 -3.0911575e-20)
(-0.011130736 -0.03975089 -7.1947714e-20)
(-0.0069826126 -0.032289385 1.6222374e-20)
(-0.0037222905 -0.024122539 2.3785919e-20)
(-0.0014537217 -0.01545018 -3.7180754e-20)
(-0.00023248172 -0.0064257765 -4.9888499e-21)
(-8.9491929e-06 -0.00091476051 -1.3985049e-21)
(-2.3105157e-05 -0.00064392711 -8.2925628e-23)
(-2.2697143e-05 -0.00037622172 -4.7364399e-21)
(-8.3144059e-06 -0.00011715155 1.5794336e-20)
(1.9409538e-05 0.00012949775 -1.1083753e-20)
(5.8938078e-05 0.00035976905 -3.3664343e-20)
(0.00010927099 0.00056986789 6.3398022e-21)
(0.00016819506 0.00075669537 2.4965353e-20)
(0.00023345157 0.00091783593 -2.3392401e-20)
(0.00030265956 0.001051662 5.2151261e-20)
(0.00037341 0.0011574535 9.4397133e-22)
(0.00044341848 0.0012354776 -3.2063549e-20)
(0.00051067617 0.0012869848 -5.2051198e-20)
(0.00057362511 0.0013142166 4.2104778e-20)
(0.00063129036 0.0013203121 -4.4172936e-20)
(0.00068344637 0.0013092675 -7.0872506e-20)
(0.00073080339 0.00128573 4.631669e-20)
(0.00077507257 0.0012548704 -7.4133054e-20)
(0.00081916495 0.0012222895 -9.7844128e-20)
(0.0008672772 0.0011937803 6.3381636e-20)
(0.0009251395 0.0011752769 8.0702136e-20)
(0.0010001082 0.0011725898 7.2218496e-20)
(0.001101361 0.0011912188 5.9295409e-20)
(0.0012394189 0.0012354855 1.3999132e-20)
(0.0014251839 0.0013074633 2.3816151e-20)
(0.0016668682 0.0014045585 -5.0943479e-21)
(0.0019678085 0.0015190027 4.6003549e-20)
(0.0023194835 0.0016345769 -1.2292034e-20)
(0.0027065506 0.0017334971 -9.6509354e-21)
(0.0031066068 0.0017980368 6.6441019e-20)
(0.0034908321 0.0018124229 -8.6640376e-20)
(0.0038380753 0.0017708228 -2.6046986e-21)
(0.0041198269 0.0016688538 4.2929584e-20)
(0.0042669324 0.0014936739 2.234368e-20)
(0.0041700488 0.0012349035 -7.0955334e-20)
(0.0036690387 0.00089260962 4.4860923e-21)
(0.0025749603 0.00049496992 1.3194857e-20)
(0.00065031936 0.00010370725 2.4840973e-21)
(-0.002299955 -0.00016441076 -3.5626698e-21)
(-0.0064566439 -0.00014043649 2.220382e-21)
(-0.012190094 0.00040674601 -4.1386275e-21)
(-0.019334991 0.0017968403 3.3543901e-20)
(-0.027218224 0.004186851 -4.6403446e-20)
(-0.035352072 0.0076352724 1.7766599e-20)
(-0.043143967 0.012074756 -1.5913846e-20)
(-0.050138286 0.017349787 1.0140261e-19)
(-0.055921413 0.023208924 1.6214316e-20)
(-0.060275471 0.029388107 -1.4111171e-19)
(-0.063050931 0.035593929 1.1924262e-19)
(-0.0642488 0.041565373 2.2545175e-21)
(-0.063885592 0.047024962 -3.5558492e-20)
(-0.062147149 0.051801377 3.1981074e-20)
(-0.059096848 0.055628081 -4.9536343e-20)
(-0.054979331 0.058393549 3.7717185e-21)
(-0.050060989 0.060045323 -6.8149157e-21)
(-0.044466018 0.060395053 4.12008e-21)
(-0.038483573 0.05947162 -6.8327286e-22)
(-0.032324384 0.057246426 -5.3014582e-20)
(-0.026214941 0.053755109 7.9415955e-20)
(-0.020367227 0.049062263 8.3691491e-20)
(-0.014976189 0.043260689 3.3654062e-20)
(-0.01021832 0.036474991 7.6548517e-20)
(-0.0062452596 0.028851528 -1.6958125e-20)
(-0.0031801605 0.020561226 4.8604217e-20)
(-0.0011213473 0.011793909 3.7827857e-20)
(-0.00012412724 0.0027511242 5.0201466e-21)
)
;
    }
    frontAndBack
    {
        type            empty;
    }
}


// ************************************************************************* //
