/*--------------------------------*- C++ -*----------------------------------*\
  =========                 |
  \\      /  F ield         | OpenFOAM: The Open Source CFD Toolbox
   \\    /   O peration     | Website:  https://openfoam.org
    \\  /    A nd           | Version:  13
     \\/     M anipulation  |
\*---------------------------------------------------------------------------*/
FoamFile
{
    format      ascii;
    class       volVectorField;
    location    "3.398913";
    object      wallShearStress;
}
// * * * * * * * * * * * * * * * * * * * * * * * * * * * * * * * * * * * * * //

dimensions      [0 2 -2 0 0 0 0];

internalField   uniform (0 0 0);

boundaryField
{
    inlet
    {
        type            calculated;
        value           uniform (0 0 0);
    }
    outlet
    {
        type            calculated;
        value           uniform (0 0 0);
    }
    cylinder
    {
        type            calculated;
        value           nonuniform List<vector> 
132
(
(0.00011594134 -0.0017354592 -2.0155074e-22)
(0.00048846145 -0.0096925962 5.8207268e-23)
(0.0012896875 -0.017427431 3.3481252e-21)
(0.002484521 -0.024625441 -1.1901025e-20)
(0.0040026793 -0.03097552 9.0189851e-21)
(0.0057398158 -0.036187904 2.9799928e-20)
(0.0075594963 -0.04001612 -6.1146406e-21)
(0.0093094272 -0.042276701 -2.6136825e-20)
(0.01082765 -0.042873511 2.6384886e-20)
(0.01196054 -0.041815374 -6.2723648e-20)
(0.012582898 -0.039228912 -1.1959366e-21)
(0.012615987 -0.035354524 4.2290233e-20)
(0.012043535 -0.030533658 7.0572225e-20)
(0.010919661 -0.02517801 -5.8020092e-20)
(0.0093647631 -0.019721895 6.1265496e-20)
(0.0075484127 -0.014568521 9.8177212e-20)
(0.0056560374 -0.010033456 -6.3742532e-20)
(0.003862132 -0.0063129097 1.0104208e-19)
(0.0022951315 -0.003466298 1.3192168e-19)
(0.0010244203 -0.0014381318 -8.454573e-20)
(5.5258171e-05 -9.0025767e-05 -1.0660727e-19)
(-0.00062821339 0.00072635122 3.7212384e-23)
(-0.0010220459 0.001104003 1.5185965e-20)
(-0.00097814101 0.00098278476 -1.8028318e-20)
(-0.00034210594 0.00032974259 -3.0440556e-20)
(0.0010011412 -0.00082382894 6.4710323e-21)
(0.0027552113 -0.002110662 -5.8330163e-20)
(0.0043657571 -0.0030686851 1.5612407e-20)
(0.0054194769 -0.0034712888 1.2315177e-20)
(0.0058888036 -0.0034126221 -8.5182829e-20)
(0.0060755658 -0.0031591911 1.1153639e-19)
(0.0061711795 -0.0028514461 3.3864678e-21)
(0.0061503368 -0.002495522 2.4509541e-20)
(0.0058066642 -0.0020376954 -2.91965e-20)
(0.0049252337 -0.0014653072 9.3379177e-20)
(0.0032658807 -0.00080468538 -5.950357e-21)
(0.00062040613 -0.00013880251 2.4190466e-20)
(-0.0032428182 0.00040693486 -3.3458434e-21)
(-0.0084794359 0.00065255858 4.8246936e-21)
(-0.015053178 0.00036173494 -3.0162447e-21)
(-0.023357264 -0.00075921694 5.6213033e-21)
(-0.032936419 -0.003044658 -1.7209474e-22)
(-0.042785943 -0.0065661448 6.2395122e-20)
(-0.05242233 -0.011307669 -2.3715873e-20)
(-0.061212085 -0.017119212 2.1092973e-20)
(-0.068755051 -0.023780317 -1.3361672e-19)
(-0.074699114 -0.030990028 -2.1289792e-20)
(-0.078890604 -0.038453522 1.8519412e-19)
(-0.081228051 -0.045846291 -1.5708231e-19)
(-0.081760452 -0.052886776 -2.9978843e-21)
(-0.080536929 -0.059275419 4.8141729e-20)
(-0.07777715 -0.064824418 -4.4692933e-20)
(-0.07358058 -0.069258089 -9.1265699e-21)
(-0.068201485 -0.072434106 -6.3856672e-21)
(-0.061939211 -0.074291158 -1.3499396e-20)
(-0.05496277 -0.074651993 2.3304599e-21)
(-0.047578692 -0.0735283 3.9761566e-22)
(-0.040028004 -0.070892472 4.264035e-20)
(-0.032567164 -0.066785669 -7.1268436e-20)
(-0.02543511 -0.061277965 -7.9381814e-20)
(-0.018854363 -0.054475173 -3.3010528e-20)
(-0.013025948 -0.046515641 -7.6808015e-20)
(-0.0081246636 -0.037565469 1.7300376e-20)
(-0.0042930455 -0.027815192 2.5327522e-20)
(-0.0016478196 -0.017491561 -3.9513609e-20)
(-0.00025027781 -0.0067756273 -5.2891497e-21)
(0.00017610584 0.0062188309 -9.337515e-22)
(0.00066396731 0.014025729 -5.7334279e-23)
(0.0015639735 0.021456097 -3.4578065e-21)
(0.002828456 0.028201482 1.238067e-20)
(0.0043758895 0.033967029 -9.4232208e-21)
(0.006092331 0.038486097 -3.1167207e-20)
(0.0078374429 0.041545353 6.3839172e-21)
(0.0094594405 0.043002896 2.718424e-20)
(0.010802595 0.042810269 -2.730113e-20)
(0.011726949 0.041028027 6.4520778e-20)
(0.012126877 0.037831294 1.2228247e-21)
(0.011947831 0.033501873 -4.2980412e-20)
(0.011199166 0.028409016 -7.1337181e-20)
(0.0099575108 0.022972275 5.837986e-20)
(0.0083586271 0.017611633 -6.1421797e-20)
(0.0065728975 0.012692652 -9.8180883e-20)
(0.0047760815 0.0084779913 6.3649579e-20)
(0.0031237505 0.0051107378 -1.0083314e-19)
(0.0017152883 0.0025962662 -1.3165413e-19)
(0.00059570548 0.00084717957 8.4411033e-20)
(-0.00023773055 -0.00028592673 1.0648219e-19)
(-0.00080314381 -0.00093465952 9.448338e-20)
(-0.0010306284 -0.0011160742 7.6959891e-20)
(-0.00085726654 -0.00086501251 1.8024293e-20)
(6.1723296e-05 3.7928558e-05 3.0440159e-20)
(0.0015720699 0.0013060583 -6.4833171e-21)
(0.0033011012 0.0025343898 5.8523805e-20)
(0.0047538361 0.0033453308 -1.5688716e-20)
(0.0055685672 0.0035690993 -1.2382465e-20)
(0.0059108171 0.0034261951 8.5654757e-20)
(0.0060656218 0.0031542762 -1.122008e-19)
(0.0061324925 0.0028339504 -3.3892257e-21)
(0.006043765 0.0024531143 5.6199193e-20)
(0.005566412 0.0019548326 2.946639e-20)
(0.0044927804 0.0013391068 -9.4385629e-20)
(0.0025798709 0.00064083635 6.023807e-21)
(-0.00037872077 -4.6543548e-05 1.7885106e-20)
(-0.0045886434 -0.00058879933 3.3956517e-21)
(-0.010165857 -0.00078785874 -4.8994526e-21)
(-0.017076015 -0.00041638535 3.062205e-21)
(-0.025677209 0.0008308464 -5.7002781e-21)
(-0.035431043 0.0032720852 4.5914838e-20)
(-0.045328254 0.0069533281 -6.2931857e-20)
(-0.054907467 0.011841132 2.3828503e-20)
(-0.063503188 0.017757431 -2.1098472e-20)
(-0.070780139 0.024477588 1.3303159e-19)
(-0.07641307 0.031698015 2.1083195e-20)
(-0.080259712 0.039117955 -1.8235382e-19)
(-0.082252655 0.046421786 1.5364529e-19)
(-0.082447478 0.053328464 2.9094226e-21)
(-0.08090693 0.059545067 -4.6256138e-20)
(-0.077863848 0.064894019 4.2367582e-20)
(-0.073410926 0.069095618 -6.8260843e-20)
(-0.067819414 0.072025552 5.7009177e-21)
(-0.06139336 0.073633435 -1.4973506e-20)
(-0.054284099 0.073726836 5.6809424e-23)
(-0.046812586 0.07234057 -5.2460192e-22)
(-0.03921483 0.069447839 -4.8334148e-20)
(-0.031745843 0.065095988 7.7074381e-20)
(-0.024642347 0.0593612 8.3835828e-20)
(-0.01812315 0.052353321 3.4349837e-20)
(-0.012385709 0.044216101 7.9088008e-20)
(-0.0075999254 0.035118087 -1.7669194e-20)
(-0.0039034816 0.025254929 5.0954574e-20)
(-0.0014073704 0.014845426 3.9842474e-20)
(-0.00017168957 0.0041114182 5.3067126e-21)
)
;
    }
    frontAndBack
    {
        type            empty;
    }
}


// ************************************************************************* //
