/*--------------------------------*- C++ -*----------------------------------*\
  =========                 |
  \\      /  F ield         | OpenFOAM: The Open Source CFD Toolbox
   \\    /   O peration     | Website:  https://openfoam.org
    \\  /    A nd           | Version:  13
     \\/     M anipulation  |
\*---------------------------------------------------------------------------*/
FoamFile
{
    format      ascii;
    class       volVectorField;
    location    "44.800932";
    object      wallShearStress;
}
// * * * * * * * * * * * * * * * * * * * * * * * * * * * * * * * * * * * * * //

dimensions      [0 2 -2 0 0 0 0];

internalField   uniform (0 0 0);

boundaryField
{
    inlet
    {
        type            calculated;
        value           uniform (0 0 0);
    }
    outlet
    {
        type            calculated;
        value           uniform (0 0 0);
    }
    cylinder
    {
        type            calculated;
        value           nonuniform List<vector> 
132
(
(2.2162881e-05 -0.0013923369 -2.9171966e-22)
(7.0022482e-05 -0.0016384905 8.2919347e-23)
(0.00013184906 -0.0018716469 4.5674586e-21)
(0.00020629734 -0.0020873686 -1.5283857e-20)
(0.0002918964 -0.0022815568 1.075513e-20)
(0.00038670476 -0.0024502773 3.2753556e-20)
(0.00048836927 -0.0025901155 -6.1842004e-21)
(0.0005941607 -0.0026981563 -2.4412166e-20)
(0.00070105572 -0.0027723562 2.2926372e-20)
(0.0008059201 -0.0028113878 -5.1219627e-20)
(0.00090565044 -0.0028151637 -9.2884744e-22)
(0.00099718767 -0.0027843663 3.1603133e-20)
(0.0010779579 -0.0027212605 5.1377491e-20)
(0.001145743 -0.0026287702 -4.1609758e-20)
(0.0011992303 -0.0025113613 4.3695686e-20)
(0.0012379329 -0.0023742629 7.0158283e-20)
(0.0012625183 -0.0022236606 -4.5873742e-20)
(0.0012750552 -0.0020666255 7.3447584e-20)
(0.0012787552 -0.0019101978 9.695413e-20)
(0.0012785669 -0.0017619702 -6.2805144e-20)
(0.0012809498 -0.0016292827 -7.9959152e-20)
(0.0012942491 -0.0015193563 2.8135832e-23)
(0.0013289949 -0.0014391779 1.1581076e-20)
(0.0013975496 -0.0013946497 -1.3859247e-20)
(0.0015141582 -0.0013903207 -2.3569905e-20)
(0.0016925392 -0.0014270647 5.0398545e-21)
(0.0019412627 -0.0014989868 -4.5495429e-20)
(0.0022630993 -0.0015949447 1.2152291e-20)
(0.0026441073 -0.0016933687 9.5390835e-21)
(0.0030557295 -0.0017683288 -6.5661343e-20)
(0.0034662362 -0.0017993617 8.5615156e-20)
(0.0038436465 -0.0017731176 2.5886388e-21)
(0.004161364 -0.0016853105 1.863794e-20)
(0.0043700696 -0.0015291466 -2.2056113e-20)
(0.0043780032 -0.001295391 6.9985887e-20)
(0.0040414467 -0.00098123203 -4.4202643e-21)
(0.0031812599 -0.00060723783 1.7807783e-20)
(0.0015711451 -0.00022555388 -2.4424371e-21)
(-0.00099722583 5.8356177e-05 3.5009894e-21)
(-0.0047496636 9.7622147e-05 -2.1820076e-21)
(-0.010047778 -0.00033942772 4.0722187e-21)
(-0.016807816 -0.0015653617 -1.2551209e-22)
(-0.024456032 -0.0037653859 4.5998485e-20)
(-0.032522919 -0.0070276141 -1.7713883e-20)
(-0.040388143 -0.011306225 1.5974227e-20)
(-0.047590911 -0.016471018 -1.0259881e-19)
(-0.053686459 -0.022285092 -1.6550817e-20)
(-0.058410743 -0.028482596 1.4549758e-19)
(-0.061593899 -0.034774944 -1.2439784e-19)
(-0.063196636 -0.04088815 -2.3858824e-21)
(-0.06323651 -0.046550607 3.8348323e-20)
(-0.061851488 -0.051558307 -3.5412508e-20)
(-0.059145 -0.055677147 -7.1217805e-21)
(-0.055322737 -0.058761849 -4.7874301e-21)
(-0.050621437 -0.060721447 -8.9021976e-21)
(-0.045217862 -0.061420675 -5.4805701e-22)
(-0.039367734 -0.060843019 4.9185541e-22)
(-0.033290569 -0.05896354 4.43666e-20)
(-0.027213291 -0.055809678 -7.052044e-20)
(-0.02134943 -0.051437839 -7.6795048e-20)
(-0.01589796 -0.045936432 -3.1553682e-20)
(-0.011038689 -0.039422669 -7.291432e-20)
(-0.0069285526 -0.032039992 1.6357237e-20)
(-0.0036958326 -0.023952269 2.3892944e-20)
(-0.0014449964 -0.015359382 -3.7236586e-20)
(-0.00023164555 -0.0064093614 -4.9838887e-21)
(-1.2081238e-05 -0.001135176 -1.3437018e-21)
(-3.2168555e-05 -0.00086649483 -8.0108632e-23)
(-3.7089815e-05 -0.00058713904 -4.6008938e-21)
(-2.5994424e-05 -0.00030156228 1.5428367e-20)
(1.7232658e-06 -1.4125689e-05 -1.0888255e-20)
(4.57958e-05 0.00026994848 -3.3259214e-20)
(0.00010564117 0.00054560546 6.2995029e-21)
(0.00018035512 0.00080723332 2.4949194e-20)
(0.00026785108 0.0010494673 -2.3511271e-20)
(0.00036558012 0.0012672956 5.2714062e-20)
(0.00047061034 0.0014562553 9.5942499e-22)
(0.00057953871 0.0016126997 -3.2769574e-20)
(0.00068871409 0.00173404 -5.3479657e-20)
(0.00079448467 0.0018190147 4.3480805e-20)
(0.00089341543 0.0018677457 -4.5837386e-20)
(0.00098270294 0.0018821036 -7.3876534e-20)
(0.0010602843 0.0018652988 4.8482695e-20)
(0.0011255752 0.0018225948 -7.7896109e-20)
(0.0011791486 0.0017600254 -1.0316337e-19)
(0.0012239428 0.0016856368 6.7027748e-20)
(0.0012647312 0.0016078908 8.5565832e-20)
(0.0013086178 0.0015357219 7.6736719e-20)
(0.0013655873 0.0014785402 6.3116958e-20)
(0.0014474235 0.0014443724 1.4922073e-20)
(0.0015671841 0.0014391633 2.5413181e-20)
(0.0017369174 0.0014648003 -5.4400163e-21)
(0.0019634896 0.0015165903 4.9149956e-20)
(0.0022483194 0.001585016 -1.3136645e-20)
(0.0025812501 0.0016535721 -1.0316271e-20)
(0.0029392392 0.0017012797 7.1031063e-20)
(0.0033004511 0.0017135512 -9.2633078e-20)
(0.0036334515 0.0016763998 -2.7850811e-21)
(0.0038964559 0.0015784427 4.5899699e-20)
(0.0040197955 0.0014073446 2.3882135e-20)
(0.0038952671 0.0011538776 -7.5791985e-20)
(0.0033669701 0.00081976035 4.7865214e-21)
(0.0022510089 0.00043410694 1.4054947e-20)
(0.00031450567 5.8483137e-05 2.6398751e-21)
(-0.0026370848 -0.00019132144 -3.7747141e-21)
(-0.0067631197 -0.0001488402 2.3441332e-21)
(-0.012437447 0.00041384026 -4.3510171e-21)
(-0.019497913 0.0018111909 3.5106902e-20)
(-0.027273967 0.0041947689 -4.8356825e-20)
(-0.035290838 0.0076215289 1.8445021e-20)
(-0.04297039 0.012025896 -1.6470004e-20)
(-0.04986279 0.01725426 1.0469504e-19)
(-0.055561362 0.023059211 1.6714571e-20)
(-0.059852259 0.029181552 -1.4535631e-19)
(-0.062584737 0.035330603 1.2285674e-19)
(-0.063759541 0.041248749 2.3260024e-21)
(-0.063390862 0.046660738 -3.6797799e-20)
(-0.061660866 0.051396002 3.3283033e-20)
(-0.058632661 0.055191128 -5.2148578e-20)
(-0.054546083 0.057933366 4.0780425e-21)
(-0.049664605 0.059569865 -8.3453047e-21)
(-0.044113115 0.059915713 3.1792226e-21)
(-0.038176832 0.058997562 -6.3474213e-22)
(-0.032065154 0.056787291 -5.0873362e-20)
(-0.026002837 0.053320119 7.7233841e-20)
(-0.020200323 0.048660121 8.199334e-20)
(-0.014851219 0.042899565 3.3128078e-20)
(-0.010130798 0.03616237 7.5609527e-20)
(-0.0061895915 0.028594016 -1.6795099e-20)
(-0.0031499211 0.020364816 4.8247097e-20)
(-0.0011090934 0.011663123 3.7628987e-20)
(-0.0001220853 0.0026935277 5.0041431e-21)
)
;
    }
    frontAndBack
    {
        type            empty;
    }
}


// ************************************************************************* //
