/*--------------------------------*- C++ -*----------------------------------*\
  =========                 |
  \\      /  F ield         | OpenFOAM: The Open Source CFD Toolbox
   \\    /   O peration     | Website:  https://openfoam.org
    \\  /    A nd           | Version:  13
     \\/     M anipulation  |
\*---------------------------------------------------------------------------*/
FoamFile
{
    format      ascii;
    class       volVectorField;
    location    "17.701477";
    object      wallShearStress;
}
// * * * * * * * * * * * * * * * * * * * * * * * * * * * * * * * * * * * * * //

dimensions      [0 2 -2 0 0 0 0];

internalField   uniform (0 0 0);

boundaryField
{
    inlet
    {
        type            calculated;
        value           uniform (0 0 0);
    }
    outlet
    {
        type            calculated;
        value           uniform (0 0 0);
    }
    cylinder
    {
        type            calculated;
        value           nonuniform List<vector> 
132
(
(8.5563407e-05 -0.0038270709 -1.6623126e-22)
(0.00030448517 -0.0066413629 4.7991429e-23)
(0.0006769399 -0.0093629291 2.7020581e-21)
(0.0011918282 -0.011912276 -9.2750302e-21)
(0.0018301402 -0.014211819 6.7180216e-21)
(0.0025642843 -0.016188529 2.1109113e-20)
(0.0033580302 -0.017775026 -4.1174664e-21)
(0.0041676338 -0.018912483 -1.6792022e-20)
(0.0049433845 -0.019550929 1.6273967e-20)
(0.0056303164 -0.01965493 -3.7431675e-20)
(0.0061734703 -0.019213416 -6.9637285e-22)
(0.0065228433 -0.018244013 2.421526e-20)
(0.0066408924 -0.016800576 4.0031233e-20)
(0.0065070171 -0.014968466 -3.2799946e-20)
(0.0061232533 -0.012862825 3.4670467e-20)
(0.0055146605 -0.010615572 5.5771875e-20)
(0.0047292805 -0.00836485 -3.6386445e-20)
(0.0038318156 -0.0062413684 5.7947165e-20)
(0.0028933949 -0.0043478449 7.5919298e-20)
(0.0019863489 -0.0027579167 -4.8752115e-20)
(0.0011663418 -0.0014995776 -6.1509623e-20)
(0.00047392536 -0.0005696939 2.1399526e-23)
(-7.0215291e-05 6.7367297e-05 8.7585915e-21)
(-0.00044582577 0.00044062929 -1.0400528e-20)
(-0.00062680361 0.00057570645 -1.7561056e-20)
(-0.00053727623 0.0004577643 3.7284504e-21)
(-9.1090676e-05 7.8592011e-05 -3.3458453e-20)
(0.00070306906 -0.00048586825 8.9030095e-21)
(0.0017206602 -0.0010936521 6.9831756e-21)
(0.0026982651 -0.001556266 -4.816554e-20)
(0.0034401032 -0.0017838662 6.3032588e-20)
(0.0038801455 -0.0017901678 1.9128551e-21)
(0.0041066706 -0.0016640033 1.3811989e-20)
(0.0042211834 -0.0014774917 -1.6377877e-20)
(0.0042234425 -0.0012494611 5.2067782e-20)
(0.0039750072 -0.00096426436 -3.2953861e-21)
(0.0032995553 -0.00062793614 1.330739e-20)
(0.0019867186 -0.00027931435 -1.8299548e-21)
(-0.00016506387 -4.2970863e-06 2.6309581e-21)
(-0.0033932762 6.5442493e-05 -1.6454632e-21)
(-0.0080353167 -0.00027289834 3.0846526e-21)
(-0.014154474 -0.0013211348 -9.5674818e-23)
(-0.021316872 -0.0032852443 3.5301808e-20)
(-0.029108057 -0.0062933651 -1.3699868e-20)
(-0.036981057 -0.010356536 1.2452873e-20)
(-0.044463417 -0.015392405 -8.0566981e-20)
(-0.051040968 -0.021191839 -1.3073453e-20)
(-0.056382063 -0.027498856 1.1534996e-19)
(-0.06024013 -0.034016053 -9.8648616e-20)
(-0.062506037 -0.040446564 -1.8836622e-21)
(-0.063150262 -0.046492056 2.9913059e-20)
(-0.062272288 -0.051913655 -2.6946849e-20)
(-0.059962874 -0.056451312 -5.1467329e-21)
(-0.05641959 -0.059930711 -3.0506279e-21)
(-0.051880245 -0.062234867 -3.1531078e-21)
(-0.046536444 -0.063214851 -4.9820235e-21)
(-0.040657736 -0.062839491 6.9757298e-22)
(-0.034481182 -0.061074783 5.2479639e-20)
(-0.028253583 -0.0579453 -7.7899324e-20)
(-0.022207501 -0.05350711 -8.1935111e-20)
(-0.016560759 -0.047853202 -3.2995958e-20)
(-0.01151025 -0.041108151 -7.5308205e-20)
(-0.007228003 -0.033425867 1.6763301e-20)
(-0.0038545019 -0.024983289 2.4370375e-20)
(-0.0015047961 -0.015995942 -3.7886816e-20)
(-0.00023986399 -0.0066282038 -5.0676984e-21)
(2.0564127e-05 -0.00097180518 -7.5728788e-22)
(0.00011130532 0.0018985477 -4.490741e-23)
(0.00035836972 0.0047327099 -2.5774511e-21)
(0.00075740389 0.0074487467 8.6875199e-21)
(0.0012920808 0.0099597554 -6.1935196e-21)
(0.00193726 0.012182226 -1.9192618e-20)
(0.002658461 0.014038495 3.6999284e-21)
(0.003412491 0.01546086 1.4944728e-20)
(0.0041497226 0.016394798 -1.4374447e-20)
(0.0048162923 0.016801387 3.2874613e-20)
(0.0053565753 0.016663119 6.0912514e-22)
(0.0057188755 0.015990454 -2.1123927e-20)
(0.0058623889 0.014828465 -3.4864318e-20)
(0.005764227 0.013258899 2.8541362e-20)
(0.0054239209 0.011394139 -3.0159058e-20)
(0.0048659431 0.0093680049 -4.8511497e-20)
(0.0041376879 0.0073201841 3.1654215e-20)
(0.0033035675 0.005382898 -5.0418367e-20)
(0.0024348429 0.0036608958 -6.6069071e-20)
(0.0016004401 0.0022243847 4.2432962e-20)
(0.00085297465 0.0010995108 5.3544073e-20)
(0.00022708328 0.00027846189 4.7488331e-20)
(-0.00025329228 -0.00026681864 3.8656829e-20)
(-0.00057782849 -0.00057371064 9.0500915e-21)
(-0.00066398431 -0.00061120745 1.5273095e-20)
(-0.00050299634 -0.0004299131 -3.2424385e-21)
(6.5030725e-05 4.0838953e-05 2.9088841e-20)
(0.00095021317 0.00066012918 -7.7466184e-21)
(0.0019782 0.0012592168 -6.0826643e-21)
(0.0029108432 0.0016803146 4.2021353e-20)
(0.0035584894 0.0018463043 -5.5067557e-20)
(0.0039182635 0.0018083494 -1.6635417e-21)
(0.0041013354 0.0016620836 2.7525039e-20)
(0.00419818 0.0014696355 1.4376009e-20)
(0.0041654422 0.0012326756 -4.5830469e-20)
(0.0038529039 0.00093533197 2.9112218e-21)
(0.003076218 0.00058670804 8.6114039e-21)
(0.0016253967 0.0002316092 1.632183e-21)
(-0.00069606383 -3.6189377e-05 -2.3598851e-21)
(-0.004114411 -8.3137877e-05 1.4844724e-21)
(-0.0089628585 0.00030388774 -2.7986901e-21)
(-0.015266315 0.0014230222 2.2993288e-20)
(-0.022537932 0.0034715572 -3.2270337e-20)
(-0.030357642 0.0065616664 1.2535476e-20)
(-0.038175374 0.010689049 -1.1380387e-20)
(-0.045495356 0.015747948 7.335903e-20)
(-0.051847226 0.021524764 1.1833082e-20)
(-0.056920143 0.027758894 -1.034517e-19)
(-0.060479176 0.034148634 8.7331282e-20)
(-0.062452689 0.040409595 1.6363916e-21)
(-0.062804884 0.046235279 -2.5247156e-20)
(-0.06167915 0.051416615 2.1696187e-20)
(-0.0591321 0.055666243 -3.0342595e-20)
(-0.055396283 0.058840823 1.6914411e-21)
(-0.050731556 0.060853637 2.6213736e-21)
(-0.045287086 0.061513904 9.3311468e-21)
(-0.039360218 0.060829643 -9.2239321e-22)
(-0.03317911 0.058763101 -6.2306784e-20)
(-0.026989985 0.055347056 8.7712398e-20)
(-0.021023025 0.050644449 8.9335236e-20)
(-0.015491773 0.044752302 3.5190283e-20)
(-0.010589318 0.037801495 7.9002582e-20)
(-0.0064821603 0.029948256 -1.7355773e-20)
(-0.0033054075 0.021375525 4.9487318e-20)
(-0.0011677342 0.012287454 3.8409703e-20)
(-0.00012998199 0.0029017894 5.0936427e-21)
)
;
    }
    frontAndBack
    {
        type            empty;
    }
}


// ************************************************************************* //
