/*--------------------------------*- C++ -*----------------------------------*\
  =========                 |
  \\      /  F ield         | OpenFOAM: The Open Source CFD Toolbox
   \\    /   O peration     | Website:  https://openfoam.org
    \\  /    A nd           | Version:  13
     \\/     M anipulation  |
\*---------------------------------------------------------------------------*/
FoamFile
{
    format      ascii;
    class       volScalarField;
    location    "4000";
    object      Ccx;
}
// * * * * * * * * * * * * * * * * * * * * * * * * * * * * * * * * * * * * * //

dimensions      [0 1 0 0 0 0 0];

internalField   nonuniform List<scalar> 
800
(
0.0025
0.0075
0.0125
0.0175
0.0225
0.0275
0.0325
0.0375
0.0425
0.0475
0.0525
0.0575
0.0625
0.0675
0.0725
0.0775
0.0825
0.0875
0.0925
0.0975
0.0025
0.0075
0.0125
0.0175
0.0225
0.0275
0.0325
0.0375
0.0425
0.0475
0.0525
0.0575
0.0625
0.0675
0.0725
0.0775
0.0825
0.0875
0.0925
0.0975
0.0025
0.0075
0.0125
0.0175
0.0225
0.0275
0.0325
0.0375
0.0425
0.0475
0.0525
0.0575
0.0625
0.0675
0.0725
0.0775
0.0825
0.0875
0.0925
0.0975
0.0025
0.0075
0.0125
0.0175
0.0225
0.0275
0.0325
0.0375
0.0425
0.0475
0.0525
0.0575
0.0625
0.0675
0.0725
0.0775
0.0825
0.0875
0.0925
0.0975
0.0025
0.0075
0.0125
0.0175
0.0225
0.0275
0.0325
0.0375
0.0425
0.0475
0.0525
0.0575
0.0625
0.0675
0.0725
0.0775
0.0825
0.0875
0.0925
0.0975
0.0025
0.0075
0.0125
0.0175
0.0225
0.0275
0.0325
0.0375
0.0425
0.0475
0.0525
0.0575
0.0625
0.0675
0.0725
0.0775
0.0825
0.0875
0.0925
0.0975
0.0025
0.0075
0.0125
0.0175
0.0225
0.0275
0.0325
0.0375
0.0425
0.0475
0.0525
0.0575
0.0625
0.0675
0.0725
0.0775
0.0825
0.0875
0.0925
0.0975
0.0025
0.0075
0.0125
0.0175
0.0225
0.0275
0.0325
0.0375
0.0425
0.0475
0.0525
0.0575
0.0625
0.0675
0.0725
0.0775
0.0825
0.0875
0.0925
0.0975
0.0025
0.0075
0.0125
0.0175
0.0225
0.0275
0.0325
0.0375
0.0425
0.0475
0.0525
0.0575
0.0625
0.0675
0.0725
0.0775
0.0825
0.0875
0.0925
0.0975
0.0025
0.0075
0.0125
0.0175
0.0225
0.0275
0.0325
0.0375
0.0425
0.0475
0.0525
0.0575
0.0625
0.0675
0.0725
0.0775
0.0825
0.0875
0.0925
0.0975
0.0025
0.0075
0.0125
0.0175
0.0225
0.0275
0.0325
0.0375
0.0425
0.0475
0.0525
0.0575
0.0625
0.0675
0.0725
0.0775
0.0825
0.0875
0.0925
0.0975
0.0025
0.0075
0.0125
0.0175
0.0225
0.0275
0.0325
0.0375
0.0425
0.0475
0.0525
0.0575
0.0625
0.0675
0.0725
0.0775
0.0825
0.0875
0.0925
0.0975
0.0025
0.0075
0.0125
0.0175
0.0225
0.0275
0.0325
0.0375
0.0425
0.0475
0.0525
0.0575
0.0625
0.0675
0.0725
0.0775
0.0825
0.0875
0.0925
0.0975
0.0025
0.0075
0.0125
0.0175
0.0225
0.0275
0.0325
0.0375
0.0425
0.0475
0.0525
0.0575
0.0625
0.0675
0.0725
0.0775
0.0825
0.0875
0.0925
0.0975
0.0025
0.0075
0.0125
0.0175
0.0225
0.0275
0.0325
0.0375
0.0425
0.0475
0.0525
0.0575
0.0625
0.0675
0.0725
0.0775
0.0825
0.0875
0.0925
0.0975
0.0025
0.0075
0.0125
0.0175
0.0225
0.0275
0.0325
0.0375
0.0425
0.0475
0.0525
0.0575
0.0625
0.0675
0.0725
0.0775
0.0825
0.0875
0.0925
0.0975
0.0025
0.0075
0.0125
0.0175
0.0225
0.0275
0.0325
0.0375
0.0425
0.0475
0.0525
0.0575
0.0625
0.0675
0.0725
0.0775
0.0825
0.0875
0.0925
0.0975
0.0025
0.0075
0.0125
0.0175
0.0225
0.0275
0.0325
0.0375
0.0425
0.0475
0.0525
0.0575
0.0625
0.0675
0.0725
0.0775
0.0825
0.0875
0.0925
0.0975
0.0025
0.0075
0.0125
0.0175
0.0225
0.0275
0.0325
0.0375
0.0425
0.0475
0.0525
0.0575
0.0625
0.0675
0.0725
0.0775
0.0825
0.0875
0.0925
0.0975
0.0025
0.0075
0.0125
0.0175
0.0225
0.0275
0.0325
0.0375
0.0425
0.0475
0.0525
0.0575
0.0625
0.0675
0.0725
0.0775
0.0825
0.0875
0.0925
0.0975
0.0025
0.0075
0.0125
0.0175
0.0225
0.0275
0.0325
0.0375
0.0425
0.0475
0.0525
0.0575
0.0625
0.0675
0.0725
0.0775
0.0825
0.0875
0.0925
0.0975
0.0025
0.0075
0.0125
0.0175
0.0225
0.0275
0.0325
0.0375
0.0425
0.0475
0.0525
0.0575
0.0625
0.0675
0.0725
0.0775
0.0825
0.0875
0.0925
0.0975
0.0025
0.0075
0.0125
0.0175
0.0225
0.0275
0.0325
0.0375
0.0425
0.0475
0.0525
0.0575
0.0625
0.0675
0.0725
0.0775
0.0825
0.0875
0.0925
0.0975
0.0025
0.0075
0.0125
0.0175
0.0225
0.0275
0.0325
0.0375
0.0425
0.0475
0.0525
0.0575
0.0625
0.0675
0.0725
0.0775
0.0825
0.0875
0.0925
0.0975
0.0025
0.0075
0.0125
0.0175
0.0225
0.0275
0.0325
0.0375
0.0425
0.0475
0.0525
0.0575
0.0625
0.0675
0.0725
0.0775
0.0825
0.0875
0.0925
0.0975
0.0025
0.0075
0.0125
0.0175
0.0225
0.0275
0.0325
0.0375
0.0425
0.0475
0.0525
0.0575
0.0625
0.0675
0.0725
0.0775
0.0825
0.0875
0.0925
0.0975
0.0025
0.0075
0.0125
0.0175
0.0225
0.0275
0.0325
0.0375
0.0425
0.0475
0.0525
0.0575
0.0625
0.0675
0.0725
0.0775
0.0825
0.0875
0.0925
0.0975
0.0025
0.0075
0.0125
0.0175
0.0225
0.0275
0.0325
0.0375
0.0425
0.0475
0.0525
0.0575
0.0625
0.0675
0.0725
0.0775
0.0825
0.0875
0.0925
0.0975
0.0025
0.0075
0.0125
0.0175
0.0225
0.0275
0.0325
0.0375
0.0425
0.0475
0.0525
0.0575
0.0625
0.0675
0.0725
0.0775
0.0825
0.0875
0.0925
0.0975
0.0025
0.0075
0.0125
0.0175
0.0225
0.0275
0.0325
0.0375
0.0425
0.0475
0.0525
0.0575
0.0625
0.0675
0.0725
0.0775
0.0825
0.0875
0.0925
0.0975
0.0025
0.0075
0.0125
0.0175
0.0225
0.0275
0.0325
0.0375
0.0425
0.0475
0.0525
0.0575
0.0625
0.0675
0.0725
0.0775
0.0825
0.0875
0.0925
0.0975
0.0025
0.0075
0.0125
0.0175
0.0225
0.0275
0.0325
0.0375
0.0425
0.0475
0.0525
0.0575
0.0625
0.0675
0.0725
0.0775
0.0825
0.0875
0.0925
0.0975
0.0025
0.0075
0.0125
0.0175
0.0225
0.0275
0.0325
0.0375
0.0425
0.0475
0.0525
0.0575
0.0625
0.0675
0.0725
0.0775
0.0825
0.0875
0.0925
0.0975
0.0025
0.0075
0.0125
0.0175
0.0225
0.0275
0.0325
0.0375
0.0425
0.0475
0.0525
0.0575
0.0625
0.0675
0.0725
0.0775
0.0825
0.0875
0.0925
0.0975
0.0025
0.0075
0.0125
0.0175
0.0225
0.0275
0.0325
0.0375
0.0425
0.0475
0.0525
0.0575
0.0625
0.0675
0.0725
0.0775
0.0825
0.0875
0.0925
0.0975
0.0025
0.0075
0.0125
0.0175
0.0225
0.0275
0.0325
0.0375
0.0425
0.0475
0.0525
0.0575
0.0625
0.0675
0.0725
0.0775
0.0825
0.0875
0.0925
0.0975
0.0025
0.0075
0.0125
0.0175
0.0225
0.0275
0.0325
0.0375
0.0425
0.0475
0.0525
0.0575
0.0625
0.0675
0.0725
0.0775
0.0825
0.0875
0.0925
0.0975
0.0025
0.0075
0.0125
0.0175
0.0225
0.0275
0.0325
0.0375
0.0425
0.0475
0.0525
0.0575
0.0625
0.0675
0.0725
0.0775
0.0825
0.0875
0.0925
0.0975
0.0025
0.0075
0.0125
0.0175
0.0225
0.0275
0.0325
0.0375
0.0425
0.0475
0.0525
0.0575
0.0625
0.0675
0.0725
0.0775
0.0825
0.0875
0.0925
0.0975
0.0025
0.0075
0.0125
0.0175
0.0225
0.0275
0.0325
0.0375
0.0425
0.0475
0.0525
0.0575
0.0625
0.0675
0.0725
0.0775
0.0825
0.0875
0.0925
0.0975
)
;

boundaryField
{
    movingWall
    {
        type            calculated;
        value           nonuniform List<scalar> 
20
(
0.0025
0.0075
0.0125
0.0175
0.0225
0.0275
0.0325
0.0375
0.0425
0.0475
0.0525
0.0575
0.0625
0.0675
0.0725
0.0775
0.0825
0.0875
0.0925
0.0975
)
;
    }
    bottomWall
    {
        type            calculated;
        value           nonuniform List<scalar> 
20
(
0.0025
0.0075
0.0125
0.0175
0.0225
0.0275
0.0325
0.0375
0.0425
0.0475
0.0525
0.0575
0.0625
0.0675
0.0725
0.0775
0.0825
0.0875
0.0925
0.0975
)
;
    }
    cyc_half0
    {
        type            cyclic;
    }
    cyc_half1
    {
        type            cyclic;
    }
    frontAndBack
    {
        type            empty;
    }
}


// ************************************************************************* //
