/*--------------------------------*- C++ -*----------------------------------*\
  =========                 |
  \\      /  F ield         | OpenFOAM: The Open Source CFD Toolbox
   \\    /   O peration     | Website:  https://openfoam.org
    \\  /    A nd           | Version:  13
     \\/     M anipulation  |
\*---------------------------------------------------------------------------*/
FoamFile
{
    format      ascii;
    class       volVectorField;
    location    "35.600559";
    object      wallShearStress;
}
// * * * * * * * * * * * * * * * * * * * * * * * * * * * * * * * * * * * * * //

dimensions      [0 2 -2 0 0 0 0];

internalField   uniform (0 0 0);

boundaryField
{
    inlet
    {
        type            calculated;
        value           uniform (0 0 0);
    }
    outlet
    {
        type            calculated;
        value           uniform (0 0 0);
    }
    cylinder
    {
        type            calculated;
        value           nonuniform List<vector> 
132
(
(-1.0624853e-05 0.0010395916 -2.6131577e-22)
(-2.7816117e-05 0.00076198418 7.4298581e-23)
(-2.9485735e-05 0.00047788229 4.0940386e-21)
(-1.5303851e-05 0.00019248534 -1.3705788e-20)
(1.4843638e-05 -9.0016034e-05 9.6500632e-21)
(6.0290204e-05 -0.00036490657 2.9409182e-20)
(0.0001207008 -0.00062710249 -5.5575315e-21)
(0.0001942361 -0.00087177673 -2.1961191e-20)
(0.00027885053 -0.0010943663 2.0649973e-20)
(0.00037201024 -0.0012907479 -4.6199792e-20)
(0.00047074041 -0.0014574361 -8.3914772e-22)
(0.00057181658 -0.0015918201 2.8604079e-20)
(0.00067192483 -0.00169225 4.6594167e-20)
(0.00076781655 -0.0017583377 -3.7816007e-20)
(0.0008564988 -0.0017908682 3.9800505e-20)
(0.0009356379 -0.0017921955 6.405097e-20)
(0.0010035502 -0.0017656693 -4.1977842e-20)
(0.0010599162 -0.001716415 6.7364095e-20)
(0.0011053572 -0.0016499967 8.9122048e-20)
(0.0011424472 -0.0015734997 -5.7852913e-20)
(0.0011755327 -0.0014945886 -7.3798132e-20)
(0.0012107279 -0.0014209467 2.5998306e-23)
(0.0012571977 -0.0013612938 1.0723822e-20)
(0.0013254319 -0.0013227412 -1.284988e-20)
(0.0014287574 -0.0013121135 -2.1875982e-20)
(0.0015799431 -0.0013324245 4.6812767e-21)
(0.0017888672 -0.0013816267 -4.2280465e-20)
(0.0020601086 -0.0014521469 1.1296681e-20)
(0.0023876436 -0.0015292577 8.8679841e-21)
(0.0027535836 -0.0015934738 -6.1035391e-20)
(0.0031307066 -0.0016250824 7.9568752e-20)
(0.0034870311 -0.0016084565 2.4052758e-21)
(0.0037952368 -0.0015368513 1.7312952e-20)
(0.0040111643 -0.0014033412 -2.0480459e-20)
(0.004050872 -0.0011983309 6.4953722e-20)
(0.0037801153 -0.00091743059 -4.0997706e-21)
(0.0030329939 -0.00057836399 1.6503331e-20)
(0.0015961255 -0.0002275867 -2.2614315e-21)
(-0.00073499982 3.9616796e-05 3.2384312e-21)
(-0.0041894646 8.484578e-05 -2.0165662e-21)
(-0.0091146225 -0.00030891115 3.7608011e-21)
(-0.015477304 -0.0014423837 -1.158818e-22)
(-0.022748071 -0.0035034235 4.2467005e-20)
(-0.030485156 -0.006588445 -1.6359022e-20)
(-0.038117884 -0.01067188 1.4757735e-20)
(-0.045155614 -0.015629304 -9.4783953e-20)
(-0.051164251 -0.021239513 -1.5284933e-20)
(-0.055873368 -0.027246601 1.3419354e-19)
(-0.05909166 -0.03336343 -1.1445568e-19)
(-0.060779315 -0.03932523 -2.1858522e-21)
(-0.060933427 -0.044856175 3.4882626e-20)
(-0.059694461 -0.049761074 -3.1829659e-20)
(-0.057148325 -0.053798146 -6.2588159e-21)
(-0.053497164 -0.056823261 -4.0076955e-21)
(-0.048979286 -0.058751939 -6.251682e-21)
(-0.04376008 -0.059440591 -2.6388993e-21)
(-0.038095248 -0.058876204 5.9054502e-22)
(-0.032199933 -0.057031332 4.8297415e-20)
(-0.026298402 -0.053932496 -7.4087135e-20)
(-0.020601724 -0.049634889 -7.9227495e-20)
(-0.015306528 -0.04422517 -3.2201811e-20)
(-0.010590818 -0.037819384 -7.3885356e-20)
(-0.0066095485 -0.03055825 1.6493846e-20)
(-0.0034897793 -0.022605064 2.4007166e-20)
(-0.001334363 -0.01415239 -3.7318493e-20)
(-0.00019989503 -0.0053625279 -4.9854737e-21)
(2.1234464e-05 0.0013096011 -1.2033423e-21)
(6.755932e-05 0.0015727334 -7.1723617e-23)
(0.00012905008 0.0018269168 -4.1182054e-21)
(0.00020469923 0.0020675001 1.3805396e-20)
(0.00029333766 0.0022898388 -9.7391408e-21)
(0.0003932649 0.0024893219 -2.9734612e-20)
(0.00050225645 0.0026615742 5.6284853e-21)
(0.00061752878 0.0028026812 2.2274975e-20)
(0.00073600863 0.0029092834 -2.0972071e-20)
(0.00085424995 0.002978889 4.6969932e-20)
(0.00096859242 0.0030099025 8.5382455e-22)
(0.0010754325 0.0030020962 -2.9119936e-20)
(0.0011712807 0.0029562594 -4.7447705e-20)
(0.0012532824 0.0028750578 3.8509592e-20)
(0.0013190542 0.0027619822 -4.0521878e-20)
(0.0013673734 0.0026223412 -6.518399e-20)
(0.0013980673 0.0024623535 4.2694594e-20)
(0.0014124605 0.002289401 -6.8463243e-20)
(0.0014137386 0.0021120092 -9.0499514e-20)
(0.00140656 0.0019386221 5.8694599e-20)
(0.0013978171 0.0017782741 7.4803838e-20)
(0.0013963647 0.0016396323 6.6985401e-20)
(0.0014134369 0.0015310503 5.5024604e-20)
(0.0014625959 0.0014599868 1.2994596e-20)
(0.0015588367 0.0014317419 2.2110826e-20)
(0.0017165384 0.0014476253 -4.7299257e-21)
(0.0019470585 0.0015037144 4.2714979e-20)
(0.0022502254 0.0015860692 -1.1414585e-20)
(0.0026129737 0.0016735778 -8.964359e-21)
(0.0030060453 0.0017397102 6.1742754e-20)
(0.0033950759 0.001762553 -8.0563105e-20)
(0.003748792 0.0017295224 -2.4238229e-21)
(0.0040343355 0.0016341138 3.9979794e-20)
(0.0041975272 0.0014691583 2.0824131e-20)
(0.0041416639 0.0012260895 -6.6183719e-20)
(0.0037159223 0.00090325171 4.1879817e-21)
(0.0027429904 0.0005255875 1.2329972e-20)
(0.00099587466 0.00014894028 2.323872e-21)
(-0.0017205385 -0.00011919522 -3.3375757e-21)
(-0.0055995815 -0.00011955753 2.0835144e-21)
(-0.011003202 0.00036882393 -3.8920119e-21)
(-0.017805322 0.0016560716 3.1630313e-20)
(-0.025395343 0.0039079023 -4.389228e-20)
(-0.033310568 0.0071957974 1.6859532e-20)
(-0.040948558 0.011461518 -1.5149404e-20)
(-0.047875417 0.016567969 9.6848708e-20)
(-0.053665458 0.02227427 1.5531897e-20)
(-0.058081521 0.028320017 -1.3555995e-19)
(-0.060971067 0.034421308 1.148427e-19)
(-0.062312543 0.040314172 2.1764562e-21)
(-0.062123402 0.045729224 -3.4401264e-20)
(-0.06056475 0.050483696 3.0993859e-20)
(-0.057714449 0.05432818 -4.8106444e-20)
(-0.053796688 0.057138665 3.6649748e-21)
(-0.049063721 0.058850391 -6.615594e-21)
(-0.043657172 0.059297774 4.0428453e-21)
(-0.037849092 0.058492506 -6.6933834e-22)
(-0.031850609 0.056408952 -5.1979757e-20)
(-0.02588479 0.053079986 7.7965683e-20)
(-0.020160884 0.04856755 8.2280854e-20)
(-0.014871893 0.042962572 3.3138848e-20)
(-0.010192307 0.036386766 7.5506162e-20)
(-0.006272252 0.028983862 -1.6759204e-20)
(-0.0032338306 0.020921967 4.8138001e-20)
(-0.001174263 0.012389571 3.7558463e-20)
(-0.0001472187 0.0035761175 4.9989449e-21)
)
;
    }
    frontAndBack
    {
        type            empty;
    }
}


// ************************************************************************* //
