/*--------------------------------*- C++ -*----------------------------------*\
  =========                 |
  \\      /  F ield         | OpenFOAM: The Open Source CFD Toolbox
   \\    /   O peration     | Website:  https://openfoam.org
    \\  /    A nd           | Version:  13
     \\/     M anipulation  |
\*---------------------------------------------------------------------------*/
FoamFile
{
    format      ascii;
    class       volVectorField;
    location    "8.3991";
    object      wallShearStress;
}
// * * * * * * * * * * * * * * * * * * * * * * * * * * * * * * * * * * * * * //

dimensions      [0 2 -2 0 0 0 0];

internalField   uniform (0 0 0);

boundaryField
{
    inlet
    {
        type            calculated;
        value           uniform (0 0 0);
    }
    outlet
    {
        type            calculated;
        value           uniform (0 0 0);
    }
    cylinder
    {
        type            calculated;
        value           nonuniform List<vector> 
132
(
(0.00010500832 -0.0019685523 -1.1300903e-22)
(0.00043420281 -0.0087027017 3.2865222e-23)
(0.0011295207 -0.015286692 1.9180336e-21)
(0.002168456 -0.021494258 -6.9365314e-21)
(0.0035032726 -0.027100166 5.3593984e-21)
(0.0050608161 -0.031887855 1.8065782e-20)
(0.0067435238 -0.035665202 -3.7806804e-21)
(0.0084369773 -0.038276686 -1.6470683e-20)
(0.010015731 -0.039615593 1.6931591e-20)
(0.011350514 -0.03963611 -4.094983e-20)
(0.012320255 -0.038361705 -7.9336872e-22)
(0.012825224 -0.035892454 2.8484816e-20)
(0.012799717 -0.032404111 4.8175087e-20)
(0.012226231 -0.028147422 -4.0055853e-20)
(0.01114 -0.023423108 4.2664343e-20)
(0.0096348979 -0.018565812 6.874646e-20)
(0.0078494858 -0.013899823 -4.4729561e-20)
(0.0059479541 -0.0097017103 7.0824349e-20)
(0.0040988243 -0.0061704363 9.2118741e-20)
(0.00243907 -0.0033970089 -5.8708689e-20)
(0.0010647815 -0.0013800739 -7.3555641e-20)
(2.0030167e-07 -1.9726583e-05 2.5466095e-23)
(-0.00076138028 0.00081311564 1.0364891e-20)
(-0.0012677134 0.0012601311 -1.226505e-20)
(-0.0015052055 0.0013836186 -2.0639955e-20)
(-0.0013479108 0.0011452258 4.3666005e-21)
(-0.00059267022 0.00047234783 -3.9038614e-20)
(0.00074000716 -0.00050531099 1.0360044e-20)
(0.0023128009 -0.0014686353 8.1197352e-21)
(0.0036512123 -0.0021067846 -5.6060862e-20)
(0.0044562767 -0.0023126101 7.3461422e-20)
(0.0048078241 -0.0022197267 2.231175e-21)
(0.0049417026 -0.0020032415 1.6116378e-20)
(0.0050073876 -0.0017532429 -1.9122988e-20)
(0.0049320927 -0.0014598696 6.086582e-20)
(0.0045085387 -0.001094959 -3.8588809e-21)
(0.0035209921 -0.00067228581 1.5616252e-20)
(0.00173175 -0.00024860731 -2.1528358e-21)
(-0.0010690095 6.2389399e-05 3.1031246e-21)
(-0.0051151107 0.00010522933 -1.9454317e-21)
(-0.010772643 -0.00036369823 3.65357e-21)
(-0.017990943 -0.0016754443 -1.133661e-22)
(-0.026179122 -0.0040306602 4.1793504e-20)
(-0.03485359 -0.0075314078 -1.6185309e-20)
(-0.043377338 -0.012143364 1.4668278e-20)
(-0.051253324 -0.017738867 -9.4591446e-20)
(-0.057987244 -0.024071274 -1.5304245e-20)
(-0.063274315 -0.030855281 1.3473919e-19)
(-0.066903835 -0.037773998 -1.1515969e-19)
(-0.068812649 -0.044522848 -2.2024973e-21)
(-0.069000634 -0.050794868 3.5166857e-20)
(-0.067608709 -0.056358383 -3.2063601e-20)
(-0.064736226 -0.060941383 -6.2861412e-21)
(-0.060621662 -0.064390972 -3.9903313e-21)
(-0.055520177 -0.066598181 -5.9731995e-21)
(-0.049616661 -0.067396084 -3.0995425e-21)
(-0.043207184 -0.066777126 6.2801376e-22)
(-0.036533152 -0.064706716 5.0653392e-20)
(-0.029850096 -0.061217005 -7.7311124e-20)
(-0.023397101 -0.056370672 -8.247933e-20)
(-0.017396912 -0.050266324 -3.3482635e-20)
(-0.012051033 -0.043035832 -7.6777695e-20)
(-0.0075347414 -0.03483909 1.7135543e-20)
(-0.0039912004 -0.025860646 2.4942271e-20)
(-0.0015373563 -0.016320855 -3.8782441e-20)
(-0.00023558515 -0.006396525 -5.1835481e-21)
(0.00014251071 0.0047627948 -5.226599e-22)
(0.0005436742 0.011404912 -3.2252398e-23)
(0.0013008954 0.01780309 -1.9643803e-21)
(0.0023839933 0.023734549 7.1362533e-21)
(0.0037381269 0.028982047 -5.5258231e-21)
(0.0052841968 0.033340952 -1.8618549e-20)
(0.0069201665 0.036636828 3.8867589e-21)
(0.008531462 0.038734885 1.6866034e-20)
(0.0099936548 0.039552495 -1.7253534e-20)
(0.011182644 0.039070288 4.1504358e-20)
(0.011986583 0.037340197 7.9972319e-22)
(0.012318102 0.034488277 -2.8552375e-20)
(0.01212842 0.030717609 -4.8037917e-20)
(0.011415939 0.026293093 3.975491e-20)
(0.010234823 0.021529183 -4.2171881e-20)
(0.0086901015 0.01675204 -6.7737425e-20)
(0.0069253359 0.012269021 4.3971055e-20)
(0.0051032935 0.0083287772 -6.9532586e-20)
(0.0033775751 0.0050889212 -9.0391453e-20)
(0.0018673719 0.0026058926 5.7620345e-20)
(0.00064497914 0.00084615334 7.2240052e-20)
(-0.00028292326 -0.00031558699 6.3748157e-20)
(-0.00093653012 -0.0010047216 5.1692998e-20)
(-0.0013572715 -0.0013515764 1.2068976e-20)
(-0.0014428795 -0.0013283769 2.0314424e-20)
(-0.0011724841 -0.00099928007 -4.3004868e-21)
(-0.00021010892 -0.00017851011 3.8460063e-20)
(0.0012504322 0.00086560126 -1.0227992e-20)
(0.0027566677 0.0017549122 -8.0301792e-21)
(0.0039310501 0.0022709283 5.5524326e-20)
(0.004557169 0.0023664114 -7.2794287e-20)
(0.0048186316 0.0022252186 -2.1986879e-21)
(0.0049316333 0.001999281 3.6362821e-20)
(0.0049796386 0.0017438693 1.8989372e-20)
(0.0048289727 0.0014301507 -6.0540007e-20)
(0.0042709205 0.0010386714 3.8458779e-21)
(0.0030903645 0.00059273611 1.1374782e-20)
(0.0010475388 0.00015818761 2.1550244e-21)
(-0.0020558312 -0.00014389125 -3.1124755e-21)
(-0.0064253882 -0.00013805511 1.9542673e-21)
(-0.012432239 0.00041590801 -3.6726014e-21)
(-0.019961127 0.0018559526 3.0026963e-20)
(-0.028348819 0.0043617957 -4.18987e-20)
(-0.037090139 0.0080117949 1.6172096e-20)
(-0.045552275 0.012749785 -1.4594442e-20)
(-0.053272452 0.018435362 9.3638759e-20)
(-0.059760604 0.024804274 1.5056333e-20)
(-0.064746514 0.03157015 -1.3163376e-19)
(-0.068046327 0.038416091 1.1154762e-19)
(-0.069623395 0.045044537 2.1112717e-21)
(-0.069479754 0.051144748 -3.3233252e-20)
(-0.067802195 0.056516925 2.9698148e-20)
(-0.064647692 0.060854971 -4.524402e-20)
(-0.060294814 0.064040981 3.2943275e-21)
(-0.055025826 0.066002105 -4.5011719e-21)
(-0.048970495 0.066514899 5.5286551e-21)
(-0.04246342 0.065623774 -7.5754944e-22)
(-0.035732209 0.063283574 -5.6465465e-20)
(-0.029033627 0.059537098 8.3240946e-20)
(-0.022603911 0.054452681 8.703104e-20)
(-0.016661862 0.048133158 3.4851893e-20)
(-0.011405284 0.040716334 7.9109611e-20)
(-0.0070042072 0.032364518 -1.7512858e-20)
(-0.0035966909 0.023267711 5.020742e-20)
(-0.0012935962 0.013638116 3.9118999e-20)
(-0.00015588557 0.0036940318 5.2013898e-21)
)
;
    }
    frontAndBack
    {
        type            empty;
    }
}


// ************************************************************************* //
