/*--------------------------------*- C++ -*----------------------------------*\
  =========                 |
  \\      /  F ield         | OpenFOAM: The Open Source CFD Toolbox
   \\    /   O peration     | Website:  https://openfoam.org
    \\  /    A nd           | Version:  13
     \\/     M anipulation  |
\*---------------------------------------------------------------------------*/
FoamFile
{
    format      ascii;
    class       volVectorField;
    location    "19.599861";
    object      wallShearStress;
}
// * * * * * * * * * * * * * * * * * * * * * * * * * * * * * * * * * * * * * //

dimensions      [0 2 -2 0 0 0 0];

internalField   uniform (0 0 0);

boundaryField
{
    inlet
    {
        type            calculated;
        value           uniform (0 0 0);
    }
    outlet
    {
        type            calculated;
        value           uniform (0 0 0);
    }
    cylinder
    {
        type            calculated;
        value           nonuniform List<vector> 
132
(
(4.6762163e-05 -0.0022989757 -2.1262523e-22)
(0.00015835407 -0.0035204376 6.0698232e-23)
(0.0003383707 -0.0047075979 3.3639894e-21)
(0.0005818557 -0.005829177 -1.1338108e-20)
(0.00088152524 -0.0068525682 8.0453373e-21)
(0.0012261141 -0.0077443277 2.4728338e-20)
(0.0016003164 -0.0084721005 -4.7150528e-21)
(0.0019847939 -0.0090066854 -1.8801091e-20)
(0.0023578742 -0.0093241349 1.7833224e-20)
(0.0026955962 -0.0094081204 -4.0217885e-20)
(0.0029736312 -0.0092521158 -7.3553599e-22)
(0.0031691805 -0.0088609719 2.5211939e-20)
(0.0032635693 -0.0082530653 4.1229124e-20)
(0.0032448091 -0.0074607776 -3.3533223e-20)
(0.0031083076 -0.0065261001 3.530634e-20)
(0.0028607417 -0.005503662 5.674417e-20)
(0.0025187469 -0.0044524192 -3.7087381e-20)
(0.0021083829 -0.0034318741 5.928456e-20)
(0.0016623461 -0.0024958543 7.8068561e-20)
(0.001215124 -0.0016850367 -5.0422392e-20)
(0.00079840546 -0.0010237642 -6.3992117e-20)
(0.00043782943 -0.00052018842 2.2441121e-23)
(0.00015540461 -0.00017291168 9.2104284e-21)
(-2.5818379e-05 2.4286678e-05 -1.09892e-20)
(-5.6256816e-05 5.2638221e-05 -1.8633005e-20)
(8.6987308e-05 -6.9692523e-05 3.9725116e-21)
(0.00048753904 -0.00037105985 -3.5770746e-20)
(0.0011128718 -0.00077821487 9.5422576e-21)
(0.0018503731 -0.0011801146 7.4898853e-21)
(0.0025461338 -0.001470683 -5.1619939e-20)
(0.0030637415 -0.0015896966 6.7410142e-20)
(0.003396905 -0.0015673163 2.0403489e-21)
(0.0036266619 -0.001468948 1.4692135e-20)
(0.003825811 -0.0013382122 -1.7377183e-20)
(0.0039503854 -0.0011676489 5.5099966e-20)
(0.003861754 -0.00093554318 -3.4775961e-21)
(0.0033922304 -0.00064373337 1.4002307e-20)
(0.0023423904 -0.00032532316 -1.9200833e-21)
(0.00050202051 -5.6053824e-05 2.7538746e-21)
(-0.0023719187 4.090284e-05 -1.7192973e-21)
(-0.0066403951 -0.00022564163 3.219847e-21)
(-0.012363572 -0.0011562334 -9.9850284e-23)
(-0.019141522 -0.0029520103 3.6871576e-20)
(-0.026554552 -0.0057429593 -1.4320815e-20)
(-0.034037218 -0.009533461 1.3028464e-20)
(-0.041142354 -0.014243688 -8.4366258e-20)
(-0.047350884 -0.019660579 -1.3698352e-20)
(-0.052350651 -0.025532944 1.2097586e-19)
(-0.055929773 -0.031582071 -1.0358397e-19)
(-0.057991776 -0.037525198 -1.9821195e-21)
(-0.058532783 -0.043092166 3.159515e-20)
(-0.057654339 -0.048063348 -2.8659642e-20)
(-0.055457077 -0.052208769 -5.5519329e-21)
(-0.052119223 -0.055362033 -3.4106706e-21)
(-0.047876724 -0.057431679 -4.3707688e-21)
(-0.042910335 -0.05828854 -4.0227376e-21)
(-0.03745897 -0.057894936 6.5157568e-22)
(-0.031747126 -0.056231483 5.0584784e-20)
(-0.025997986 -0.053318685 -7.6068877e-20)
(-0.020424396 -0.049210255 -8.0553024e-20)
(-0.01522465 -0.043991796 -3.2565829e-20)
(-0.010577845 -0.037777409 -7.4498193e-20)
(-0.0066404472 -0.030707849 1.6604968e-20)
(-0.0035403699 -0.022944392 2.4155593e-20)
(-0.0013815917 -0.014683156 -3.7556419e-20)
(-0.00022007095 -0.0060734786 -5.0215932e-21)
(9.9089e-07 -0.0010607465 -9.7639995e-22)
(2.2777305e-05 0.00018915739 -5.8124761e-23)
(0.0001129335 0.0014342478 -3.3372018e-21)
(0.00027165378 0.0026446403 1.1204065e-20)
(0.00049343219 0.0037874476 -7.9269089e-21)
(0.00076958871 0.0048283584 -2.4302135e-20)
(0.0010872368 0.005732882 4.6240482e-21)
(0.0014293714 0.0064683457 1.8408554e-20)
(0.0017751056 0.0070065117 -1.7442637e-20)
(0.0021016643 0.0073255813 3.9317789e-20)
(0.0023848337 0.0074130864 7.1909148e-22)
(0.0026011015 0.007267499 -2.466302e-20)
(0.0027302214 0.0069006455 -4.037288e-20)
(0.0027574049 0.0063375271 3.2883761e-20)
(0.0026764377 0.0056176191 -3.4682362e-20)
(0.0024892911 0.0047879529 -5.5853068e-20)
(0.0022107081 0.0039074081 3.6581331e-20)
(0.0018641141 0.0030341817 -5.8604759e-20)
(0.0014796331 0.0022215313 -7.7337315e-20)
(0.0010889861 0.0015101464 5.0055052e-20)
(0.00072452575 0.00092900569 6.3646552e-20)
(0.00040682822 0.00048296521 5.6867195e-20)
(0.00016882637 0.00018615347 4.6602087e-20)
(3.1690525e-05 3.2106303e-05 1.0981124e-20)
(5.0449927e-05 4.5475037e-05 1.8646183e-20)
(0.00025019569 0.00020726835 -3.9809173e-21)
(0.00069234126 0.0005290891 3.5884581e-20)
(0.0013292058 0.00093134575 -9.5861239e-21)
(0.0020107567 0.0012839475 -7.531438e-21)
(0.0026104102 0.00150901 5.1937926e-20)
(0.0030259402 0.0015708124 -6.7832795e-20)
(0.0032999035 0.0015228404 -2.0412517e-21)
(0.0035081147 0.0014210261 3.3645233e-20)
(0.0036856275 0.0012894322 1.7504575e-20)
(0.0037499014 0.0011089987 -5.555889e-20)
(0.0035520327 0.00086162009 3.5106633e-21)
(0.0029218719 0.00055646923 1.0320942e-20)
(0.0016559462 0.00023435465 1.9427642e-21)
(-0.00044864444 -1.8019903e-05 -2.788357e-21)
(-0.0036236082 -7.1811454e-05 1.740822e-21)
(-0.0082105324 0.00027895989 -3.2566949e-21)
(-0.014217436 0.0013260573 2.655693e-20)
(-0.0211637 0.0032605512 -3.7019665e-20)
(-0.028622007 0.0061869613 1.4296572e-20)
(-0.036040823 0.010091555 -1.2916065e-20)
(-0.042929153 0.01485978 8.2946263e-20)
(-0.04884361 0.02027731 1.3348379e-20)
(-0.053504833 0.026092562 -1.1664028e-19)
(-0.05671081 0.032019949 9.8666244e-20)
(-0.058415389 0.037796235 1.859297e-21)
(-0.058605912 0.043143001 -2.9033625e-20)
(-0.057428145 0.04787182 2.5546426e-20)
(-0.054951967 0.051730062 -3.7719645e-20)
(-0.051390154 0.054584518 2.5114382e-21)
(-0.046986065 0.05635983 -1.2298852e-21)
(-0.04188811 0.05689611 7.1170409e-21)
(-0.036363289 0.056197131 -8.157707e-22)
(-0.030622593 0.054234467 -5.7918732e-20)
(-0.024889571 0.05103906 8.3522935e-20)
(-0.019373553 0.046670126 8.6256072e-20)
(-0.014268366 0.04121742 3.4276862e-20)
(-0.0097489747 0.034800929 7.7405823e-20)
(-0.0059661517 0.027563476 -1.7074666e-20)
(-0.0030423886 0.019672132 4.8827033e-20)
(-0.0010752816 0.011312738 3.7974533e-20)
(-0.00012015086 0.0026849377 5.0429483e-21)
)
;
    }
    frontAndBack
    {
        type            empty;
    }
}


// ************************************************************************* //
