/*--------------------------------*- C++ -*----------------------------------*\
  =========                 |
  \\      /  F ield         | OpenFOAM: The Open Source CFD Toolbox
   \\    /   O peration     | Website:  https://openfoam.org
    \\  /    A nd           | Version:  13
     \\/     M anipulation  |
\*---------------------------------------------------------------------------*/
FoamFile
{
    format      ascii;
    class       volVectorField;
    location    "28.901235";
    object      wallShearStress;
}
// * * * * * * * * * * * * * * * * * * * * * * * * * * * * * * * * * * * * * //

dimensions      [0 2 -2 0 0 0 0];

internalField   uniform (0 0 0);

boundaryField
{
    inlet
    {
        type            calculated;
        value           uniform (0 0 0);
    }
    outlet
    {
        type            calculated;
        value           uniform (0 0 0);
    }
    cylinder
    {
        type            calculated;
        value           nonuniform List<vector> 
132
(
(-3.4648846e-06 0.00055278226 -2.4872671e-22)
(-5.5667192e-06 0.00023326939 7.0690711e-23)
(9.9905026e-06 -8.697018e-05 3.8947922e-21)
(4.2838077e-05 -0.00040295979 -1.3036679e-20)
(9.3389239e-05 -0.00070910337 9.1777634e-21)
(0.00016016292 -0.00099969413 2.7966969e-20)
(0.00024146886 -0.0012691986 -5.2847003e-21)
(0.00033499328 -0.0015123263 -2.0882331e-20)
(0.00043784608 -0.0017242738 1.9634989e-20)
(0.00054663862 -0.0019009717 -4.3927608e-20)
(0.0006575766 -0.0020393039 -7.9784246e-22)
(0.00076680613 -0.0021373026 2.7193952e-20)
(0.00087041717 -0.0021943098 4.4292168e-20)
(0.00096479091 -0.0022112001 -3.5942116e-20)
(0.0010468407 -0.00219036 3.7820577e-20)
(0.0011143038 -0.0021357139 6.0849687e-20)
(0.0011660765 -0.0020527384 -3.9868034e-20)
(0.0012021735 -0.0019477645 6.3957878e-20)
(0.0012245036 -0.0018287003 8.458512e-20)
(0.001236687 -0.0017040398 -5.4888078e-20)
(0.0012442109 -0.0015825394 -6.9989778e-20)
(0.0012547412 -0.0014731303 2.4646158e-23)
(0.0012781904 -0.0013844409 1.0163373e-20)
(0.0013268339 -0.0013244353 -1.2174626e-20)
(0.0014150076 -0.0012996527 -2.0720933e-20)
(0.0015571561 -0.0013132412 4.4331629e-21)
(0.0017650359 -0.0013631499 -4.0033543e-20)
(0.0020415687 -0.0014389464 1.069572e-20)
(0.0023806598 -0.0015246342 8.3963473e-21)
(0.0027598639 -0.00159701 -5.7797761e-20)
(0.0031448673 -0.0016323866 7.5364104e-20)
(0.0035071776 -0.0016177211 2.2787828e-21)
(0.0038204151 -0.0015470207 1.6408305e-20)
(0.0040428043 -0.0014143434 -1.9418495e-20)
(0.0040967232 -0.001211744 6.1619706e-20)
(0.0038506808 -0.00093427494 -3.8922193e-21)
(0.0031397097 -0.00059815842 1.568317e-20)
(0.0017527492 -0.00024833506 -2.151757e-21)
(-0.00051564665 2.1943842e-05 3.086333e-21)
(-0.0038978277 7.7651613e-05 -1.9254062e-21)
(-0.008739056 -0.00029678576 3.5988953e-21)
(-0.015019172 -0.0014003019 -1.1118099e-22)
(-0.022222001 -0.0034229662 4.0846537e-20)
(-0.029909351 -0.0064645494 -1.5772536e-20)
(-0.0375179 -0.010504429 1.4258962e-20)
(-0.044551922 -0.015420732 -9.1737034e-20)
(-0.050574775 -0.020995354 -1.481282e-20)
(-0.055312419 -0.026973564 1.3014446e-19)
(-0.05856861 -0.033068587 -1.1101678e-19)
(-0.060300801 -0.039016059 -2.1187442e-21)
(-0.060502572 -0.044539403 3.3749471e-20)
(-0.0593132 -0.049443633 -3.0681307e-20)
(-0.056816751 -0.053486356 -5.9867145e-21)
(-0.053213011 -0.056521761 -3.7636634e-21)
(-0.048740385 -0.058465683 -5.4237563e-21)
(-0.043564227 -0.059174868 -3.297146e-21)
(-0.03793891 -0.058634894 6.2221878e-22)
(-0.032079373 -0.056818128 4.9603322e-20)
(-0.026209544 -0.053750625 -7.5338824e-20)
(-0.020540198 -0.049487072 -8.0154586e-20)
(-0.015267803 -0.044113798 -3.2480707e-20)
(-0.010570159 -0.03774631 -7.4384387e-20)
(-0.0066021376 -0.030525054 1.6584944e-20)
(-0.0034906707 -0.022612699 2.4120938e-20)
(-0.0013386163 -0.014202032 -3.7478094e-20)
(-0.00020234871 -0.0054527022 -5.0057794e-21)
(1.5860963e-05 0.00086897873 -1.1457959e-21)
(5.2131564e-05 0.0011825297 -6.8323785e-23)
(0.00010648523 0.0014911844 -3.9250122e-21)
(0.00017816677 0.0017892954 1.3165716e-20)
(0.00026622286 0.0020711312 -9.2943079e-21)
(0.00036903821 0.0023308281 -2.8398617e-20)
(0.00048432509 0.0025626581 5.3802324e-21)
(0.00060908301 0.0027612427 2.1312448e-20)
(0.0007397823 0.0029218064 -2.0085985e-20)
(0.00087241306 0.003040378 4.5032875e-20)
(0.0010025962 0.0031141508 8.1949013e-22)
(0.0011257868 0.0031415895 -2.7980444e-20)
(0.001237625 0.0031229235 -4.5641291e-20)
(0.0013340487 0.0030597913 3.7083687e-20)
(0.0014119989 0.002956252 -3.906187e-20)
(0.0014690282 0.0028171217 -6.2897357e-20)
(0.0015045684 0.0026498931 4.1233921e-20)
(0.0015195432 0.0024630565 -6.6175231e-20)
(0.0015166097 0.0022658812 -8.7537641e-20)
(0.0015009308 0.0020689672 5.6808954e-20)
(0.0014793618 0.0018823562 7.2437962e-20)
(0.0014616792 0.0017167133 6.489406e-20)
(0.0014595955 0.0015814571 5.3323899e-20)
(0.0014877651 0.0014855048 1.2595939e-20)
(0.0015623061 0.00143527 2.1435824e-20)
(0.0016991859 0.0014332479 -4.5859364e-21)
(0.0019113454 0.0014762828 4.1416139e-20)
(0.0022010108 0.0015514323 -1.1067556e-20)
(0.0025545839 0.001636172 -8.6919406e-21)
(0.0029418369 0.0017025119 5.9868089e-20)
(0.0033277068 0.0017275285 -7.8121716e-20)
(0.0036806315 0.0016980235 -2.3505622e-21)
(0.0039673976 0.0016069507 3.8775847e-20)
(0.0041344607 0.0014470244 2.0199562e-20)
(0.0040893382 0.0012105017 -6.4207058e-20)
(0.0036856626 0.00089573457 4.0635455e-21)
(0.0027478329 0.00052620236 1.1965985e-20)
(0.0010526057 0.00015618691 2.2558397e-21)
(-0.0015951426 -0.0001086865 -3.2409473e-21)
(-0.0053919321 -0.00011461372 2.0240359e-21)
(-0.010696546 0.000358927 -3.7829905e-21)
(-0.017395506 0.0016182812 3.0764913e-20)
(-0.024894923 0.0038312475 -4.272242e-20)
(-0.032740452 0.0070730053 1.6421522e-20)
(-0.040329568 0.01128858 -1.4764077e-20)
(-0.047225545 0.01634338 9.4421327e-20)
(-0.053007463 0.02200157 1.5144689e-20)
(-0.05743233 0.028003861 -1.3214811e-19)
(-0.060343927 0.03406762 1.1187203e-19)
(-0.061718204 0.039929987 2.1171121e-21)
(-0.061568503 0.045321065 -3.3377529e-20)
(-0.060054917 0.050059001 2.9935258e-20)
(-0.057252609 0.053893676 -4.604684e-20)
(-0.053383671 0.056700195 3.4317137e-21)
(-0.048699704 0.058413938 -5.5037441e-21)
(-0.04334172 0.058869448 4.6919366e-21)
(-0.037580462 0.058077465 -7.0103435e-22)
(-0.031626475 0.05601206 -5.3303401e-20)
(-0.025702244 0.052705656 7.9248429e-20)
(-0.020016515 0.048219696 8.3239411e-20)
(-0.014761921 0.0426447 3.3428981e-20)
(-0.01011261 0.03610188 7.6026604e-20)
(-0.0062184472 0.028734509 -1.6854057e-20)
(-0.0032013254 0.02071024 4.837134e-20)
(-0.0011582857 0.012216704 3.7721715e-20)
(-0.00014314103 0.0034449135 5.0194398e-21)
)
;
    }
    frontAndBack
    {
        type            empty;
    }
}


// ************************************************************************* //
