/*--------------------------------*- C++ -*----------------------------------*\
  =========                 |
  \\      /  F ield         | OpenFOAM: The Open Source CFD Toolbox
   \\    /   O peration     | Website:  https://openfoam.org
    \\  /    A nd           | Version:  13
     \\/     M anipulation  |
\*---------------------------------------------------------------------------*/
FoamFile
{
    format      ascii;
    class       volVectorField;
    location    "32.000287";
    object      wallShearStress;
}
// * * * * * * * * * * * * * * * * * * * * * * * * * * * * * * * * * * * * * //

dimensions      [0 2 -2 0 0 0 0];

internalField   uniform (0 0 0);

boundaryField
{
    inlet
    {
        type            calculated;
        value           uniform (0 0 0);
    }
    outlet
    {
        type            calculated;
        value           uniform (0 0 0);
    }
    cylinder
    {
        type            calculated;
        value           nonuniform List<vector> 
132
(
(1.5457532e-05 -0.00083840268 -2.5989613e-22)
(5.1051344e-05 -0.0011547764 7.4137493e-23)
(0.00010515073 -0.0014703189 4.0984974e-21)
(0.00017737137 -0.0017795767 -1.3765957e-20)
(0.00026714557 -0.0020768199 9.7241925e-21)
(0.00037324108 -0.0023560349 2.9730166e-20)
(0.00049372592 -0.0026111679 -5.6357981e-21)
(0.00062592123 -0.0028363478 -2.2337441e-20)
(0.00076649571 -0.0030261445 2.1063618e-20)
(0.00091158916 -0.0031757935 -4.7250263e-20)
(0.0010568288 -0.0032815363 -8.6029194e-22)
(0.0011975549 -0.0033408436 2.9389342e-20)
(0.0013291098 -0.0033527939 4.7964598e-20)
(0.0014470531 -0.0033180511 -3.8991646e-20)
(0.001547693 -0.0032394679 4.1092792e-20)
(0.001628112 -0.0031213583 6.6201217e-20)
(0.0016869983 -0.002970412 -4.3421229e-20)
(0.0017246024 -0.0027947154 6.9719098e-20)
(0.0017432502 -0.0026038251 9.2267476e-20)
(0.0017478611 -0.002408746 -5.9904257e-20)
(0.001745761 -0.0022207892 -7.6415286e-20)
(0.0017473623 -0.002051784 2.6908282e-23)
(0.0017659849 -0.0019130623 1.1101989e-20)
(0.0018175281 -0.0018145265 -1.3301779e-20)
(0.0019194105 -0.0017632553 -2.2645185e-20)
(0.0020871595 -0.001760613 4.846644e-21)
(0.0023312108 -0.0018008945 -4.3791391e-20)
(0.0026492136 -0.0018678287 1.1708861e-20)
(0.0030260158 -0.0019386415 9.2013435e-21)
(0.0034311009 -0.0019862105 -6.3422997e-20)
(0.003819385 -0.0019833842 8.2832509e-20)
(0.0041517752 -0.0019160614 2.5092803e-21)
(0.0043891818 -0.0017786063 1.8107107e-20)
(0.0044605669 -0.001562208 -2.1482089e-20)
(0.0042601971 -0.0012624427 6.8346173e-20)
(0.003637036 -0.00088581677 -4.3280624e-21)
(0.0024157161 -0.00046588104 1.7476216e-20)
(0.00037646745 -6.7513514e-05 -2.4008035e-21)
(-0.0026634919 0.0001929979 3.4429163e-21)
(-0.0068651738 0.00015111157 -2.144215e-21)
(-0.012598044 -0.00041910829 3.992389e-21)
(-0.019758137 -0.0018355041 -1.2260194e-22)
(-0.027714744 -0.0042629973 4.4723369e-20)
(-0.036015277 -0.0077787451 -1.7141565e-20)
(-0.044081658 -0.012337705 1.5390473e-20)
(-0.051472237 -0.017812167 -9.8448003e-20)
(-0.057731792 -0.023962339 -1.5822347e-20)
(-0.062596523 -0.0305223 1.3860651e-19)
(-0.065879075 -0.03719336 -1.1807258e-19)
(-0.067526223 -0.043688834 -2.2550316e-21)
(-0.067542749 -0.049720301 3.6042996e-20)
(-0.066059293 -0.05506574 -3.3009113e-20)
(-0.063173731 -0.059469704 -6.5447232e-21)
(-0.059107221 -0.062781763 -4.2713704e-21)
(-0.054100205 -0.064894475 -7.176338e-21)
(-0.048333365 -0.065652711 -1.8761123e-21)
(-0.042085118 -0.065042887 5.5257947e-22)
(-0.035587733 -0.063032299 4.6684587e-20)
(-0.029085892 -0.059650026 -7.2516157e-20)
(-0.022809512 -0.054955473 -7.8070567e-20)
(-0.016973281 -0.049043084 -3.18677e-20)
(-0.011771651 -0.042039419 -7.334336e-20)
(-0.0073741653 -0.034098887 1.6412225e-20)
(-0.0039193776 -0.025399427 2.3937598e-20)
(-0.0015207617 -0.016155832 -3.728037e-20)
(-0.00023830824 -0.0065354262 -4.989602e-21)
(-3.2077439e-06 -0.00052319642 -1.192981e-21)
(-4.5835301e-06 -0.00020828516 -7.0882872e-23)
(1.1031997e-05 0.0001037269 -4.0569353e-21)
(4.3186746e-05 0.00040811401 1.3557911e-20)
(9.1991466e-05 0.00069966393 -9.5355104e-21)
(0.0001557878 0.00097326292 -2.9027606e-20)
(0.00023274952 0.0012241113 5.4792918e-21)
(0.00032055955 0.0014478151 2.1627422e-20)
(0.0004164534 0.0016405968 -2.031258e-20)
(0.00051733488 0.0017995156 4.5391375e-20)
(0.00061987726 0.0019226111 8.2349141e-22)
(0.00072077515 0.0020091261 -2.8035758e-20)
(0.00081692144 0.0020594707 -4.5612666e-20)
(0.00090563352 0.0020755323 3.6974357e-20)
(0.00098480463 0.0020603573 -3.886799e-20)
(0.0010533606 0.0020185833 -6.2477472e-20)
(0.0011112051 0.0019556854 4.0900907e-20)
(0.0011598431 0.001878575 -6.5567628e-20)
(0.0012023221 0.0017948181 -8.6662182e-20)
(0.0012435375 0.001712561 5.6208868e-20)
(0.0012908328 0.001640759 7.1649307e-20)
(0.0013534437 0.001587787 6.4180254e-20)
(0.001443228 0.001561881 5.2741835e-20)
(0.0015731316 0.001568988 1.2461895e-20)
(0.0017560561 0.0016117714 2.1217513e-20)
(0.0020020656 0.001687685 -4.5421843e-21)
(0.0023124425 0.0017856279 4.1055132e-20)
(0.0026779068 0.0018876992 -1.0981637e-20)
(0.0030747555 0.001969888 -8.6337963e-21)
(0.0034699493 0.0020089109 5.9534365e-20)
(0.0038381447 0.0019933495 -7.7779178e-20)
(0.0041472834 0.0019142342 -2.3435887e-21)
(0.0043514785 0.0017636441 3.8727297e-20)
(0.0043765317 0.001533227 2.0215623e-20)
(0.0041087243 0.0012182803 -6.4403439e-20)
(0.0033866305 0.00082610634 4.0853509e-21)
(0.0020315652 0.00039459699 1.205457e-20)
(-0.0001766115 -5.4569524e-06 2.2757859e-21)
(-0.0034244046 -0.00025464539 -3.2705712e-21)
(-0.0078351432 -0.00017679657 2.0410444e-21)
(-0.013776935 0.00045593575 -3.8060577e-21)
(-0.021112682 0.0019593777 3.0838279e-20)
(-0.029156599 0.0044827949 -4.263145e-20)
(-0.037457471 0.0080882966 1.6309986e-20)
(-0.045445016 0.012717636 -1.4598785e-20)
(-0.05266441 0.018223014 9.2958637e-20)
(-0.058695248 0.024359912 1.4852512e-20)
(-0.063297762 0.030861868 -1.2909804e-19)
(-0.066292349 0.037424342 1.0886191e-19)
(-0.067661684 0.043774107 2.0508589e-21)
(-0.067396767 0.049610429 -3.213956e-20)
(-0.065681662 0.054748537 2.8579353e-20)
(-0.062563618 0.058892489 -4.3244286e-20)
(-0.058304003 0.061925896 3.1058716e-21)
(-0.05317487 0.063781438 -3.8893731e-21)
(-0.047299407 0.064244662 5.6535716e-21)
(-0.040994304 0.063352908 -7.4865191e-22)
(-0.034479138 0.061063808 -5.5288997e-20)
(-0.027999771 0.057416427 8.1137052e-20)
(-0.021783802 0.052476238 8.4590245e-20)
(-0.016042154 0.046341809 3.3805523e-20)
(-0.010965849 0.039145876 7.6612218e-20)
(-0.0067193145 0.031045275 -1.6937251e-20)
(-0.0034360744 0.022223707 4.8498809e-20)
(-0.0012236059 0.012886182 3.7744595e-20)
(-0.00014134693 0.0032473866 5.0129198e-21)
)
;
    }
    frontAndBack
    {
        type            empty;
    }
}


// ************************************************************************* //
