/*--------------------------------*- C++ -*----------------------------------*\
  =========                 |
  \\      /  F ield         | OpenFOAM: The Open Source CFD Toolbox
   \\    /   O peration     | Website:  https://openfoam.org
    \\  /    A nd           | Version:  13
     \\/     M anipulation  |
\*---------------------------------------------------------------------------*/
FoamFile
{
    format      ascii;
    class       volVectorField;
    location    "37.596035";
    object      wallShearStress;
}
// * * * * * * * * * * * * * * * * * * * * * * * * * * * * * * * * * * * * * //

dimensions      [0 2 -2 0 0 0 0];

internalField   uniform (0 0 0);

boundaryField
{
    inlet
    {
        type            calculated;
        value           uniform (0 0 0);
    }
    outlet
    {
        type            calculated;
        value           uniform (0 0 0);
    }
    cylinder
    {
        type            calculated;
        value           nonuniform List<vector> 
132
(
(1.3325522e-05 -0.00069792922 -2.7817966e-22)
(4.4467087e-05 -0.00099834423 7.9409218e-23)
(9.3310383e-05 -0.001300693 4.3927884e-21)
(0.00015973591 -0.0015999351 -1.4763911e-20)
(0.00024345093 -0.0018906028 1.0435584e-20)
(0.00034352689 -0.0021668653 3.1924006e-20)
(0.00045834735 -0.0024227268 -6.0551012e-21)
(0.00058553075 -0.0026522836 -2.4012352e-20)
(0.0007220843 -0.0028499229 2.2654737e-20)
(0.00086439649 -0.0030106165 -5.0844613e-20)
(0.0010083054 -0.0031301938 -9.2616679e-22)
(0.0011493193 -0.0032056848 3.1654305e-20)
(0.0012828354 -0.0032355328 5.1683455e-20)
(0.0014044569 -0.0032199069 -4.2032185e-20)
(0.0015103197 -0.0031608173 4.43146e-20)
(0.0015974942 -0.0030622754 7.1418216e-20)
(0.0016643197 -0.0029301332 -4.6859573e-20)
(0.001710873 -0.0027721513 7.5264815e-20)
(0.0017391887 -0.0025974709 9.9637424e-20)
(0.0017538931 -0.0024167965 -6.4707404e-20)
(0.0017621481 -0.0022413974 -8.2563657e-20)
(0.0017742689 -0.0020831672 2.9080088e-23)
(0.0018032443 -0.0019532504 1.2000527e-20)
(0.0018648523 -0.0018616474 -1.4380953e-20)
(0.0019754721 -0.0018147025 -2.4486461e-20)
(0.0021493645 -0.0018131093 5.2414217e-21)
(0.0023960612 -0.0018510684 -4.7363179e-20)
(0.0027153491 -0.0019145654 1.2664435e-20)
(0.0030894975 -0.0019794742 9.9524442e-21)
(0.0034839208 -0.0020169429 -6.8594981e-20)
(0.0038648528 -0.0020070893 8.9570448e-20)
(0.0041921167 -0.001934782 2.7128329e-21)
(0.0044154463 -0.0017894206 1.9570661e-20)
(0.0044599828 -0.0015622767 -2.3209743e-20)
(0.0042152148 -0.0012495566 7.3804255e-20)
(0.0035243004 -0.00085913669 -4.6703346e-21)
(0.0022078341 -0.0004274952 1.8839916e-20)
(4.3220891e-05 -2.3740834e-05 -2.5848131e-21)
(-0.0031575878 0.00023270443 3.7005439e-21)
(-0.0075337634 0.00016838065 -2.3000922e-21)
(-0.013461859 -0.00044641785 4.2720937e-21)
(-0.020818585 -0.0019328626 -1.3081241e-22)
(-0.028934585 -0.0044494859 4.7581171e-20)
(-0.037353371 -0.0080666583 -1.8186704e-20)
(-0.045496498 -0.012732769 1.6288601e-20)
(-0.05291383 -0.018310134 -1.0397584e-19)
(-0.059159716 -0.024553878 -1.668654e-20)
(-0.063980149 -0.031195877 1.4605913e-19)
(-0.067191485 -0.037933309 -1.2443602e-19)
(-0.068752021 -0.044480996 -2.3795248e-21)
(-0.068667981 -0.050547787 3.8145704e-20)
(-0.067079937 -0.055915781 -3.5136483e-20)
(-0.064083123 -0.060325081 -7.045146e-21)
(-0.059905729 -0.063629319 -4.7159916e-21)
(-0.054792685 -0.065724585 -8.6607726e-21)
(-0.048920869 -0.06645025 -7.21887e-22)
(-0.042574113 -0.065798205 4.9874843e-22)
(-0.03598461 -0.063734854 4.4558578e-20)
(-0.029398492 -0.060290769 -7.0593424e-20)
(-0.023046562 -0.05552629 -7.6753554e-20)
(-0.017144244 -0.049536777 -3.1510819e-20)
(-0.011886686 -0.042449948 -7.2787455e-20)
(-0.0074439322 -0.034421171 1.6327544e-20)
(-0.0039549815 -0.025629609 2.3853656e-20)
(-0.0015335823 -0.016291008 -3.7191234e-20)
(-0.00023991552 -0.0065746762 -4.9812249e-21)
(-1.8632552e-06 -0.00040123334 -1.2759919e-21)
(-1.0467072e-06 -0.0001072447 -7.575673e-23)
(1.6083021e-05 0.00018140688 -4.3324225e-21)
(4.8017442e-05 0.00046044588 1.446619e-20)
(9.491223e-05 0.00072514485 -1.0165203e-20)
(0.00015509507 0.0009710033 -3.0915485e-20)
(0.00022673191 0.0011939209 5.8299552e-21)
(0.00030757576 0.0013902712 2.2988346e-20)
(0.00039504124 0.0015571164 -2.1568449e-20)
(0.00048632283 0.0016923511 4.8147212e-20)
(0.00057852523 0.0017948446 8.7257783e-22)
(0.00066880764 0.0018645707 -2.9675087e-20)
(0.00075463023 0.0019026356 -4.8229725e-20)
(0.00083394698 0.001911352 3.9056298e-20)
(0.00090532987 0.0018941115 -4.1016836e-20)
(0.00096828795 0.0018555019 -6.5871046e-20)
(0.001023338 0.0018009105 4.3085794e-20)
(0.0010724475 0.0017368131 -6.9016008e-20)
(0.001119088 0.0016702832 -9.1155998e-20)
(0.0011685488 0.0016089356 5.9086786e-20)
(0.0012281308 0.0015606488 7.5277856e-20)
(0.0013072512 0.001533146 6.7400481e-20)
(0.0014172967 0.001533359 5.5368603e-20)
(0.0015707318 0.0015661633 1.3078986e-20)
(0.0017792109 0.001632667 2.2263913e-20)
(0.0020503563 0.0017281478 -4.7656003e-21)
(0.0023827712 0.0018398005 4.3070939e-20)
(0.0027668985 0.0019503841 -1.152001e-20)
(0.0031779422 0.0020360185 -9.0563568e-21)
(0.0035811308 0.0020733566 6.2442468e-20)
(0.0039502402 0.0020516777 -8.1570271e-20)
(0.0042553972 0.0019642432 -2.4573945e-21)
(0.0044524205 0.001804677 4.0600211e-20)
(0.004459605 0.0015625191 2.1189655e-20)
(0.0041559755 0.0012325914 -6.7492882e-20)
(0.0033764184 0.00082413533 4.2803026e-21)
(0.0019375738 0.00037756917 1.2625923e-20)
(-0.00038357173 -3.2496535e-05 2.3826947e-21)
(-0.0037791317 -0.00028248559 -3.4223023e-21)
(-0.0083548312 -0.00018995736 2.1342226e-21)
(-0.014484437 0.00047846784 -3.9760917e-21)
(-0.022012396 0.0020421002 3.2177783e-20)
(-0.030217705 0.0046451364 -4.4425775e-20)
(-0.038648193 0.0083446163 1.6975135e-20)
(-0.046726602 0.013075555 -1.5176422e-20)
(-0.053987908 0.018680241 9.6541808e-20)
(-0.060023412 0.02491023 1.541541e-20)
(-0.064599277 0.031495572 -1.3396053e-19)
(-0.067539389 0.038127528 1.130085e-19)
(-0.068837295 0.044533922 2.1316278e-21)
(-0.068484419 0.050410357 -3.3492923e-20)
(-0.066676023 0.05557676 2.9934719e-20)
(-0.063454311 0.059730331 -4.5770707e-20)
(-0.059091202 0.062761525 3.3800972e-21)
(-0.053862677 0.064606005 -5.123416e-21)
(-0.047885566 0.065040429 4.9790311e-21)
(-0.041484893 0.064110743 -7.1825031e-22)
(-0.03487938 0.061772375 -5.4137973e-20)
(-0.028316765 0.058066236 8.0147023e-20)
(-0.022025659 0.053058697 8.3950952e-20)
(-0.016217859 0.046849279 3.3643341e-20)
(-0.011085199 0.039571915 7.6375672e-20)
(-0.0067927103 0.031384498 -1.6902712e-20)
(-0.0034743975 0.022471904 4.8428477e-20)
(-0.001238152 0.013040472 3.769857e-20)
(-0.00014349901 0.0033051543 5.0064075e-21)
)
;
    }
    frontAndBack
    {
        type            empty;
    }
}


// ************************************************************************* //
