/*--------------------------------*- C++ -*----------------------------------*\
  =========                 |
  \\      /  F ield         | OpenFOAM: The Open Source CFD Toolbox
   \\    /   O peration     | Website:  https://openfoam.org
    \\  /    A nd           | Version:  13
     \\/     M anipulation  |
\*---------------------------------------------------------------------------*/
FoamFile
{
    format      ascii;
    class       volVectorField;
    location    "41.496406";
    object      wallShearStress;
}
// * * * * * * * * * * * * * * * * * * * * * * * * * * * * * * * * * * * * * //

dimensions      [0 2 -2 0 0 0 0];

internalField   uniform (0 0 0);

boundaryField
{
    inlet
    {
        type            calculated;
        value           uniform (0 0 0);
    }
    outlet
    {
        type            calculated;
        value           uniform (0 0 0);
    }
    cylinder
    {
        type            calculated;
        value           nonuniform List<vector> 
132
(
(-1.7259674e-05 0.0015120565 -2.8077278e-22)
(-4.7894433e-05 0.0012489568 7.9837312e-23)
(-6.4002284e-05 0.00097635251 4.3997511e-21)
(-6.4652545e-05 0.00069688042 -1.4730053e-20)
(-4.9549098e-05 0.00041675676 1.0371572e-20)
(-1.8620545e-05 0.00013959321 3.1608028e-20)
(2.7548935e-05 -0.00012970516 -5.9730771e-21)
(8.7674065e-05 -0.00038634063 -2.360342e-20)
(0.00016061356 -0.0006255924 2.2194102e-20)
(0.00024396698 -0.00084311064 -4.9654752e-20)
(0.00033517312 -0.0010351264 -9.0191804e-22)
(0.00043126618 -0.0011985669 3.0745065e-20)
(0.00052920626 -0.0013312554 5.0085019e-20)
(0.00062588526 -0.0014320613 -4.0653076e-20)
(0.0007184046 -0.0015011043 4.279173e-20)
(0.00080427773 -0.0015397261 6.8875356e-20)
(0.00088177963 -0.0015506984 -4.5147577e-20)
(0.00095006194 -0.001537892 7.2465478e-20)
(0.0010096837 -0.0015066267 9.5891033e-20)
(0.0010625188 -0.0014629224 -6.2261252e-20)
(0.0011124577 -0.0014139478 -7.9438538e-20)
(0.0011654297 -0.001367385 2.7993274e-23)
(0.0012294976 -0.001330949 1.1548264e-20)
(0.0013153 -0.0013123362 -1.3840267e-20)
(0.0014345657 -0.001317229 -2.3565773e-20)
(0.0015995002 -0.0013487811 5.0434753e-21)
(0.0018186342 -0.0014045634 -4.5555554e-20)
(0.0020960678 -0.0014775163 1.2172119e-20)
(0.00242407 -0.0015526744 9.5549658e-21)
(0.0027846032 -0.0016115267 -6.5755966e-20)
(0.0031557273 -0.001638141 8.5704225e-20)
(0.0035088164 -0.0016185466 2.5899584e-21)
(0.0038133301 -0.0015442515 1.8636338e-20)
(0.0040161006 -0.0014052217 -2.2037173e-20)
(0.0040290758 -0.001192144 6.9851611e-20)
(0.0037144264 -0.00090194111 -4.4056927e-21)
(0.0028999151 -0.00055386536 1.7717515e-20)
(0.0013673618 -0.00019745976 -2.4246929e-21)
(-0.0010870947 6.6503848e-05 3.4664707e-21)
(-0.0046844099 9.6981566e-05 -2.1542106e-21)
(-0.0097821476 -0.00033015658 4.0074107e-21)
(-0.016318082 -0.0015196924 -1.231082e-22)
(-0.023740436 -0.0036552817 4.4980799e-20)
(-0.031598866 -0.0068281611 -1.7275558e-20)
(-0.039297287 -0.011001241 1.554177e-20)
(-0.046364506 -0.016046977 -9.9596796e-20)
(-0.052366584 -0.021737612 -1.6031973e-20)
(-0.057037389 -0.02781329 1.4060199e-19)
(-0.060197851 -0.033987111 -1.1988103e-19)
(-0.061810105 -0.039991365 -2.2910984e-21)
(-0.061879592 -0.045551962 3.6641909e-20)
(-0.060549082 -0.05047281 -3.3587506e-20)
(-0.057907554 -0.054512256 -6.6669285e-21)
(-0.054161778 -0.05752865 -4.3642264e-21)
(-0.049551779 -0.05943815 -7.4195532e-21)
(-0.044242334 -0.060095168 -1.7519672e-21)
(-0.038492222 -0.059489267 5.5032218e-22)
(-0.032517502 -0.057593344 4.676304e-20)
(-0.026543504 -0.054434684 -7.2757495e-20)
(-0.020782319 -0.05006948 -7.836422e-20)
(-0.015431321 -0.044585134 -3.1983212e-20)
(-0.010669286 -0.038098804 -7.3572833e-20)
(-0.0066517259 -0.03075207 1.6451034e-20)
(-0.0035062236 -0.022709513 2.3969398e-20)
(-0.0013359643 -0.014164265 -3.7281347e-20)
(-0.00019795082 -0.0052816768 -4.981595e-21)
(2.7163019e-05 0.0017641388 -1.2927468e-21)
(8.5077565e-05 0.0020057133 -7.7037443e-23)
(0.00015694333 0.0022349262 -4.4222833e-21)
(0.00024149273 0.0024473297 1.4820538e-20)
(0.00033730862 0.0026387244 -1.0451781e-20)
(0.00044248093 0.0028049651 -3.1898028e-20)
(0.0005546167 0.0029423211 6.0353587e-21)
(0.00067091818 0.0030475257 2.3873549e-20)
(0.00078831759 0.0031180292 -2.2465151e-20)
(0.00090346605 0.0031520731 5.0285107e-20)
(0.0010129664 0.0031490314 9.1354529e-22)
(0.0011134665 0.0031092457 -3.1136874e-20)
(0.0012020359 0.0030346504 -5.0701608e-20)
(0.0012760752 0.0029279412 4.1124322e-20)
(0.0013339674 0.0027936548 -4.3245782e-20)
(0.0013748913 0.0026370839 -6.9523738e-20)
(0.0013992931 0.0024647234 4.5510607e-20)
(0.0014091821 0.0022842046 -7.2940186e-20)
(0.0014079132 0.0021033397 -9.6370412e-20)
(0.0014007478 0.0019305708 6.2475615e-20)
(0.0013947341 0.0017742464 7.9593012e-20)
(0.00139901 0.0016425782 7.1252249e-20)
(0.0014250874 0.0015434687 5.8515066e-20)
(0.0014864195 0.0014835472 1.3816392e-20)
(0.0015980427 0.0014675373 2.3506134e-20)
(0.0017734984 0.001495497 -5.0280684e-21)
(0.00202155 0.0015611587 4.5406282e-20)
(0.0023398017 0.0016491997 -1.2133848e-20)
(0.0027146304 0.0017387209 -9.5291907e-21)
(0.0031185036 0.0018048619 6.5632109e-20)
(0.0035118466 0.0018232839 -8.5637132e-20)
(0.003863693 0.0017826442 -2.5763093e-21)
(0.0041450474 0.0016790796 4.2490911e-20)
(0.0042939705 0.0015031 2.2130059e-20)
(0.0042059432 0.0012454089 -7.0325104e-20)
(0.0037251944 0.00090598135 4.4491994e-21)
(0.0026681455 0.00051218761 1.3095164e-20)
(0.00080118396 0.00012359151 2.4669869e-21)
(-0.0020696108 -0.00014653147 -3.5406764e-21)
(-0.0061281095 -0.00013239823 2.2082833e-21)
(-0.011742914 0.000392482 -4.1197232e-21)
(-0.018759852 0.0017439113 3.3425637e-20)
(-0.026532808 0.0040819634 -4.6298264e-20)
(-0.034581557 0.0074693693 1.7750769e-20)
(-0.042306443 0.011840758 -1.5924715e-20)
(-0.049282889 0.017054262 1.0167375e-19)
(-0.055076451 0.022858904 1.629098e-20)
(-0.059462004 0.028992192 -1.4215181e-19)
(-0.062296035 0.035168452 1.2048909e-19)
(-0.063561388 0.041121347 2.2872129e-21)
(-0.063283158 0.046582217 -3.627273e-20)
(-0.061626598 0.051368168 3.2884362e-20)
(-0.058671859 0.05522886 -5.1680895e-20)
(-0.054648466 0.058042894 4.0568924e-21)
(-0.049811149 0.059746508 -8.4103757e-21)
(-0.044300778 0.060171627 3.044464e-21)
(-0.038393185 0.059333103 -6.233893e-22)
(-0.032300382 0.057205349 -5.0198381e-20)
(-0.026246819 0.053822292 7.6392874e-20)
(-0.020442877 0.049246909 8.1236795e-20)
(-0.015082454 0.043571048 3.2867335e-20)
(-0.010340873 0.036917602 7.5105583e-20)
(-0.0063688998 0.029431396 -1.6702392e-20)
(-0.003289161 0.021281748 4.8036059e-20)
(-0.0011992691 0.012658792 3.7509092e-20)
(-0.0001528236 0.0037511521 4.9945147e-21)
)
;
    }
    frontAndBack
    {
        type            empty;
    }
}


// ************************************************************************* //
