/*--------------------------------*- C++ -*----------------------------------*\
  =========                 |
  \\      /  F ield         | OpenFOAM: The Open Source CFD Toolbox
   \\    /   O peration     | Website:  https://openfoam.org
    \\  /    A nd           | Version:  13
     \\/     M anipulation  |
\*---------------------------------------------------------------------------*/
FoamFile
{
    format      ascii;
    class       volScalarField;
    location    "0.001";
    object      rho;
}
// * * * * * * * * * * * * * * * * * * * * * * * * * * * * * * * * * * * * * //

dimensions      [1 -3 0 0 0 0 0];

internalField   nonuniform List<scalar> 
1000
(
0.997575
0.997575
0.997575
0.997575
0.997575
0.997575
0.997575
0.997575
0.997575
0.997575
0.997575
0.997575
0.997575
0.997575
0.997575
0.997575
0.997575
0.997575
0.997575
0.997575
0.997575
0.997575
0.997575
0.997575
0.997575
0.997575
0.997575
0.997575
0.997575
0.997575
0.997575
0.997575
0.997575
0.997575
0.997575
0.997575
0.997575
0.997575
0.997575
0.997575
0.997575
0.997575
0.997575
0.997575
0.997575
0.997575
0.997575
0.997575
0.997575
0.997575
0.997575
0.997575
0.997575
0.997575
0.997575
0.997575
0.997575
0.997575
0.997575
0.997575
0.997575
0.997575
0.997575
0.997575
0.997575
0.997575
0.997575
0.997575
0.997575
0.997575
0.997575
0.997575
0.997575
0.997575
0.997575
0.997575
0.997575
0.997575
0.997575
0.997575
0.997575
0.997575
0.997575
0.997575
0.997575
0.997575
0.997575
0.997575
0.997575
0.997575
0.997575
0.997575
0.997575
0.997575
0.997575
0.997575
0.997575
0.997575
0.997575
0.997575
0.997575
0.997575
0.997575
0.997575
0.997575
0.997575
0.997575
0.997575
0.997575
0.997575
0.997575
0.997575
0.997575
0.997575
0.997575
0.997575
0.997575
0.997575
0.997575
0.997575
0.997575
0.997575
0.997575
0.997575
0.997575
0.997575
0.997575
0.997575
0.997575
0.997575
0.997575
0.997575
0.997575
0.997575
0.997575
0.997575
0.997575
0.997575
0.997575
0.997575
0.997575
0.997575
0.997575
0.997575
0.997575
0.997575
0.997575
0.997575
0.997575
0.997575
0.997575
0.997575
0.997575
0.997575
0.997575
0.997575
0.997575
0.997575
0.997575
0.997575
0.997575
0.997575
0.997575
0.997575
0.997575
0.997575
0.997575
0.997575
0.997575
0.997575
0.997575
0.997575
0.997575
0.997575
0.997575
0.997575
0.997575
0.997575
0.997575
0.997575
0.997575
0.997575
0.997575
0.997575
0.997575
0.997575
0.997575
0.997575
0.997575
0.997575
0.997575
0.997575
0.997575
0.997575
0.997575
0.997575
0.997575
0.997575
0.997575
0.997575
0.997575
0.997575
0.997575
0.997575
0.997575
0.997575
0.997575
0.997575
0.997575
0.997575
0.997575
0.997575
0.997575
0.997575
0.997575
0.997575
0.997575
0.997575
0.997575
0.997575
0.997575
0.997575
0.997575
0.997575
0.997575
0.997575
0.997575
0.997575
0.997575
0.997575
0.997575
0.997575
0.997575
0.997575
0.997575
0.997575
0.997575
0.997575
0.997575
0.997575
0.997575
0.997575
0.997575
0.997575
0.997575
0.997575
0.997575
0.997575
0.997575
0.997575
0.997575
0.997575
0.997575
0.997575
0.997575
0.997575
0.997575
0.997575
0.997575
0.997575
0.997575
0.997575
0.997575
0.997575
0.997575
0.997575
0.997575
0.997575
0.997575
0.997575
0.997575
0.997575
0.997575
0.997575
0.997575
0.997575
0.997575
0.997575
0.997575
0.997575
0.997575
0.997575
0.997575
0.997575
0.997575
0.997575
0.997575
0.997575
0.997575
0.997575
0.997575
0.997575
0.997575
0.997575
0.997575
0.997575
0.997575
0.997575
0.997575
0.997575
0.997575
0.997575
0.997575
0.997575
0.997575
0.997575
0.997575
0.997575
0.997575
0.997575
0.997575
0.997575
0.997575
0.997575
0.997575
0.997575
0.997575
0.997575
0.997575
0.997575
0.997575
0.997575
0.997575
0.997575
0.997575
0.997575
0.997575
0.997575
0.997575
0.997575
0.997575
0.997575
0.997575
0.997575
0.997575
0.997575
0.997575
0.997575
0.997575
0.997575
0.997575
0.997575
0.997575
0.997575
0.997575
0.997575
0.997575
0.997575
0.997575
0.997575
0.997575
0.997575
0.997575
0.997575
0.997575
0.997575
0.997575
0.997575
0.997575
0.997575
0.997575
0.997575
0.997575
0.997575
0.997575
0.997575
0.997575
0.997575
0.997575
0.997575
0.997575
0.997575
0.997575
0.997575
0.997575
0.997575
0.997575
0.997575
0.997575
0.997575
0.997575
0.997575
0.997575
0.997575
0.997575
0.997575
0.997575
0.997575
0.997575
0.997575
0.997575
0.997575
0.997575
0.997575
0.997575
0.997575
0.997575
0.997575
0.997575
0.997575
0.997575
0.997575
0.997575
0.997575
0.997575
0.997575
0.997575
0.997575
0.997575
0.997575
0.997575
0.997575
0.997575
0.997575
0.997575
0.997575
0.997575
0.997575
0.997575
0.997575
0.997575
0.997575
0.997575
0.997575
0.997575
0.997575
0.997575
0.997575
0.997575
0.997575
0.997575
0.997575
0.997575
0.997575
0.997575
0.997575
0.997575
0.997574
0.997574
0.997574
0.997574
0.997572
0.99757
0.997565
0.997556
0.997537
0.997501
0.997434
0.997313
0.997096
0.996723
0.996098
0.995083
0.993489
0.991075
0.987553
0.982625
0.976032
0.96765
0.957538
0.945927
0.933145
0.919537
0.905404
0.890969
0.876386
0.861746
0.847109
0.83251
0.817975
0.803523
0.789171
0.774935
0.760829
0.746866
0.733059
0.719419
0.705959
0.692689
0.67962
0.666762
0.654125
0.641719
0.629555
0.617642
0.60599
0.594611
0.583513
0.572708
0.562206
0.552019
0.542157
0.532631
0.523452
0.514631
0.506178
0.498104
0.490417
0.483127
0.476239
0.469759
0.463691
0.458037
0.452795
0.44796
0.443527
0.439483
0.435815
0.432503
0.42952
0.426836
0.424407
0.422179
0.420084
0.418035
0.415926
0.413633
0.411015
0.407922
0.404206
0.399731
0.394395
0.388137
0.380955
0.372909
0.364122
0.354771
0.345079
0.335289
0.32565
0.316395
0.307725
0.299797
0.292717
0.286537
0.281261
0.276853
0.273241
0.270332
0.268021
0.266194
0.26474
0.263552
0.262533
0.261589
0.260635
0.25959
0.258374
0.256901
0.255078
0.252794
0.249915
0.246266
0.241619
0.235655
0.227913
0.217687
0.20394
0.185633
0.163591
0.143347
0.131272
0.126541
0.125158
0.124808
0.124723
0.124703
0.124698
0.124697
0.124697
0.124697
0.124697
0.124697
0.124697
0.124697
0.124697
0.124697
0.124697
0.124697
0.124697
0.124697
0.124697
0.124697
0.124697
0.124697
0.124697
0.124697
0.124697
0.124697
0.124697
0.124697
0.124697
0.124697
0.124697
0.124697
0.124697
0.124697
0.124697
0.124697
0.124697
0.124697
0.124697
0.124697
0.124697
0.124697
0.124697
0.124697
0.124697
0.124697
0.124697
0.124697
0.124697
0.124697
0.124697
0.124697
0.124697
0.124697
0.124697
0.124697
0.124697
0.124697
0.124697
0.124697
0.124697
0.124697
0.124697
0.124697
0.124697
0.124697
0.124697
0.124697
0.124697
0.124697
0.124697
0.124697
0.124697
0.124697
0.124697
0.124697
0.124697
0.124697
0.124697
0.124697
0.124697
0.124697
0.124697
0.124697
0.124697
0.124697
0.124697
0.124697
0.124697
0.124697
0.124697
0.124697
0.124697
0.124697
0.124697
0.124697
0.124697
0.124697
0.124697
0.124697
0.124697
0.124697
0.124697
0.124697
0.124697
0.124697
0.124697
0.124697
0.124697
0.124697
0.124697
0.124697
0.124697
0.124697
0.124697
0.124697
0.124697
0.124697
0.124697
0.124697
0.124697
0.124697
0.124697
0.124697
0.124697
0.124697
0.124697
0.124697
0.124697
0.124697
0.124697
0.124697
0.124697
0.124697
0.124697
0.124697
0.124697
0.124697
0.124697
0.124697
0.124697
0.124697
0.124697
0.124697
0.124697
0.124697
0.124697
0.124697
0.124697
0.124697
0.124697
0.124697
0.124697
0.124697
0.124697
0.124697
0.124697
0.124697
0.124697
0.124697
0.124697
0.124697
0.124697
0.124697
0.124697
0.124697
0.124697
0.124697
0.124697
0.124697
0.124697
0.124697
0.124697
0.124697
0.124697
0.124697
0.124697
0.124697
0.124697
0.124697
0.124697
0.124697
0.124697
0.124697
0.124697
0.124697
0.124697
0.124697
0.124697
0.124697
0.124697
0.124697
0.124697
0.124697
0.124697
0.124697
0.124697
0.124697
0.124697
0.124697
0.124697
0.124697
0.124697
0.124697
0.124697
0.124697
0.124697
0.124697
0.124697
0.124697
0.124697
0.124697
0.124697
0.124697
0.124697
0.124697
0.124697
0.124697
0.124697
0.124697
0.124697
0.124697
0.124697
0.124697
0.124697
0.124697
0.124697
0.124697
0.124697
0.124697
0.124697
0.124697
0.124697
0.124697
0.124697
0.124697
0.124697
0.124697
0.124697
0.124697
0.124697
0.124697
0.124697
0.124697
0.124697
0.124697
0.124697
0.124697
0.124697
0.124697
0.124697
0.124697
0.124697
0.124697
0.124697
0.124697
0.124697
0.124697
0.124697
0.124697
0.124697
0.124697
0.124697
0.124697
0.124697
0.124697
0.124697
0.124697
0.124697
0.124697
0.124697
0.124697
0.124697
0.124697
0.124697
0.124697
0.124697
0.124697
0.124697
0.124697
0.124697
0.124697
0.124697
0.124697
0.124697
0.124697
0.124697
0.124697
0.124697
0.124697
0.124697
0.124697
0.124697
0.124697
0.124697
0.124697
0.124697
0.124697
0.124697
0.124697
0.124697
0.124697
0.124697
0.124697
0.124697
0.124697
0.124697
0.124697
0.124697
0.124697
0.124697
0.124697
0.124697
0.124697
0.124697
0.124697
0.124697
0.124697
0.124697
0.124697
0.124697
0.124697
0.124697
0.124697
0.124697
0.124697
0.124697
0.124697
0.124697
0.124697
0.124697
0.124697
0.124697
0.124697
0.124697
0.124697
0.124697
0.124697
0.124697
0.124697
0.124697
0.124697
0.124697
0.124697
0.124697
0.124697
0.124697
0.124697
0.124697
0.124697
0.124697
0.124697
0.124697
0.124697
0.124697
0.124697
0.124697
0.124697
0.124697
0.124697
0.124697
0.124697
0.124697
0.124697
0.124697
0.124697
0.124697
0.124697
0.124697
0.124697
0.124697
0.124697
0.124697
0.124697
0.124697
0.124697
0.124697
0.124697
0.124697
0.124697
0.124697
0.124697
0.124697
0.124697
0.124697
0.124697
0.124697
0.124697
0.124697
0.124697
0.124697
0.124697
0.124697
0.124697
0.124697
0.124697
0.124697
0.124697
0.124697
0.124697
0.124697
0.124697
0.124697
0.124697
0.124697
0.124697
0.124697
0.124697
0.124697
0.124697
0.124697
0.124697
0.124697
0.124697
0.124697
0.124697
0.124697
0.124697
0.124697
0.124697
0.124697
0.124697
0.124697
0.124697
0.124697
0.124697
0.124697
0.124697
0.124697
0.124697
0.124697
0.124697
0.124697
0.124697
0.124697
0.124697
0.124697
)
;

boundaryField
{
    sides
    {
        type            calculated;
        value           nonuniform List<scalar> 2(0.124697 0.997575);
    }
    empty
    {
        type            empty;
    }
}


// ************************************************************************* //
