/*--------------------------------*- C++ -*----------------------------------*\
  =========                 |
  \\      /  F ield         | OpenFOAM: The Open Source CFD Toolbox
   \\    /   O peration     | Website:  https://openfoam.org
    \\  /    A nd           | Version:  13
     \\/     M anipulation  |
\*---------------------------------------------------------------------------*/
FoamFile
{
    format      ascii;
    class       volVectorField;
    location    "33.601303";
    object      wallShearStress;
}
// * * * * * * * * * * * * * * * * * * * * * * * * * * * * * * * * * * * * * //

dimensions      [0 2 -2 0 0 0 0];

internalField   uniform (0 0 0);

boundaryField
{
    inlet
    {
        type            calculated;
        value           uniform (0 0 0);
    }
    outlet
    {
        type            calculated;
        value           uniform (0 0 0);
    }
    cylinder
    {
        type            calculated;
        value           nonuniform List<vector> 
132
(
(1.9433321e-05 -0.0011447637 -2.6448572e-22)
(6.2551745e-05 -0.0014419514 7.5217599e-23)
(0.0001226068 -0.0017288925 4.14566e-21)
(0.00019843267 -0.0020003925 -1.3881203e-20)
(0.00028870255 -0.0022513717 9.7748127e-21)
(0.00039151843 -0.0024768632 2.9790165e-20)
(0.0005044331 -0.0026722523 -5.6291379e-21)
(0.0006244991 -0.0028334656 -2.2239649e-20)
(0.00074829731 -0.0029571526 2.0904429e-20)
(0.00087219803 -0.0030409487 -4.674487e-20)
(0.00099240203 -0.0030834816 -8.4847832e-22)
(0.0011051969 -0.0030848503 2.8896284e-20)
(0.0012070494 -0.0030462487 4.7021336e-20)
(0.0012951174 -0.0029707616 -3.8117079e-20)
(0.0013671173 -0.0028623575 4.0064246e-20)
(0.0014221276 -0.0027270698 6.4383067e-20)
(0.0014603025 -0.002571663 -4.2132296e-20)
(0.0014833586 -0.0024039826 6.7508505e-20)
(0.001495044 -0.0022330986 8.9177187e-20)
(0.0015008305 -0.0020681314 -5.7804029e-20)
(0.0015086723 -0.0019188297 -7.3634601e-20)
(0.0015288718 -0.0017947039 2.5917591e-23)
(0.0015742123 -0.0017046536 1.0675746e-20)
(0.0016599154 -0.0016564133 -1.278179e-20)
(0.001801555 -0.0016542014 -2.174854e-20)
(0.0020129522 -0.0016972771 4.6530557e-21)
(0.0023017408 -0.0017775144 -4.2033553e-20)
(0.0026618832 -0.0018763176 1.1237666e-20)
(0.003073727 -0.001968962 8.830949e-21)
(0.0035011361 -0.0020266605 -6.0871058e-20)
(0.0039029367 -0.0020267436 7.9498974e-20)
(0.0042449872 -0.0019590565 2.4083479e-21)
(0.004492551 -0.0018204206 1.7379754e-20)
(0.0045805395 -0.0016040592 -2.0622263e-20)
(0.0044035744 -0.0013046376 6.5631954e-20)
(0.0038087216 -0.00092710883 -4.1584716e-21)
(0.0026193524 -0.00050398786 1.6805344e-20)
(0.00061451987 -9.9372532e-05 -2.3113219e-21)
(-0.0023891722 0.00017135258 3.3196675e-21)
(-0.0065676028 0.0001433388 -2.071253e-21)
(-0.012285504 -0.00040958107 3.8651322e-21)
(-0.019445162 -0.001807073 -1.1899549e-22)
(-0.027422384 -0.0042186142 4.3514754e-20)
(-0.035762759 -0.0077247399 -1.6717369e-20)
(-0.043881503 -0.01228207 1.5040226e-20)
(-0.051327398 -0.017762369 -9.6371017e-20)
(-0.057644303 -0.023926457 -1.5509396e-20)
(-0.06256299 -0.030506325 1.3598677e-19)
(-0.065892871 -0.037201479 -1.1589397e-19)
(-0.067579665 -0.043723697 -2.2131894e-21)
(-0.067627351 -0.049782833 3.5344522e-20)
(-0.06616663 -0.05515544 -3.2305363e-20)
(-0.063296312 -0.059585305 -6.3780622e-21)
(-0.059238113 -0.062920986 -4.1215572e-21)
(-0.0542329 -0.065053836 -6.6642948e-21)
(-0.048463281 -0.065829375 -2.2869802e-21)
(-0.042207855 -0.065232783 5.7252545e-22)
(-0.035700094 -0.063231539 4.7510966e-20)
(-0.029185462 -0.059854495 -7.3304523e-20)
(-0.022894683 -0.055161007 -7.864167e-20)
(-0.017043233 -0.049245638 -3.2030716e-20)
(-0.011826224 -0.042234924 -7.3606529e-20)
(-0.0074139225 -0.03428369 1.6451948e-20)
(-0.0039453872 -0.025569755 2.3972267e-20)
(-0.0015348126 -0.016309309 -3.7301547e-20)
(-0.00024227115 -0.0066655565 -4.9881332e-21)
(-7.461519e-06 -0.00083962946 -1.217673e-21)
(-1.7585426e-05 -0.00052573316 -7.2563885e-23)
(-1.005231e-05 -0.00020465626 -4.1657986e-21)
(1.5574843e-05 0.00011872119 1.3964037e-20)
(5.9296891e-05 0.00043887819 -9.8515633e-21)
(0.00012131595 0.00075041787 -3.0082747e-20)
(0.00020013882 0.0010472818 5.696157e-21)
(0.00029399468 0.001323722 2.2553483e-20)
(0.00040044636 0.0015741812 -2.124819e-20)
(0.000516403 0.0017936576 4.7628542e-20)
(0.00063836756 0.0019779069 8.6666814e-22)
(0.00076248085 0.0021236655 -2.9594802e-20)
(0.00088473923 0.002229015 -4.8288061e-20)
(0.0010012086 0.002293403 3.9251727e-20)
(0.0011084592 0.002318131 -4.1370676e-20)
(0.0012036762 0.0023059355 -6.6664832e-20)
(0.001285377 0.0022617396 4.3741705e-20)
(0.0013532891 0.0021916355 -7.0267588e-20)
(0.0014091353 0.0021034996 -9.3045869e-20)
(0.0014568618 0.0020065101 6.0447287e-20)
(0.001502843 0.0019106055 7.715795e-20)
(0.0015563503 0.001826368 6.9193757e-20)
(0.0016289563 0.0017635616 5.6913424e-20)
(0.001734205 0.0017304082 1.3456907e-20)
(0.0018854968 0.0017313739 2.2922806e-20)
(0.0020934719 0.0017654812 -4.9087768e-21)
(0.0023635763 0.0018257209 4.4374984e-20)
(0.0026909577 0.0018973297 -1.1870143e-20)
(0.0030580699 0.0019594287 -9.3315754e-21)
(0.0034358509 0.0019892891 6.4340341e-20)
(0.0037883917 0.0019676129 -8.405292e-20)
(0.004081738 0.0018840796 -2.5321803e-21)
(0.0042690855 0.0017304141 4.183323e-20)
(0.0042647678 0.0014943896 2.1828403e-20)
(0.0039501025 0.0011717954 -6.9496797e-20)
(0.0031644631 0.00077290752 4.4041757e-21)
(0.0017285095 0.00033814892 1.2977562e-20)
(-0.00057567981 -5.8551486e-05 2.445566e-21)
(-0.0039419958 -0.00029594088 -3.5063382e-21)
(-0.0084643519 -0.00019363928 2.1820573e-21)
(-0.014515158 0.00047889979 -4.0554781e-21)
(-0.021946083 0.0020355649 3.2737089e-20)
(-0.030044215 0.0046181687 -4.5088942e-20)
(-0.038366459 0.0082835683 1.7191763e-20)
(-0.046344829 0.012968633 -1.5342336e-20)
(-0.053520918 0.018518627 9.7456288e-20)
(-0.059489951 0.024688779 1.5544529e-20)
(-0.064019243 0.031212755 -1.3498533e-19)
(-0.066932721 0.03778506 1.1383331e-19)
(-0.06822173 0.044135715 2.1473099e-21)
(-0.067876712 0.049963073 -3.3760422e-20)
(-0.06608818 0.05508681 3.0215821e-20)
(-0.062899579 0.059208203 -4.6353478e-20)
(-0.05857675 0.06221512 3.4504371e-21)
(-0.053393123 0.064042789 -5.4948896e-21)
(-0.047467663 0.064472783 4.7378604e-21)
(-0.041120168 0.063547025 -7.0508999e-22)
(-0.034568873 0.061222339 -5.3526044e-20)
(-0.028059669 0.057538846 7.9494706e-20)
(-0.021819801 0.052562509 8.3425505e-20)
(-0.016059831 0.046392338 3.3477439e-20)
(-0.010970448 0.039161591 7.6080431e-20)
(-0.0067156758 0.031027397 -1.6853511e-20)
(-0.0034286977 0.02217401 4.8332679e-20)
(-0.0012164959 0.012806246 3.7661086e-20)
(-0.00013838577 0.0031424681 5.0069353e-21)
)
;
    }
    frontAndBack
    {
        type            empty;
    }
}


// ************************************************************************* //
