/*--------------------------------*- C++ -*----------------------------------*\
  =========                 |
  \\      /  F ield         | OpenFOAM: The Open Source CFD Toolbox
   \\    /   O peration     | Website:  https://openfoam.org
    \\  /    A nd           | Version:  13
     \\/     M anipulation  |
\*---------------------------------------------------------------------------*/
FoamFile
{
    format      ascii;
    class       volVectorField;
    location    "18.600584";
    object      wallShearStress;
}
// * * * * * * * * * * * * * * * * * * * * * * * * * * * * * * * * * * * * * //

dimensions      [0 2 -2 0 0 0 0];

internalField   uniform (0 0 0);

boundaryField
{
    inlet
    {
        type            calculated;
        value           uniform (0 0 0);
    }
    outlet
    {
        type            calculated;
        value           uniform (0 0 0);
    }
    cylinder
    {
        type            calculated;
        value           nonuniform List<vector> 
132
(
(9.3001617e-05 -0.0047944016 -1.8353071e-22)
(0.00030904594 -0.0069378352 5.2811806e-23)
(0.0006448622 -0.0090035504 2.9559115e-21)
(0.0010897053 -0.010935603 -1.0072341e-20)
(0.0016293648 -0.012678198 7.2333075e-21)
(0.0022427434 -0.014174283 2.2516051e-20)
(0.0029012805 -0.015367635 -4.349378e-21)
(0.003569323 -0.016204165 -1.7566729e-20)
(0.0042057148 -0.016638049 1.6866525e-20)
(0.0047656083 -0.016639419 -3.8459957e-20)
(0.0052043672 -0.01619936 -7.1004961e-22)
(0.005482415 -0.015335223 2.4526238e-20)
(0.0055699266 -0.014091782 4.0331229e-20)
(0.0054518444 -0.012541322 -3.2915265e-20)
(0.0051297588 -0.01077566 3.4703326e-20)
(0.004624573 -0.00890176 5.5750028e-20)
(0.0039753222 -0.0070307868 -3.6365322e-20)
(0.0032325476 -0.0052647905 5.7951082e-20)
(0.0024541767 -0.0036874198 7.6022719e-20)
(0.0016986952 -0.0023581559 -4.8897501e-20)
(0.0010111664 -0.0012996386 -6.1801516e-20)
(0.00042805802 -0.00051372399 2.154438e-23)
(-2.7297532e-05 2.2379127e-05 8.8278029e-21)
(-0.00032904562 0.00032541788 -1.0496058e-20)
(-0.00042360671 0.00038992437 -1.7741728e-20)
(-0.00028516337 0.00024483217 3.7724711e-21)
(0.00021785124 -0.00016016135 -3.3894347e-20)
(0.00101338 -0.00070571169 9.0315447e-21)
(0.0019663683 -0.0012522473 7.0894804e-21)
(0.0028631583 -0.0016527679 -4.892047e-20)
(0.0035250115 -0.0018286508 6.4017752e-20)
(0.0039196917 -0.0018087034 1.942366e-21)
(0.0041345531 -0.001675328 1.4022517e-20)
(0.0042536791 -0.0014888692 -1.6629404e-20)
(0.0042494853 -0.0012572515 5.2878042e-20)
(0.003981473 -0.00096601941 -3.3475843e-21)
(0.0032713328 -0.00062290246 1.3521628e-20)
(0.0019109768 -0.00026945304 -1.8598491e-21)
(-0.00029996089 5.8661831e-06 2.6743741e-21)
(-0.0035959025 7.0283972e-05 -1.6726911e-21)
(-0.0083141479 -0.0002825578 3.1353809e-21)
(-0.014507859 -0.0013536124 -9.7215227e-23)
(-0.021728125 -0.0033481263 3.5853132e-20)
(-0.029560005 -0.0063905988 -1.3906286e-20)
(-0.037456729 -0.01048926 1.2633226e-20)
(-0.044937246 -0.015555988 -8.1689455e-20)
(-0.051499931 -0.02138199 -1.3251198e-20)
(-0.056816597 -0.027710319 1.1689647e-19)
(-0.06064266 -0.034242938 -9.9989177e-20)
(-0.06287539 -0.040685207 -1.9103355e-21)
(-0.063485841 -0.046738814 3.037564e-20)
(-0.062575153 -0.052165898 -2.7429391e-20)
(-0.060236147 -0.056708412 -5.2656852e-21)
(-0.056665425 -0.060191725 -3.1616717e-21)
(-0.052100333 -0.062498841 -3.5499537e-21)
(-0.046734467 -0.06348388 -4.6487733e-21)
(-0.040834483 -0.063112784 6.8054038e-22)
(-0.034638375 -0.06135344 5.1731233e-20)
(-0.028392089 -0.058229728 -7.7134459e-20)
(-0.022327885 -0.053797728 -8.1332515e-20)
(-0.016663279 -0.0481503 -3.2804397e-20)
(-0.011594831 -0.041411588 -7.4950489e-20)
(-0.0072944664 -0.033735541 1.6696376e-20)
(-0.0039024593 -0.025298298 2.4287058e-20)
(-0.0015339641 -0.016316823 -3.7773845e-20)
(-0.00024938211 -0.0069495059 -5.0543344e-21)
(-8.0414377e-06 -0.0026072777 -8.3732782e-22)
(9.4512441e-06 -0.0003882826 -4.9621844e-23)
(0.0001520975 0.0018269608 -2.8395948e-21)
(0.0004127419 0.0039832228 9.5227173e-21)
(0.00078681876 0.0060215672 -6.7416145e-21)
(0.0012578329 0.0078812304 -2.0718144e-20)
(0.0018033534 0.0095024424 3.9577554e-21)
(0.0023935219 0.010827259 1.5838519e-20)
(0.0029907773 0.011802135 -1.509936e-20)
(0.0035527151 0.012382253 3.4257367e-20)
(0.0040338099 0.012539081 6.3047517e-22)
(0.0043899319 0.012266952 -2.1748142e-20)
(0.0045836169 0.011587467 -3.5762998e-20)
(0.0045898805 0.010552216 2.9218855e-20)
(0.0044010303 0.0092406981 -3.086105e-20)
(0.0040283935 0.0077516558 -4.9688744e-20)
(0.0035025649 0.0061937819 3.2488667e-20)
(0.0028701969 0.0046744289 -5.1895426e-20)
(0.0021865207 0.003285511 -6.8224567e-20)
(0.0015080486 0.0020940488 4.3966786e-20)
(0.00088272527 0.0011351246 5.5656586e-20)
(0.00034646032 0.00041700036 4.9509408e-20)
(-6.8885573e-05 -6.8112339e-05 4.0404616e-20)
(-0.00033857902 -0.00033560136 9.4815342e-21)
(-0.00036787533 -0.00033951255 1.6037995e-20)
(-0.00018261909 -0.00015940976 -3.4128072e-21)
(0.00036417349 0.00027296239 3.0683285e-20)
(0.0011862889 0.00082784275 -8.1853428e-21)
(0.0021011416 0.0013394556 -6.4323867e-21)
(0.0029161349 0.0016844338 4.4432953e-20)
(0.00348334 0.0018077463 -5.818164e-20)
(0.0038130648 0.0017598908 -1.7561497e-21)
(0.0039894123 0.0016167278 2.9036572e-20)
(0.0040817497 0.001428952 1.515605e-20)
(0.0040297297 0.0011927605 -4.8283429e-20)
(0.0036801154 0.00089386843 3.0640584e-21)
(0.0028531231 0.00054509241 9.0514141e-21)
(0.0013406169 0.00019363243 1.7125515e-21)
(-0.0010485943 -6.3835255e-05 -2.4704483e-21)
(-0.0045321385 -9.3809337e-05 1.5498686e-21)
(-0.0094442654 0.00031880358 -2.9123867e-21)
(-0.015794834 0.0014712574 2.3837776e-20)
(-0.023080107 0.0035541255 -3.3328255e-20)
(-0.030884103 0.0066745876 1.2899454e-20)
(-0.038659891 0.010823964 -1.1671884e-20)
(-0.045914084 0.015892259 7.5016925e-20)
(-0.052188703 0.021665727 1.2070446e-20)
(-0.057180402 0.027885079 -1.0531325e-19)
(-0.060659277 0.03424966 8.8767388e-20)
(-0.062560628 0.040478838 1.6616421e-21)
(-0.062848289 0.046266693 -2.5628732e-20)
(-0.061670998 0.051409334 2.2042195e-20)
(-0.059080457 0.055617153 -3.0925941e-20)
(-0.055311612 0.058750464 1.7497126e-21)
(-0.050626083 0.060726702 2.3766274e-21)
(-0.045167161 0.061350572 9.2023074e-21)
(-0.039233968 0.060634066 -9.1653854e-22)
(-0.033052697 0.058538687 -6.2068635e-20)
(-0.026868669 0.055097649 8.7473999e-20)
(-0.020911095 0.050374008 8.9139754e-20)
(-0.015392573 0.044464641 3.5121798e-20)
(-0.01050541 0.037500343 7.8855134e-20)
(-0.006415353 0.029637071 -1.7322959e-20)
(-0.003256998 0.021057529 4.9388899e-20)
(-0.0011383864 0.011964696 3.8327261e-20)
(-0.00012057691 0.0025807345 5.0816526e-21)
)
;
    }
    frontAndBack
    {
        type            empty;
    }
}


// ************************************************************************* //
