/*--------------------------------*- C++ -*----------------------------------*\
  =========                 |
  \\      /  F ield         | OpenFOAM: The Open Source CFD Toolbox
   \\    /   O peration     | Website:  https://openfoam.org
    \\  /    A nd           | Version:  13
     \\/     M anipulation  |
\*---------------------------------------------------------------------------*/
FoamFile
{
    format      ascii;
    class       volVectorField;
    location    "17.496307";
    object      wallShearStress;
}
// * * * * * * * * * * * * * * * * * * * * * * * * * * * * * * * * * * * * * //

dimensions      [0 2 -2 0 0 0 0];

internalField   uniform (0 0 0);

boundaryField
{
    inlet
    {
        type            calculated;
        value           uniform (0 0 0);
    }
    outlet
    {
        type            calculated;
        value           uniform (0 0 0);
    }
    cylinder
    {
        type            calculated;
        value           nonuniform List<vector> 
132
(
(8.1447086e-05 -0.0034445737 -1.6175675e-22)
(0.00029736434 -0.0064224232 4.6715667e-23)
(0.00067486214 -0.0093065459 2.6333445e-21)
(0.0012033572 -0.012012765 -9.0543795e-21)
(0.0018627865 -0.01445668 6.5721895e-21)
(0.0026239197 -0.01655963 2.0700173e-20)
(0.0034486009 -0.018250886 -4.0479327e-21)
(0.0042906315 -0.019468386 -1.6550301e-20)
(0.0050983815 -0.020162453 1.6078706e-20)
(0.0058147242 -0.020297689 -3.7065324e-20)
(0.0063822829 -0.019862631 -6.9091099e-22)
(0.0067489572 -0.018876015 2.4066426e-20)
(0.0068752108 -0.017393119 3.9839181e-20)
(0.0067394225 -0.015502959 -3.2676132e-20)
(0.0063434638 -0.013325372 3.4563105e-20)
(0.0057133679 -0.010998099 5.5620453e-20)
(0.0048991468 -0.0086653586 -3.6291183e-20)
(0.0039683945 -0.0064638806 5.7788228e-20)
(0.0029954049 -0.0045011682 7.568981e-20)
(0.002055314 -0.0028536869 -4.8586139e-20)
(0.0012063396 -0.0015510142 -6.1274881e-20)
(0.00049014182 -0.00058919622 2.1307216e-23)
(-7.3483375e-05 7.0568713e-05 8.7184606e-21)
(-0.00046575282 0.00046027116 -1.03495e-20)
(-0.00066147859 0.00060740793 -1.7469853e-20)
(-0.00058121819 0.00049466566 3.7077974e-21)
(-0.00015785949 0.00013010157 -3.326455e-20)
(0.00063419242 -0.00043712866 8.847912e-21)
(0.001664716 -0.0010575569 6.9385112e-21)
(0.0026603551 -0.0015340808 -4.7851405e-20)
(0.0034207489 -0.001773656 6.2622663e-20)
(0.0038714897 -0.0017860967 1.9004685e-21)
(0.0041026027 -0.0016623376 1.372345e-20)
(0.0042169749 -0.0014760137 -1.6272923e-20)
(0.0042209417 -0.0012486987 5.1733717e-20)
(0.0039774358 -0.00096480429 -3.2741946e-21)
(0.0033104045 -0.00062991119 1.3221911e-20)
(0.0020089876 -0.00028223275 -1.8182523e-21)
(-0.00012867857 -7.0810877e-06 2.6143015e-21)
(-0.0033408004 6.4204964e-05 -1.6352186e-21)
(-0.0079650372 -0.00027046285 3.0659359e-21)
(-0.014066635 -0.001313065 -9.5115708e-23)
(-0.021215422 -0.0032697349 3.5104198e-20)
(-0.028997482 -0.0062695775 -1.3626521e-20)
(-0.036865056 -0.010324168 1.238902e-20)
(-0.044348063 -0.015352579 -8.0169447e-20)
(-0.050929256 -0.021145552 -1.3010327e-20)
(-0.056276017 -0.027447246 1.1479737e-19)
(-0.060141522 -0.033960468 -9.8166423e-20)
(-0.062414988 -0.04038773 -1.873991e-21)
(-0.063066907 -0.046430755 2.974416e-20)
(-0.062196332 -0.051850386 -2.6769443e-20)
(-0.059893543 -0.056386075 -5.1028174e-21)
(-0.056356516 -0.059863735 -3.0095271e-21)
(-0.051823129 -0.062166352 -3.0062062e-21)
(-0.046484397 -0.063144131 -5.105011e-21)
(-0.040610681 -0.062766721 7.0381897e-22)
(-0.034438805 -0.060999651 5.2751303e-20)
(-0.028215775 -0.057867648 -7.817297e-20)
(-0.022174238 -0.053426797 -8.2146554e-20)
(-0.016532092 -0.047770109 -3.3061477e-20)
(-0.011486319 -0.041022279 -7.5426555e-20)
(-0.0072089773 -0.033337194 1.6784501e-20)
(-0.0038406086 -0.024892007 2.439529e-20)
(-0.0014962447 -0.015901816 -3.7918059e-20)
(-0.0002370397 -0.0065326418 -5.0710111e-21)
(2.8973746e-05 -0.00042936329 -7.3703848e-22)
(0.00014078221 0.0025939503 -4.3742962e-23)
(0.00041767621 0.0055689493 -2.5143314e-21)
(0.00085238491 0.008407191 8.4925941e-21)
(0.0014275703 0.011018008 -6.0704521e-21)
(0.0021154129 0.013311564 -1.8866754e-20)
(0.0028783916 0.015206308 3.648221e-21)
(0.0036700418 0.01663327 1.4780103e-20)
(0.0044376558 0.017536765 -1.4255517e-20)
(0.0051247574 0.017880997 3.2681524e-20)
(0.0056736993 0.017652514 6.0674657e-22)
(0.0060315524 0.016867094 -2.1073626e-20)
(0.0061576136 0.015577148 -3.4817091e-20)
(0.006030079 0.013871993 2.8519319e-20)
(0.0056510556 0.011872558 -3.0140426e-20)
(0.0050483176 0.0097201064 -4.8473613e-20)
(0.0042733947 0.0075609489 3.1615252e-20)
(0.0033946138 0.0055317795 -5.0326431e-20)
(0.0024865284 0.0037390231 -6.5902584e-20)
(0.001620161 0.0022521583 4.2296631e-20)
(0.00084895247 0.0010948166 5.3336634e-20)
(0.00020632271 0.00025438868 4.7277146e-20)
(-0.00028585034 -0.00030192519 3.8465209e-20)
(-0.00061744775 -0.00061313748 9.0014726e-21)
(-0.00071500272 -0.00065800288 1.5185112e-20)
(-0.00055814617 -0.0004765018 -3.2222518e-21)
(1.2670188e-05 2.1371887e-07 2.8896163e-20)
(0.00090915798 0.00063095086 -7.69269e-21)
(0.0019586737 0.0012464356 -6.039303e-21)
(0.0029129647 0.0016813451 4.1722066e-20)
(0.0035766336 0.0018556316 -5.4683653e-20)
(0.0039433531 0.0018199099 -1.6522218e-21)
(0.0041273477 0.0016726301 2.7341704e-20)
(0.0042244438 0.001478821 1.4281998e-20)
(0.0041946161 0.0012412698 -4.5536565e-20)
(0.0038874967 0.0009436505 2.8930459e-21)
(0.0031179428 0.00059451014 8.559595e-21)
(0.0016753474 0.00023829186 1.6228492e-21)
(-0.00063773272 -3.121711e-05 -2.3473318e-21)
(-0.0040489043 -8.1449128e-05 1.4772106e-21)
(-0.0088918516 0.00030171293 -2.7865318e-21)
(-0.01519342 0.0014163949 2.290777e-20)
(-0.02246903 0.0034610954 -3.2170978e-20)
(-0.030297306 0.0065487617 1.2504573e-20)
(-0.038126997 0.010675631 -1.1358961e-20)
(-0.045462656 0.015736724 7.3260898e-20)
(-0.05183093 0.021518121 1.1822999e-20)
(-0.056919693 0.027758789 -1.0341161e-19)
(-0.06049354 0.034156845 8.7335567e-20)
(-0.062479368 0.04042695 1.6372207e-21)
(-0.062841961 0.046262658 -2.5273256e-20)
(-0.061723487 0.051453653 2.1733853e-20)
(-0.05918198 0.055713283 -3.0435999e-20)
(-0.055449498 0.058897424 1.7037108e-21)
(-0.05078544 0.060918354 2.5557185e-21)
(-0.04534045 0.061586482 9.2899999e-21)
(-0.039411442 0.060908914 -9.2031703e-22)
(-0.033227036 0.058848113 -6.2220972e-20)
(-0.027033663 0.055436789 8.7634653e-20)
(-0.021061718 0.050737879 8.9285358e-20)
(-0.015524953 0.044848462 3.5179239e-20)
(-0.010616628 0.037899459 7.8993321e-20)
(-0.0065033971 0.030047171 -1.7356667e-20)
(-0.0033205026 0.021474608 4.949746e-20)
(-0.0011767253 0.012386239 3.8423196e-20)
(-0.00013282795 0.0029986309 5.0961708e-21)
)
;
    }
    frontAndBack
    {
        type            empty;
    }
}


// ************************************************************************* //
