/*--------------------------------*- C++ -*----------------------------------*\
  =========                 |
  \\      /  F ield         | OpenFOAM: The Open Source CFD Toolbox
   \\    /   O peration     | Website:  https://openfoam.org
    \\  /    A nd           | Version:  13
     \\/     M anipulation  |
\*---------------------------------------------------------------------------*/
FoamFile
{
    format      ascii;
    class       volVectorField;
    location    "33.499027";
    object      wallShearStress;
}
// * * * * * * * * * * * * * * * * * * * * * * * * * * * * * * * * * * * * * //

dimensions      [0 2 -2 0 0 0 0];

internalField   uniform (0 0 0);

boundaryField
{
    inlet
    {
        type            calculated;
        value           uniform (0 0 0);
    }
    outlet
    {
        type            calculated;
        value           uniform (0 0 0);
    }
    cylinder
    {
        type            calculated;
        value           nonuniform List<vector> 
132
(
(2.0689832e-05 -0.0012367061 -2.6418127e-22)
(6.6335264e-05 -0.001533992 7.5151105e-23)
(0.00012897068 -0.0018209392 4.1430826e-21)
(0.00020742259 -0.0020923342 -1.3876263e-20)
(0.00030035545 -0.0023430603 9.7739164e-21)
(0.00040585647 -0.0025681029 2.9795197e-20)
(0.00052145581 -0.002762789 -5.6315258e-21)
(0.00064417369 -0.0029229772 -2.2254592e-20)
(0.00077053349 -0.0030452541 2.0923477e-20)
(0.00089688131 -0.0031271763 -4.6798091e-20)
(0.0010193412 -0.0031673112 -8.4962439e-22)
(0.001134128 -0.0031657017 2.8941171e-20)
(0.0012376358 -0.0031235194 4.7103048e-20)
(0.0013269427 -0.0030438297 -3.8189711e-20)
(0.001399705 -0.0029306469 4.01466e-20)
(0.0014549231 -0.0027900158 6.4523943e-20)
(0.0014927137 -0.0026287983 -4.2229296e-20)
(0.0015147732 -0.0024549546 6.7670502e-20)
(0.0015248427 -0.0022776729 8.9398339e-20)
(0.001528443 -0.0021062514 -5.7951153e-20)
(0.001533576 -0.0019505796 -7.3825766e-20)
(0.0015506356 -0.0018203322 2.5984597e-23)
(0.0015925146 -0.0017245546 1.070417e-20)
(0.0016745908 -0.001671137 -1.2816057e-20)
(0.0018126406 -0.0016644505 -2.1807092e-20)
(0.0020207626 -0.0017039176 4.6656085e-21)
(0.0023069793 -0.0017815972 -4.2147082e-20)
(0.0026653114 -0.0018787558 1.1268073e-20)
(0.0030761854 -0.0019705447 8.8549158e-21)
(0.0035036269 -0.0020281028 -6.1037103e-20)
(0.0039056469 -0.002028152 7.9717534e-20)
(0.004247602 -0.0019602664 2.4150236e-21)
(0.0044947565 -0.0018213205 1.7428319e-20)
(0.0045816825 -0.0016044704 -2.0680306e-20)
(0.0044028757 -0.0013044472 6.5817598e-20)
(0.0038054869 -0.00092634793 -4.1702601e-21)
(0.0026128002 -0.00050278049 1.6852904e-20)
(0.00060381434 -9.7960593e-05 -2.3178217e-21)
(-0.0024047794 0.0001725547 3.3288857e-21)
(-0.0065880738 0.00014384803 -2.0769023e-21)
(-0.012311056 -0.0004103884 3.8754046e-21)
(-0.019475335 -0.0018098426 -1.1930142e-22)
(-0.027455616 -0.0042236941 4.3622788e-20)
(-0.03579736 -0.0077321825 -1.6757463e-20)
(-0.043916165 -0.012291747 1.5075293e-20)
(-0.051361336 -0.017774092 -9.6591251e-20)
(-0.057676602 -0.023939837 -1.554459e-20)
(-0.062593153 -0.03052101 1.3629841e-19)
(-0.065920777 -0.037217215 -1.1616793e-19)
(-0.06760517 -0.043740183 -2.2187321e-21)
(-0.067650678 -0.04979999 3.5441772e-20)
(-0.066187724 -0.055173012 -3.2407764e-20)
(-0.063315568 -0.059603426 -6.4033838e-21)
(-0.059255711 -0.062939674 -4.1451325e-21)
(-0.054248785 -0.065072888 -6.7475744e-21)
(-0.048477769 -0.065849056 -2.2182957e-21)
(-0.042220997 -0.065253102 5.6911293e-22)
(-0.035711985 -0.063252614 4.7366813e-20)
(-0.029196152 -0.059876443 -7.3164782e-20)
(-0.022904182 -0.055183933 -7.8539013e-20)
(-0.017051528 -0.049269668 -3.2000995e-20)
(-0.011833261 -0.04226016 -7.3557679e-20)
(-0.0074196256 -0.034310252 1.6444337e-20)
(-0.003949649 -0.02559772 2.3965148e-20)
(-0.0015375027 -0.016338874 -3.7295871e-20)
(-0.00024318933 -0.0066965904 -4.9880548e-21)
(-8.6998969e-06 -0.00093139579 -1.2159521e-21)
(-2.1379588e-05 -0.00061725211 -7.2441121e-23)
(-1.6150378e-05 -0.0002957298 -4.1577059e-21)
(6.7054438e-06 2.7920484e-05 1.3933173e-20)
(4.7820177e-05 0.00034855922 -9.827174e-21)
(0.00010721924 0.00066070451 -3.0000385e-20)
(0.00018342206 0.00095836817 5.6790986e-21)
(0.00027468425 0.0012358659 2.2480328e-20)
(0.00037860637 0.0014877149 -2.117419e-20)
(0.00049216441 0.0017089851 4.7451835e-20)
(0.00061188797 0.0018955094 8.6327059e-22)
(0.00073400881 0.002044099 -2.9472901e-20)
(0.0008545948 0.002152863 -4.8080556e-20)
(0.00096980602 0.0022213066 3.9076787e-20)
(0.0010762668 0.0022506711 -4.1180552e-20)
(0.0011712673 0.0022437317 -6.6350498e-20)
(0.0012533156 0.0022052214 4.3531196e-20)
(0.0013222315 0.0021412417 -6.9923782e-20)
(0.0013796884 0.0020594514 -9.2585144e-20)
(0.0014296085 0.0019688846 6.0145214e-20)
(0.0014783148 0.0018793337 7.6770204e-20)
(0.0015349257 0.0018011394 6.8844784e-20)
(0.0016108903 0.0017439196 5.6626041e-20)
(0.0017195722 0.0017157311 1.3388952e-20)
(0.0018741569 0.0017208969 2.2807188e-20)
(0.0020849233 0.0017582242 -4.8840519e-21)
(0.0023570367 0.0018206371 4.4151717e-20)
(0.0026857969 0.0018936714 -1.181042e-20)
(0.0030534967 0.0019564914 -9.2845975e-21)
(0.0034308979 0.0019864193 6.4015905e-20)
(0.0037832527 0.0019649396 -8.3628068e-20)
(0.0040768696 0.0018818244 -2.5193449e-21)
(0.0042652479 0.0017288443 4.1620696e-20)
(0.0042632113 0.0014938219 2.1717402e-20)
(0.0039521403 0.0011723657 -6.9143703e-20)
(0.0031716819 0.00077461102 4.3818775e-21)
(0.0017425573 0.00034074211 1.2912296e-20)
(-0.00055305898 -5.5563173e-05 2.433403e-21)
(-0.0039088256 -0.00029331173 -3.489182e-21)
(-0.0084203766 -0.000192488 2.1716126e-21)
(-0.014459645 0.00047715751 -4.036613e-21)
(-0.0218798 0.0020294937 3.2589989e-20)
(-0.02996993 0.0046068279 -4.4893654e-20)
(-0.03828686 0.0082664575 1.7119816e-20)
(-0.046262684 0.012945714 -1.528001e-20)
(-0.053438832 0.018490288 9.706854e-20)
(-0.059409996 0.024655671 1.548321e-20)
(-0.063942833 0.031175569 -1.3444865e-19)
(-0.06686096 0.03774461 1.1336747e-19)
(-0.06815515 0.044092695 2.1380196e-21)
(-0.06781563 0.049918156 -3.3599908e-20)
(-0.066032763 0.055040656 3.0049505e-20)
(-0.062849695 0.059161273 -4.6028368e-20)
(-0.058532221 0.062167845 3.4135196e-21)
(-0.053353819 0.063995657 -5.3182561e-21)
(-0.047433299 0.064426109 4.8411394e-21)
(-0.041090451 0.06350109 -7.1012319e-22)
(-0.034543508 0.061177391 -5.3734567e-20)
(-0.028038353 0.057495094 7.9693249e-20)
(-0.021802227 0.052520108 8.3569143e-20)
(-0.016045703 0.046351422 3.3518591e-20)
(-0.010959473 0.039122246 7.6147972e-20)
(-0.0067075773 0.030989696 -1.6864196e-20)
(-0.0034232054 0.022137982 4.8353658e-20)
(-0.0012133643 0.012771846 3.7671164e-20)
(-0.00013742944 0.003109901 5.0075455e-21)
)
;
    }
    frontAndBack
    {
        type            empty;
    }
}


// ************************************************************************* //
