/*--------------------------------*- C++ -*----------------------------------*\
  =========                 |
  \\      /  F ield         | OpenFOAM: The Open Source CFD Toolbox
   \\    /   O peration     | Website:  https://openfoam.org
    \\  /    A nd           | Version:  13
     \\/     M anipulation  |
\*---------------------------------------------------------------------------*/
FoamFile
{
    format      ascii;
    class       volVectorField;
    location    "43.801582";
    object      wallShearStress;
}
// * * * * * * * * * * * * * * * * * * * * * * * * * * * * * * * * * * * * * //

dimensions      [0 2 -2 0 0 0 0];

internalField   uniform (0 0 0);

boundaryField
{
    inlet
    {
        type            calculated;
        value           uniform (0 0 0);
    }
    outlet
    {
        type            calculated;
        value           uniform (0 0 0);
    }
    cylinder
    {
        type            calculated;
        value           nonuniform List<vector> 
132
(
(3.7416185e-05 -0.0024777179 -3.0027713e-22)
(0.0001166661 -0.0027625029 8.5693048e-23)
(0.00021273166 -0.0030349976 4.7387062e-21)
(0.00032432029 -0.003289728 -1.5919458e-20)
(0.00044991023 -0.0035212729 1.1246188e-20)
(0.00058733336 -0.0037241336 3.4380797e-20)
(0.000733711 -0.0038931812 -6.5159007e-21)
(0.00088573613 -0.0040237163 -2.5815568e-20)
(0.0010395239 -0.0041118414 2.4329758e-20)
(0.0011907984 -0.0041546322 -5.4537524e-20)
(0.0013351031 -0.0041504913 -9.9212668e-22)
(0.0014679991 -0.0040992372 3.3858038e-20)
(0.0015853904 -0.0040024535 5.519563e-20)
(0.0016837435 -0.0038633295 -4.4815205e-20)
(0.0017604749 -0.0036868914 4.7169994e-20)
(0.0018142847 -0.0034799042 7.589184e-20)
(0.0018454552 -0.0032506819 -4.9712667e-20)
(0.0018562063 -0.0030089252 7.9719315e-20)
(0.0018507616 -0.0027650817 1.0537584e-19)
(0.001835905 -0.0025305022 -6.8339005e-20)
(0.0018207489 -0.0023163795 -8.7089221e-20)
(0.0018175311 -0.0021341726 3.0652422e-23)
(0.0018407555 -0.0019938837 1.2633184e-20)
(0.0019076719 -0.001904217 -1.5128137e-20)
(0.0020352814 -0.0018693381 -2.5744819e-20)
(0.0022378837 -0.0018874132 5.5088269e-21)
(0.0025226083 -0.0019484853 -4.9770741e-20)
(0.0028849245 -0.0020338751 1.3307863e-20)
(0.0033001215 -0.0021143103 1.0459223e-20)
(0.0037249608 -0.0021565169 -7.2100916e-20)
(0.0041230351 -0.0021412887 9.4166812e-20)
(0.0044545463 -0.0020560738 2.8527234e-21)
(0.0046689429 -0.0018923548 2.0585416e-20)
(0.0046890884 -0.0016427647 -2.4421083e-20)
(0.0043972339 -0.0013038282 7.7688809e-20)
(0.003627104 -0.0008846848 -4.9186547e-21)
(0.0021923144 -0.00042552715 1.9853181e-20)
(-0.00013578327 -1.0190311e-06 -2.7255127e-21)
(-0.0035519714 0.00026389051 3.9041228e-21)
(-0.0081766597 0.00018434573 -2.4278273e-21)
(-0.014393748 -0.00047637506 4.510737e-21)
(-0.022054523 -0.002046724 -1.3812217e-22)
(-0.030436917 -0.0046795616 5.0230961e-20)
(-0.03908394 -0.0084394333 -1.9194421e-20)
(-0.047405941 -0.013266205 1.7185898e-20)
(-0.054925644 -0.019005309 -1.0967841e-19)
(-0.061220848 -0.025408221 -1.7605426e-20)
(-0.066043249 -0.03220073 1.541923e-19)
(-0.069210809 -0.039072337 -1.3155075e-19)
(-0.070698152 -0.045739201 -2.5216418e-21)
(-0.070513121 -0.051905242 4.059184e-20)
(-0.068805746 -0.05735369 -3.7648453e-20)
(-0.065675397 -0.061823444 -7.6446734e-21)
(-0.061356363 -0.065169709 -5.2531744e-21)
(-0.056095078 -0.067286555 -1.0466376e-20)
(-0.050073318 -0.068015546 6.8386119e-22)
(-0.043577235 -0.067348618 4.3349307e-22)
(-0.036841599 -0.065253053 4.2015743e-20)
(-0.030114826 -0.061760469 -6.8353647e-20)
(-0.023629631 -0.056932147 -7.5289724e-20)
(-0.017603287 -0.050864853 -3.1145437e-20)
(-0.012232391 -0.043687328 -7.2297598e-20)
(-0.0076885199 -0.035557011 1.6272511e-20)
(-0.0041116609 -0.026653711 2.3831272e-20)
(-0.0016168327 -0.017198664 -3.7222448e-20)
(-0.00026354165 -0.0073512561 -4.9919851e-21)
(-2.584401e-05 -0.0021829983 -1.3776772e-21)
(-7.3195329e-05 -0.0018778467 -8.1808912e-23)
(-0.00010412837 -0.0015642107 -4.6793548e-21)
(-0.00011794543 -0.0012469439 1.5627047e-20)
(-0.00011432613 -0.00093003655 -1.0982966e-20)
(-9.3786061e-05 -0.00062042053 -3.3409933e-20)
(-5.6984631e-05 -0.00032173587 6.3020675e-21)
(-5.3284408e-06 -3.9108506e-05 2.4858415e-20)
(5.9345443e-05 0.00022305322 -2.3332854e-20)
(0.00013465078 0.00046123508 5.2113106e-20)
(0.00021855028 0.0006723672 9.4501602e-22)
(0.00030814519 0.00085452688 -3.2161993e-20)
(0.00040082427 0.0010068075 -5.2313977e-20)
(0.00049416137 0.0011294754 4.2402204e-20)
(0.00058625558 0.0012239709 -4.4574629e-20)
(0.00067585285 0.0012929404 -7.1660043e-20)
(0.00076263263 0.0013402439 4.6923359e-20)
(0.00084742523 0.0013707735 -7.5246706e-20)
(0.00093259409 0.0013905157 -9.9494212e-20)
(0.0010221189 0.0014060859 6.4560565e-20)
(0.0011220237 0.0014247487 8.233333e-20)
(0.0012402651 0.0014537079 7.3785808e-20)
(0.0013863602 0.0014992164 6.0662818e-20)
(0.0015705714 0.0015655595 1.4339514e-20)
(0.0018019056 0.0016532883 2.4422816e-20)
(0.0020840347 0.0017565411 -5.2297176e-21)
(0.0024159944 0.0018656167 4.7274208e-20)
(0.0027860836 0.0019641749 -1.2644596e-20)
(0.0031735238 0.0020334313 -9.9382909e-21)
(0.0035559542 0.0020589503 6.8496282e-20)
(0.0039065688 0.0020291219 -8.9433718e-20)
(0.0041943997 0.0019362213 -2.692725e-21)
(0.0043687437 0.0017709917 4.4458142e-20)
(0.0043370666 0.0015200005 2.3182742e-20)
(0.0039722125 0.0011788246 -7.3758417e-20)
(0.0031029677 0.00075877346 4.6707985e-21)
(0.0015435786 0.00030433111 1.3751908e-20)
(-0.00092988056 -0.00010501774 2.5890653e-21)
(-0.0045155161 -0.00034104301 -3.7079301e-21)
(-0.0092855767 -0.00021454399 2.3045108e-21)
(-0.015625557 0.00051422722 -4.2762566e-21)
(-0.023348871 0.0021645362 3.4451526e-20)
(-0.031701619 0.0048717797 -4.7352706e-20)
(-0.040232685 0.0086853101 1.8015746e-20)
(-0.048346494 0.013527697 -1.604267e-20)
(-0.055593026 0.019234563 1.0170308e-19)
(-0.06157113 0.025551095 1.6191544e-20)
(-0.066055394 0.032204143 -1.4038942e-19)
(-0.068881346 0.038883816 1.1824406e-19)
(-0.070051443 0.045318217 2.2288769e-21)
(-0.069559004 0.051200226 -3.5036453e-20)
(-0.067615719 0.056358991 3.1393033e-20)
(-0.06424978 0.060478036 -4.8291493e-20)
(-0.059750093 0.06346041 3.6320492e-21)
(-0.054401755 0.065251636 -6.1336401e-21)
(-0.048303065 0.065606461 4.5054618e-21)
(-0.04179547 0.06458962 -7.0130036e-22)
(-0.035093963 0.062151179 -5.3709891e-20)
(-0.028448677 0.058335287 8.0019068e-20)
(-0.022089068 0.053209634 8.407855e-20)
(-0.016227616 0.046875034 3.374934e-20)
(-0.011056868 0.039467229 7.667848e-20)
(-0.0067422657 0.031145604 -1.69747e-20)
(-0.0034180498 0.022096867 4.8630945e-20)
(-0.0011922327 0.012527467 3.7841793e-20)
(-0.00012533364 0.002663328 5.0221605e-21)
)
;
    }
    frontAndBack
    {
        type            empty;
    }
}


// ************************************************************************* //
