/*--------------------------------*- C++ -*----------------------------------*\
  =========                 |
  \\      /  F ield         | OpenFOAM: The Open Source CFD Toolbox
   \\    /   O peration     | Website:  https://openfoam.org
    \\  /    A nd           | Version:  13
     \\/     M anipulation  |
\*---------------------------------------------------------------------------*/
FoamFile
{
    format      ascii;
    class       volVectorField;
    location    "25.299336";
    object      wallShearStress;
}
// * * * * * * * * * * * * * * * * * * * * * * * * * * * * * * * * * * * * * //

dimensions      [0 2 -2 0 0 0 0];

internalField   uniform (0 0 0);

boundaryField
{
    inlet
    {
        type            calculated;
        value           uniform (0 0 0);
    }
    outlet
    {
        type            calculated;
        value           uniform (0 0 0);
    }
    cylinder
    {
        type            calculated;
        value           nonuniform List<vector> 
132
(
(1.0850514e-05 -0.00047110702 -2.4407425e-22)
(3.9433808e-05 -0.00085380319 6.9575813e-23)
(8.9615683e-05 -0.0012350824 3.8444045e-21)
(0.00016127882 -0.0016079608 -1.2907351e-20)
(0.00025356729 -0.0019650048 9.1152113e-21)
(0.00036477587 -0.0022985742 2.7864314e-20)
(0.00049231487 -0.0026010818 -5.2819792e-21)
(0.00063268154 -0.002865235 -2.0936902e-20)
(0.00078151784 -0.0030844565 1.9746585e-20)
(0.00093388672 -0.0032530325 -4.4307472e-20)
(0.0010842681 -0.0033667173 -8.0696484e-22)
(0.0012268085 -0.0034227585 2.7577477e-20)
(0.0013558144 -0.0034207176 4.5023955e-20)
(0.0014658925 -0.0033620068 -3.661414e-20)
(0.001552745 -0.003250947 3.8599704e-20)
(0.0016132712 -0.0030939275 6.2202148e-20)
(0.0016456452 -0.0028987124 -4.0807614e-20)
(0.0016506602 -0.002676054 6.5533025e-20)
(0.0016315548 -0.0024381696 8.6735821e-20)
(0.0015938783 -0.0021977122 -5.6314275e-20)
(0.0015454836 -0.0019671537 -7.1833317e-20)
(0.0014969398 -0.0017588037 2.5283598e-23)
(0.0014614018 -0.0015840668 1.0433475e-20)
(0.0014547666 -0.0014531344 -1.2497573e-20)
(0.0014951493 -0.001374019 -2.1268294e-20)
(0.0016009418 -0.0013506534 4.5496231e-21)
(0.0017866883 -0.0013801079 -4.1080116e-20)
(0.0020547247 -0.0014482841 1.0974596e-20)
(0.0023945462 -0.0015335128 8.6154609e-21)
(0.0027785685 -0.0016078051 -5.931304e-20)
(0.0031680971 -0.0016444531 7.73554e-20)
(0.0035283474 -0.0016275438 2.3395697e-21)
(0.0038344393 -0.00155277 1.6849653e-20)
(0.0040489115 -0.0014165528 -1.9944399e-20)
(0.004092156 -0.0012104876 6.3297058e-20)
(0.0038311003 -0.00092965847 -3.9983748e-21)
(0.0031013439 -0.00059107462 1.6110016e-20)
(0.0016914685 -0.00024022713 -2.20988e-21)
(-0.00060248868 2.8475321e-05 3.1685324e-21)
(-0.004010038 8.046719e-05 -1.975582e-21)
(-0.0088771117 -0.00030133982 3.6898761e-21)
(-0.015178963 -0.0014149146 -1.1388217e-22)
(-0.022394466 -0.0034492678 4.180012e-20)
(-0.030087285 -0.0065027653 -1.6126947e-20)
(-0.037695424 -0.010553914 1.4569505e-20)
(-0.044724879 -0.015480422 -9.3696217e-20)
(-0.050741232 -0.021064277 -1.5127861e-20)
(-0.05547193 -0.027051208 1.3295495e-19)
(-0.058721785 -0.033154965 -1.1350938e-19)
(-0.060448198 -0.039111358 -2.1696433e-21)
(-0.060645857 -0.04464485 3.465138e-20)
(-0.059451672 -0.049559061 -3.1640469e-20)
(-0.056952444 -0.053614154 -6.2261475e-21)
(-0.053345967 -0.056663064 -3.9887266e-21)
(-0.048868653 -0.058619679 -6.2258733e-21)
(-0.043688821 -0.059344309 -2.6301332e-21)
(-0.038058561 -0.058820092 5.8882615e-22)
(-0.032193239 -0.057020186 4.8183006e-20)
(-0.026316456 -0.053970409 -7.3953434e-20)
(-0.020638785 -0.049725339 -7.9131337e-20)
(-0.015356569 -0.044371359 -3.2183069e-20)
(-0.010647382 -0.038023749 -7.3893388e-20)
(-0.0066660055 -0.030823165 1.6508254e-20)
(-0.0035391663 -0.022931818 2.4049197e-20)
(-0.0013696029 -0.014544083 -3.7421282e-20)
(-0.00021296063 -0.0058151314 -5.0051469e-21)
(3.1917556e-06 -9.0039236e-05 -1.121227e-21)
(1.6225568e-05 0.00028958415 -6.6677417e-23)
(5.0071024e-05 0.0006646235 -3.8202015e-21)
(0.00010444654 0.0010282661 1.2781164e-20)
(0.00017818214 0.0013733795 -9.0005036e-21)
(0.00026935778 0.0016928777 -2.7435991e-20)
(0.00037525493 0.0019799315 5.1862435e-21)
(0.00049239383 0.0022282408 2.0500904e-20)
(0.00061662571 0.0024323586 -1.9283353e-20)
(0.00074318376 0.0025879733 4.3155579e-20)
(0.00086718027 0.0026922282 7.8404845e-22)
(0.00098353775 0.0027438596 -2.6729889e-20)
(0.0010874931 0.0027437131 -4.3543023e-20)
(0.0011747831 0.0026944045 3.5336627e-20)
(0.0012422606 0.0026009868 -3.718276e-20)
(0.0012878478 0.0024699181 -5.9817035e-20)
(0.0013112844 0.0023097965 3.9184226e-20)
(0.0013142414 0.0021306233 -6.2844505e-20)
(0.0013003672 0.0019431298 -8.3087301e-20)
(0.0012757352 0.0017588041 5.3897287e-20)
(0.0012483915 0.0015886237 6.8701805e-20)
(0.0012288321 0.0014432556 6.15307e-20)
(0.0012300411 0.0013325815 5.0549991e-20)
(0.0012674432 0.0012651747 1.1938915e-20)
(0.0013582302 0.0012472696 2.0315384e-20)
(0.001518801 0.0012804792 -4.3459114e-21)
(0.0017578197 0.0013570975 3.924712e-20)
(0.0020744381 0.0014617192 -1.0487696e-20)
(0.0024474553 0.0015672442 -8.2365581e-21)
(0.0028420276 0.0016445973 5.6728549e-20)
(0.0032251446 0.0016742318 -7.4017848e-20)
(0.0035709791 0.0016473872 -2.2266717e-21)
(0.0038587174 0.0015628225 3.6723326e-20)
(0.0040397746 0.0014137037 1.9125943e-20)
(0.004025821 0.0011914116 -6.077986e-20)
(0.0036764688 0.00089304513 3.8459974e-21)
(0.0028170988 0.00053860779 1.1324458e-20)
(0.0012302353 0.00017933025 2.1350769e-21)
(-0.0012818527 -8.2577793e-05 -3.0684406e-21)
(-0.004927901 -0.00010325531 1.9174701e-21)
(-0.010059796 0.00033863061 -3.5873848e-21)
(-0.016592857 0.0015445027 2.9215518e-20)
(-0.023961172 0.0036884407 -4.0635687e-20)
(-0.031715844 0.0068525632 1.564483e-20)
(-0.039263597 0.010991009 -1.4085999e-20)
(-0.046151415 0.015972403 9.0178271e-20)
(-0.051958415 0.021567071 1.4472552e-20)
(-0.056432521 0.027517202 -1.2625844e-19)
(-0.059406677 0.033539256 1.067672e-19)
(-0.060853766 0.039371396 2.0154637e-21)
(-0.060779748 0.044741045 -3.1627195e-20)
(-0.05934357 0.049466559 2.8126639e-20)
(-0.056616637 0.053295423 -4.252718e-20)
(-0.052820327 0.05610218 3.0333664e-21)
(-0.048205499 0.057821388 -3.6053806e-21)
(-0.042912286 0.0582863 5.7976504e-21)
(-0.037211481 0.057507263 -7.5472262e-22)
(-0.031313425 0.055457526 -5.5519507e-20)
(-0.025440663 0.052168972 8.1351319e-20)
(-0.019802044 0.047702513 8.4755955e-20)
(-0.01459039 0.042148284 3.3862231e-20)
(-0.0099800352 0.035627067 7.6735893e-20)
(-0.0061210958 0.028281912 -1.6966063e-20)
(-0.0031356252 0.020280106 4.8591008e-20)
(-0.0011209823 0.011808397 3.7827391e-20)
(-0.00013174767 0.0030613477 5.0259125e-21)
)
;
    }
    frontAndBack
    {
        type            empty;
    }
}


// ************************************************************************* //
