/*--------------------------------*- C++ -*----------------------------------*\
  =========                 |
  \\      /  F ield         | OpenFOAM: The Open Source CFD Toolbox
   \\    /   O peration     | Website:  https://openfoam.org
    \\  /    A nd           | Version:  13
     \\/     M anipulation  |
\*---------------------------------------------------------------------------*/
FoamFile
{
    format      ascii;
    class       volVectorField;
    location    "29.098996";
    object      wallShearStress;
}
// * * * * * * * * * * * * * * * * * * * * * * * * * * * * * * * * * * * * * //

dimensions      [0 2 -2 0 0 0 0];

internalField   uniform (0 0 0);

boundaryField
{
    inlet
    {
        type            calculated;
        value           uniform (0 0 0);
    }
    outlet
    {
        type            calculated;
        value           uniform (0 0 0);
    }
    cylinder
    {
        type            calculated;
        value           nonuniform List<vector> 
132
(
(-4.5488372e-06 0.00064297835 -2.4897253e-22)
(-9.2305887e-06 0.00032503208 7.0772386e-23)
(3.6159547e-06 5.2858916e-06 3.8996902e-21)
(3.3905257e-05 -0.00031140815 -1.3054867e-20)
(8.2023135e-05 -0.00061941846 9.1918475e-21)
(0.00014659326 -0.00091306286 2.801387e-20)
(0.0002260262 -0.0011867728 -5.2943365e-21)
(0.00031810275 -0.0014351871 -2.0923565e-20)
(0.0004200165 -0.0016533967 1.9676838e-20)
(0.00052844347 -0.0018371738 -4.4028373e-20)
(0.00063962999 -0.0019832357 -7.9980473e-22)
(0.0007497292 -0.0020893736 2.7265654e-20)
(0.00085482548 -0.0021547332 4.4416858e-20)
(0.00095121954 -0.0021798727 -3.6049848e-20)
(0.0010357764 -0.0021670241 3.7940855e-20)
(0.0011060568 -0.0021197537 6.1054328e-20)
(0.0011608901 -0.0020434808 -4.0009196e-20)
(0.0012000478 -0.0019442171 6.4195443e-20)
(0.0012253477 -0.0018298776 8.4912952e-20)
(0.0012402102 -0.0017088329 -5.5109307e-20)
(0.0012499103 -0.0015897459 -7.0281476e-20)
(0.0012621043 -0.0014817514 2.4750955e-23)
(0.0012865063 -0.0013934427 1.0208074e-20)
(0.0013353853 -0.0013329833 -1.2229275e-20)
(0.0014229728 -0.0013069951 -2.0815428e-20)
(0.001563719 -0.0013188141 4.4536272e-21)
(0.0017692355 -0.0013664358 -4.0219869e-20)
(0.0020428554 -0.0014398931 1.0745727e-20)
(0.0023786755 -0.0015233949 8.4356689e-21)
(0.0027549426 -0.0015941791 -5.8067975e-20)
(0.0031382415 -0.0016289528 7.5715376e-20)
(0.003499383 -0.0016141286 2.2893747e-21)
(0.0038115769 -0.0015434443 1.6484207e-20)
(0.0040330006 -0.0014109205 -1.9507736e-20)
(0.0040852578 -0.00120837 6.190027e-20)
(0.0038366596 -0.00093090576 -3.9096838e-21)
(0.0031224228 -0.00059492916 1.5752062e-20)
(0.0017314121 -0.00024548673 -2.16093e-21)
(-0.0005414824 2.3861228e-05 3.0989753e-21)
(-0.0039279492 7.8418158e-05 -1.9328863e-21)
(-0.0087734114 -0.00029792243 3.6119629e-21)
(-0.015056679 -0.0014037255 -1.1155147e-22)
(-0.022260495 -0.0034288299 4.097065e-20)
(-0.029946863 -0.0064725967 -1.5816032e-20)
(-0.037552742 -0.010514129 1.4294677e-20)
(-0.044582729 -0.015431358 -9.1946851e-20)
(-0.050600776 -0.021006095 -1.4844071e-20)
(-0.05533332 -0.026983709 1.3040153e-19)
(-0.058584448 -0.033077485 -1.1122616e-19)
(-0.060311947 -0.039023231 -2.1226594e-21)
(-0.06050946 -0.044544437 3.3812829e-20)
(-0.059316443 -0.049446302 -3.0742873e-20)
(-0.056816832 -0.0534864 -6.0006838e-21)
(-0.053210579 -0.056519147 -3.7756831e-21)
(-0.048736053 -0.058460455 -5.4628205e-21)
(-0.043558407 -0.059166928 -3.2673854e-21)
(-0.037932115 -0.058624355 6.2084752e-22)
(-0.032072031 -0.056805081 4.9549288e-20)
(-0.026202047 -0.0537352 -7.5289441e-20)
(-0.020532902 -0.049469429 -8.0119854e-20)
(-0.015261016 -0.044094099 -3.2470852e-20)
(-0.010564159 -0.037724754 -7.436791e-20)
(-0.006597157 -0.030501814 1.6582175e-20)
(-0.0034869176 -0.022588004 2.4117804e-20)
(-0.0013362494 -0.014175939 -3.7474219e-20)
(-0.00020155924 -0.0054258944 -5.0053571e-21)
(1.7012949e-05 0.0009566166 -1.1467645e-21)
(5.5533514e-05 0.001266528 -6.8371726e-23)
(0.00011190937 0.0015705409 -3.9271719e-21)
(0.00018530379 0.0018630312 1.3170865e-20)
(0.00027468506 0.0021383571 -9.2963854e-21)
(0.00037836886 0.0023907692 -2.8399955e-20)
(0.00049401529 0.0026146974 5.379488e-21)
(0.000618588 0.0028049411 2.1305371e-20)
(0.00074855721 0.0029569417 -2.007526e-20)
(0.00087992689 0.0030669453 4.4999447e-20)
(0.001008372 0.0031323977 8.1870999e-22)
(0.0011294261 0.0031519923 -2.7947654e-20)
(0.001238835 0.0031261751 -4.5577966e-20)
(0.001332692 0.0030568379 3.7024263e-20)
(0.0014080151 0.0029480355 -3.8991221e-20)
(0.0014626596 0.0028050011 -6.2770841e-20)
(0.0014960476 0.0026349564 4.1143324e-20)
(0.0015092652 0.0024464427 -6.6018128e-20)
(0.0015051976 0.002248857 -8.7316001e-20)
(0.0014889481 0.0020524575 5.665695e-20)
(0.0014674964 0.0018672507 7.2235166e-20)
(0.0014505207 0.0017035861 6.4705461e-20)
(0.0014497693 0.0015707773 5.3164231e-20)
(0.0014797711 0.0014774816 1.2557335e-20)
(0.0015566025 0.0014299847 2.1368961e-20)
(0.0016961292 0.0014306262 -4.5714567e-21)
(0.0019109996 0.0014759785 4.1284388e-20)
(0.0022035383 0.0015531851 -1.1032179e-20)
(0.002559688 0.0016394249 -8.6641436e-21)
(0.0029488133 0.0017065416 5.9676622e-20)
(0.0033361546 0.001731911 -7.7872444e-20)
(0.0036902232 0.0017024466 -2.3430841e-21)
(0.0039781091 0.0016112851 3.8652984e-20)
(0.0041463329 0.0014511715 2.0136109e-20)
(0.0041026404 0.0012144218 -6.4007781e-20)
(0.0037008553 0.00089939358 4.0511813e-21)
(0.0027650423 0.00052942773 1.193061e-20)
(0.0010719176 0.00015877666 2.2494389e-21)
(-0.001573907 -0.00010679618 -3.2322483e-21)
(-0.0053699273 -0.00011402883 2.0189763e-21)
(-0.010674552 0.00035826332 -3.774367e-21)
(-0.017374801 0.0016164077 3.0702333e-20)
(-0.024877179 0.0038285626 -4.2645875e-20)
(-0.032726759 0.0070700867 1.639579e-20)
(-0.04032059 0.011286092 -1.4743889e-20)
(-0.047221486 0.016341996 9.430846e-20)
(-0.053008128 0.022001876 1.5128772e-20)
(-0.057437241 0.028006283 -1.3202459e-19)
(-0.060352463 0.034072462 1.1177766e-19)
(-0.061729614 0.03993739 2.1154653e-21)
(-0.061582152 0.045331131 -3.335288e-20)
(-0.060070006 0.050071596 2.9913209e-20)
(-0.057268685 0.053908828 -4.6010504e-20)
(-0.053400215 0.056717786 3.4282372e-21)
(-0.048716076 0.058433596 -5.4901501e-21)
(-0.043357647 0.058891106 4.6982587e-21)
(-0.037595572 0.058100844 -7.0126799e-22)
(-0.031640496 0.056036926 -5.3310066e-20)
(-0.025714952 0.052731761 7.9251938e-20)
(-0.020027733 0.048246783 8.3239785e-20)
(-0.014771519 0.042672516 3.3428385e-20)
(-0.010120497 0.036130171 7.6024179e-20)
(-0.0062245715 0.028763032 -1.6853346e-20)
(-0.0032056671 0.02073874 4.836888e-20)
(-0.001160865 0.012245036 3.7719451e-20)
(-0.00014395284 0.0034723971 5.0190821e-21)
)
;
    }
    frontAndBack
    {
        type            empty;
    }
}


// ************************************************************************* //
