/*--------------------------------*- C++ -*----------------------------------*\
  =========                 |
  \\      /  F ield         | OpenFOAM: The Open Source CFD Toolbox
   \\    /   O peration     | Website:  https://openfoam.org
    \\  /    A nd           | Version:  13
     \\/     M anipulation  |
\*---------------------------------------------------------------------------*/
FoamFile
{
    format      ascii;
    class       volVectorField;
    location    "10.098486";
    object      wallShearStress;
}
// * * * * * * * * * * * * * * * * * * * * * * * * * * * * * * * * * * * * * //

dimensions      [0 2 -2 0 0 0 0];

internalField   uniform (0 0 0);

boundaryField
{
    inlet
    {
        type            calculated;
        value           uniform (0 0 0);
    }
    outlet
    {
        type            calculated;
        value           uniform (0 0 0);
    }
    cylinder
    {
        type            calculated;
        value           nonuniform List<vector> 
132
(
(9.961574e-05 -0.0020278699 -8.4757417e-23)
(0.00040801406 -0.0082126256 2.4830693e-23)
(0.001052958 -0.014260952 1.4755069e-21)
(0.0020143004 -0.019968995 -5.4608829e-21)
(0.003249206 -0.025134102 4.3274067e-21)
(0.0046915721 -0.029558714 1.4951156e-20)
(0.0062524562 -0.033066751 -3.1995681e-21)
(0.007828256 -0.035513256 -1.4209387e-20)
(0.0093031096 -0.036794968 1.4842408e-20)
(0.010556646 -0.036862083 -3.6363415e-20)
(0.011474121 -0.035725675 -7.115895e-22)
(0.011958471 -0.033466029 2.5745424e-20)
(0.011942445 -0.030233923 4.3770668e-20)
(0.011403517 -0.026254393 -3.6506886e-20)
(0.010369764 -0.021805496 3.8929754e-20)
(0.0089281594 -0.01720622 6.2695068e-20)
(0.0072123655 -0.012774138 -4.071476e-20)
(0.0053842278 -0.0087849233 6.4284198e-20)
(0.0036126893 -0.0054414668 8.3335525e-20)
(0.0020389448 -0.0028438328 -5.2935746e-20)
(0.00075273868 -0.00098438363 -6.6138185e-20)
(-0.00020567936 0.00022442294 2.2856933e-23)
(-0.00088012404 0.00094320448 9.2852503e-21)
(-0.0013287368 0.0013212946 -1.097842e-20)
(-0.0016154123 0.0014830263 -1.8478969e-20)
(-0.0016706756 0.0014129925 3.9100893e-21)
(-0.0014077685 0.0010977671 -3.4919859e-20)
(-0.0004012797 0.00029888077 9.2214842e-21)
(0.0011163455 -0.00070017211 7.2060841e-21)
(0.002562221 -0.0014733837 -4.9594127e-20)
(0.0035692748 -0.0018498448 6.4950849e-20)
(0.003994647 -0.0018434587 1.9708104e-21)
(0.004159462 -0.0016856795 1.4216039e-20)
(0.004288179 -0.0015003493 -1.682023e-20)
(0.0044307346 -0.0013093711 5.3354561e-20)
(0.004402564 -0.0010658338 -3.3701574e-21)
(0.0039974118 -0.00075728853 1.3591612e-20)
(0.002989217 -0.00041237674 -1.8683918e-21)
(0.0011512722 -0.00010865882 2.6893777e-21)
(-0.0017744051 2.5108336e-05 -1.6870236e-21)
(-0.006187792 -0.00021034298 3.1784334e-21)
(-0.012159515 -0.0011391117 -9.9288523e-23)
(-0.019269144 -0.0029732929 3.6932076e-20)
(-0.02706358 -0.0058543602 -1.444346e-20)
(-0.034936059 -0.0097862473 1.3220715e-20)
(-0.042401502 -0.014680171 -8.6056193e-20)
(-0.048910628 -0.020308569 -1.4032684e-20)
(-0.054136135 -0.026404118 1.2435856e-19)
(-0.057858774 -0.032671452 -1.0678114e-19)
(-0.059987551 -0.038816556 -2.0481978e-21)
(-0.06052114 -0.044555792 3.2718316e-20)
(-0.059581093 -0.049669257 -2.9750801e-20)
(-0.057266481 -0.053911718 -5.7805981e-21)
(-0.05377694 -0.057122404 -3.57568e-21)
(-0.049359871 -0.059210197 -4.7227661e-21)
(-0.044195408 -0.060033449 -3.9590368e-21)
(-0.038543692 -0.05957065 6.6193387e-22)
(-0.032630842 -0.057795827 5.170344e-20)
(-0.026689353 -0.054735509 -7.7937111e-20)
(-0.020937953 -0.050446265 -8.2624516e-20)
(-0.015580237 -0.045017504 -3.3420608e-20)
(-0.010799949 -0.038568127 -7.6465808e-20)
(-0.0067570319 -0.031243038 1.7042114e-20)
(-0.003582297 -0.023209241 2.4784493e-20)
(-0.0013815794 -0.014665826 -3.8517001e-20)
(-0.00021252727 -0.0057739004 -5.1468206e-21)
(0.00012817147 0.0041571228 -3.9300268e-22)
(0.00049120168 0.010267728 -2.4565831e-23)
(0.0011825865 0.016166133 -1.526842e-21)
(0.0021760433 0.021652053 5.6855498e-21)
(0.0034229973 0.026528888 -4.5166277e-21)
(0.0048525876 0.030608792 -1.5589427e-20)
(0.0063724353 0.033730776 3.3248648e-21)
(0.0078788489 0.035766263 1.4692867e-20)
(0.0092566315 0.036630568 -1.5258688e-20)
(0.01038937 0.036294494 3.7153697e-20)
(0.011169449 0.034791349 7.2263912e-22)
(0.011509715 0.032222663 -2.5986008e-20)
(0.011356514 0.028761474 -4.393294e-20)
(0.010701256 0.024647061 3.6459388e-20)
(0.0095880596 0.020169769 -3.8712962e-20)
(0.0081148338 0.015644649 -6.2137775e-20)
(0.0064195757 0.011374964 4.0257792e-20)
(0.0046646256 0.0076150171 -6.3479875e-20)
(0.0030065366 0.0045326594 -8.2262726e-20)
(0.0015669864 0.0021901551 5.2274955e-20)
(0.0004210659 0.00055938291 6.5364118e-20)
(-0.0004202569 -0.00047863269 5.75616e-20)
(-0.00099906318 -0.0010735734 4.6623619e-20)
(-0.001388619 -0.0013820308 1.0882342e-20)
(-0.0016212051 -0.0014894429 1.8320799e-20)
(-0.0015839682 -0.001341999 -3.8759273e-21)
(-0.0010869286 -0.00085200428 3.4617328e-20)
(6.675869e-05 3.1047237e-05 -9.1658817e-21)
(0.0015749993 0.0009953224 -7.1732737e-21)
(0.0029008124 0.0016715633 4.9487578e-20)
(0.0037009328 0.0019198524 -6.4830835e-20)
(0.0040215012 0.0018565137 -1.9561909e-21)
(0.0041532834 0.0016832224 3.228918e-20)
(0.0042944462 0.0015025892 1.6807938e-20)
(0.0044063422 0.0013025741 -5.3386165e-20)
(0.0042910497 0.0010397015 3.3783505e-21)
(0.0037388439 0.00070980045 9.9561436e-21)
(0.0025264358 0.00035150914 1.8809222e-21)
(0.00042749011 5.195491e-05 -2.7131307e-21)
(-0.0028167704 -4.9827248e-05 1.7048767e-21)
(-0.0075804114 0.00025756399 -3.215241e-21)
(-0.013880364 0.0012971038 2.6470117e-20)
(-0.021221898 0.0032716191 -3.7255473e-20)
(-0.029135058 0.0062996166 1.4519069e-20)
(-0.037015601 0.01036592 -1.3226589e-20)
(-0.044338983 0.015348599 8.5578936e-20)
(-0.050623762 0.021017324 1.3862997e-20)
(-0.055570985 0.027100889 -1.2188227e-19)
(-0.05897404 0.033298304 1.0371094e-19)
(-0.060786578 0.03933077 1.9668948e-21)
(-0.061004189 0.04490868 -3.0952721e-20)
(-0.059784155 0.049835859 2.7539564e-20)
(-0.057204991 0.053851007 -4.1482731e-20)
(-0.053493995 0.056819147 2.9100583e-21)
(-0.048909286 0.05866678 -2.9171753e-21)
(-0.043604724 0.059227852 6.3098502e-21)
(-0.037858825 0.05850856 -7.8786825e-22)
(-0.031891707 0.056482458 -5.737487e-20)
(-0.025934544 0.053182424 8.3740108e-20)
(-0.020203925 0.048671295 8.7089076e-20)
(-0.014899563 0.043042108 3.4766119e-20)
(-0.010201699 0.036419213 7.8760538e-20)
(-0.0062653745 0.028949768 -1.7413823e-20)
(-0.0032165926 0.020805749 4.988416e-20)
(-0.0011556202 0.012179125 3.8848967e-20)
(-0.00013863967 0.0032684773 5.164431e-21)
)
;
    }
    frontAndBack
    {
        type            empty;
    }
}


// ************************************************************************* //
