/*--------------------------------*- C++ -*----------------------------------*\
  =========                 |
  \\      /  F ield         | OpenFOAM: The Open Source CFD Toolbox
   \\    /   O peration     | Website:  https://openfoam.org
    \\  /    A nd           | Version:  13
     \\/     M anipulation  |
\*---------------------------------------------------------------------------*/
FoamFile
{
    format      ascii;
    class       surfaceScalarField;
    location    "500";
    object      phi;
}
// * * * * * * * * * * * * * * * * * * * * * * * * * * * * * * * * * * * * * //

dimensions      [0 3 -1 0 0 0 0];

internalField   nonuniform List<scalar> 
4752
(
6.1753889e-09
-4.4107555e-09
-1.7646083e-09
3.3388139e-08
-1.9498484e-08
-7.7141145e-09
1.0308758e-07
-5.0152834e-08
-1.9546164e-08
2.5550917e-07
-1.1029482e-07
-4.2126062e-08
5.6542679e-07
-2.2582974e-07
-8.4086943e-08
1.1708042e-06
-4.4474231e-07
-1.606347e-07
2.3248371e-06
-8.5554854e-07
-2.9848748e-07
4.4899026e-06
-1.6207858e-06
-5.4429543e-07
8.5061998e-06
-3.0373073e-06
-9.7904043e-07
1.5892064e-05
-5.6436603e-06
-1.7423307e-06
2.9373107e-05
-1.0408501e-05
-3.0727989e-06
5.3801281e-05
-1.90546e-05
-5.3739778e-06
9.7720984e-05
-3.4601141e-05
-9.3190274e-06
0.00017597247
-6.2239945e-05
-1.6011948e-05
0.00031388887
-0.00011069068
-2.7226257e-05
0.00055382418
-0.0001941938
-4.5743091e-05
0.00096492617
-0.0003352964
-7.5809868e-05
0.0016572424
-0.00056858088
-0.00012374378
0.0028015803
-0.0009456277
-0.00019872297
0.0046567014
-0.0015413218
-0.00031381439
0.007607345
-0.0024634878
-0.00048716959
0.012211202
-0.0038606874
-0.00074317836
0.019267922
-0.0059479451
-0.001108773
0.029896887
-0.0089963796
-0.001632569
0.045578581
-0.013311508
-0.002370147
-0.019787589
0.068801359
-0.003435116
6.6045232e-09
-1.1015162e-08
3.5708662e-08
-4.8602258e-08
1.1025443e-07
-1.2469797e-07
2.7326053e-07
-2.7330005e-07
6.0463875e-07
-5.5720739e-07
1.2518144e-06
-1.09192e-06
2.4852527e-06
-2.0889991e-06
4.7986591e-06
-3.9342334e-06
9.0886778e-06
-7.3274335e-06
1.6974542e-05
-1.3529752e-05
3.1360515e-05
-2.4794862e-05
5.7411247e-05
-4.5105853e-05
0.00010421109
-8.1401598e-05
0.00018751858
-0.00014554839
0.0003342022
-0.00025737673
0.00058913544
-0.00044913356
0.0010255184
-0.00077169388
0.0017597903
-0.001302879
0.0029726378
-0.0021585129
0.0049379177
-0.0035066431
0.0080628794
-0.0055884801
0.012939199
-0.0087369991
0.020415594
-0.013424261
0.031688116
-0.020268694
0.048338691
-0.029961672
-0.044466419
0.073018349
7.2859332e-09
-1.8301021e-08
3.9382312e-08
-8.0698435e-08
1.215583e-07
-2.0687367e-07
3.0114964e-07
-4.5289122e-07
6.6599293e-07
-9.2205152e-07
1.377925e-06
-1.8038568e-06
2.7334079e-06
-3.4444985e-06
5.2726785e-06
-6.4735506e-06
9.9749918e-06
-1.2029858e-05
1.8604927e-05
-2.2159917e-05
3.4319837e-05
-4.0510179e-05
6.2719833e-05
-7.3506502e-05
0.00011362836
-0.00013231115
0.00020403921
-0.00023596102
0.00036285126
-0.00041619215
0.00063821826
-0.00072450667
0.0011085508
-0.0012420363
0.0018984431
-0.0020927849
0.0032011724
-0.0034612583
0.0053099344
-0.0056154204
0.0086612735
-0.0089398302
0.013891713
-0.01396744
0.021917308
-0.021449839
0.034040197
-0.032391538
0.052002043
-0.047923429
-0.071121294
0.078657059
8.2569038e-09
-2.6557884e-08
4.4611567e-08
-1.1705308e-07
1.3763027e-07
-2.9989257e-07
3.4074559e-07
-6.5600746e-07
7.5293211e-07
-1.3342414e-06
1.5561715e-06
-2.6071065e-06
3.0830326e-06
-4.9713882e-06
5.9378976e-06
-9.3284884e-06
1.121293e-05
-1.7305058e-05
2.0869459e-05
-3.1816791e-05
3.8403845e-05
-5.8045203e-05
6.9992952e-05
-0.00010509668
0.0001264275
-0.00018874739
0.00022629815
-0.00033583433
0.0004010964
-0.00059099472
0.00070311648
-0.0010265338
0.0012172843
-0.0017562151
0.0020783287
-0.0029538444
0.003495163
-0.0048781107
0.0057850865
-0.0079053616
0.0094216164
-0.012576374
0.015098234
-0.019644059
0.023819316
-0.030170906
0.037026163
-0.045598336
0.056686001
-0.067583173
-0.10033636
0.085901222
9.5460197e-09
-3.6103848e-08
5.1550776e-08
-1.5905777e-07
1.5894615e-07
-4.0728805e-07
3.9322148e-07
-8.9028355e-07
8.6803645e-07
-1.8090594e-06
1.7918602e-06
-3.5309405e-06
3.5445814e-06
-6.7241392e-06
6.814316e-06
-1.2598303e-05
1.2839911e-05
-2.3330846e-05
2.3836828e-05
-4.2814129e-05
4.3736302e-05
-7.7945502e-05
7.9449106e-05
-0.00014081093
0.00014298566
-0.00025228629
0.0002549305
-0.00044778281
0.00044998014
-0.00078604996
0.00078549969
-0.001362062
0.0013543324
-0.0023250606
0.0023034588
-0.0039029881
0.0038606723
-0.0064353449
0.0063724554
-0.010417166
0.01035749
-0.016561425
0.016578879
-0.025865454
0.026151796
-0.039743806
0.04069267
-0.060139161
0.062460907
-0.0893513
-0.13273216
0.094856867
1.1183385e-08
-4.7287202e-08
6.0360885e-08
-2.0823533e-07
1.859947e-07
-5.3292223e-07
4.5976286e-07
-1.1640531e-06
1.0138583e-06
-2.3631594e-06
2.0900987e-06
-4.6071948e-06
4.1277835e-06
-8.7618627e-06
7.9198185e-06
-1.6390438e-05
1.4887927e-05
-3.0299196e-05
2.7563003e-05
-5.5489734e-05
5.0413251e-05
-0.0001007968
9.1250151e-05
-0.00018164969
0.00016357058
-0.00032460974
0.00029037018
-0.00057458699
0.00051018936
-0.001005876
0.00088642589
-0.0017383086
0.001521276
-0.0029599251
0.0025761204
-0.0049578515
0.0043008964
-0.0081601435
0.0070763679
-0.01319266
0.011474564
-0.02095964
0.018340152
-0.032731052
0.028921375
-0.050325008
0.045048489
-0.076266229
0.069329909
-0.11363259
-0.16891753
0.10551546
1.3182497e-08
-6.0469665e-08
7.1113363e-08
-2.6616626e-07
2.1899126e-07
-6.8080059e-07
5.4088582e-07
-1.4859493e-06
1.1914891e-06
-3.0137679e-06
2.4530198e-06
-5.8687409e-06
4.8365808e-06
-1.1145467e-05
9.2613777e-06
-2.0815347e-05
1.7368849e-05
-3.8406938e-05
3.2067468e-05
-7.0188955e-05
5.8465419e-05
-0.00012719595
0.00010544223
-0.00022862869
0.00018824704
-0.00040741813
0.00033269881
-0.00071904419
0.00058180636
-0.0012549914
0.0010059285
-0.0021624419
0.0017179807
-0.0036719926
0.002895757
-0.0061356476
0.0048143403
-0.01007875
0.0078933743
-0.016271718
0.012765367
-0.025831648
0.02036693
-0.04033262
0.032105853
-0.062063899
0.050056041
-0.094216383
0.077201387
-0.14077783
-0.20941666
0.11770069
1.5533909e-08
-7.6003532e-08
8.3756143e-08
-3.3438857e-07
2.5777066e-07
-8.5481561e-07
6.361672e-07
-1.8643477e-06
1.3999539e-06
-3.7775603e-06
2.8785094e-06
-7.3473131e-06
5.6665609e-06
-1.3933565e-05
1.0830025e-05
-2.5978933e-05
2.0264817e-05
-4.7842027e-05
3.7315233e-05
-8.7240037e-05
6.7825236e-05
-0.00015770732
0.00012189662
-0.00028270256
0.00021677292
-0.00050229856
0.00038146651
-0.000883744
0.00066400528
-0.001537539
0.0011425101
-0.0026409588
0.0019417654
-0.0044712638
0.0032576283
-0.0074515298
0.0053927103
-0.012213854
0.0088091079
-0.01968814
0.014204361
-0.031226914
0.022624597
-0.04875285
0.03564937
-0.075088638
0.05556637
-0.11413334
0.085802778
-0.17101414
-0.25453915
0.13092539
1.819711e-08
-9.4200604e-08
9.8069757e-08
-4.1426133e-07
3.0165359e-07
-1.0584001e-06
7.4391463e-07
-2.3066108e-06
1.6354846e-06
-4.6691367e-06
3.3587091e-06
-9.0705562e-06
6.6020026e-06
-1.717691e-05
1.2595188e-05
-3.1972252e-05
2.3517564e-05
-5.8764731e-05
4.3197008e-05
-0.00010692022
7.8290501e-05
-0.00019280233
0.0001402439
-0.00034465877
0.0002484818
-0.00061054113
0.00043548666
-0.0010707559
0.00075470168
-0.0018567637
0.0012925599
-0.0031788296
0.0021864684
-0.0053651881
0.0036514111
-0.0089164902
0.0060192528
-0.014581714
0.0097980056
-0.023466913
0.015748562
-0.037177478
0.025020231
-0.058024519
0.039361217
-0.089429606
0.061302695
-0.13607477
0.094703687
-0.20441501
-0.30429728
0.14446192
2.1077388e-08
-1.1527796e-07
1.135435e-07
-5.0672759e-07
3.4906799e-07
-1.2939253e-06
8.6024933e-07
-2.8177944e-06
1.8895475e-06
-5.6984417e-06
3.8760864e-06
-1.1057115e-05
7.6084458e-06
-2.0909324e-05
1.4491166e-05
-3.8855115e-05
2.7004632e-05
-7.1278547e-05
4.9488527e-05
-0.00012940491
8.945642e-05
-0.00023277187
0.00015976268
-0.00041496809
0.0002821027
-0.00073288623
0.00049254363
-0.0012812044
0.0008500715
-0.0022143018
0.0014495385
-0.0037783094
0.002440991
-0.0063566556
0.0040583213
-0.010533836
0.0066617654
-0.017185176
0.010798998
-0.027604157
0.017297397
-0.043675878
0.027421143
-0.068148261
0.043048013
-0.10505645
0.066928626
-0.15995537
0.10327182
-0.24075813
-0.35826082
0.15723544
2.4034432e-08
-1.3931236e-07
1.294215e-07
-6.1211478e-07
3.9768708e-07
-1.5621915e-06
9.7942357e-07
-3.3995329e-06
2.1494789e-06
-6.8685035e-06
4.4045633e-06
-1.3312218e-05
8.6344687e-06
-2.5139282e-05
1.6419545e-05
-4.6640332e-05
3.0541676e-05
-8.5401027e-05
5.5850222e-05
-0.00015471426
0.0001007063
-0.00027762962
0.00017934735
-0.00049361229
0.00031567869
-0.0008692228
0.00054921893
-0.0015147523
0.00094422233
-0.0026093155
0.0016034192
-0.0044375187
0.0026884639
-0.0074417137
0.0044502261
-0.012295609
0.0072735769
-0.020008539
0.01174343
-0.032074015
0.018748864
-0.050681308
0.029632299
-0.07903168
0.046378557
-0.12180266
0.071904503
-0.18548132
0.11062258
-0.27947617
-0.41540744
0.16776922
2.683194e-08
-1.6614424e-07
1.4443113e-07
-7.29714e-07
4.4360453e-07
-1.8613652e-06
1.0918356e-06
-4.0477654e-06
2.3942656e-06
-8.1709383e-06
4.9012444e-06
-1.5819213e-05
9.5964071e-06
-2.9834491e-05
1.8222249e-05
-5.5266298e-05
3.3837036e-05
-0.00010101613
6.1754016e-05
-0.00018263198
0.00011109899
-0.00032697616
0.00019734387
-0.00057986016
0.00034633932
-0.0010182232
0.00060058905
-0.0017690094
0.0010288035
-0.0030375394
0.0017401993
-0.0051489255
0.0029056967
-0.0086072218
0.0047892925
-0.014179213
0.0077946015
-0.023013852
0.012534418
-0.036813832
0.019936385
-0.058083263
0.031387704
-0.090482984
0.048934818
-0.13934976
0.075545996
-0.21209251
0.11563331
-0.31956351
-0.47400386
0.17422969
2.9207419e-08
-1.9535158e-07
1.5716014e-07
-8.576666e-07
4.824765e-07
-2.1866814e-06
1.1867658e-06
-4.7520552e-06
2.6003098e-06
-9.5844851e-06
5.317584e-06
-1.8536498e-05
1.0398622e-05
-3.4915563e-05
1.9716333e-05
-6.4584109e-05
3.6548104e-05
-0.00011784817
6.6568663e-05
-0.00021265317
0.00011948743
-0.0003798963
0.00021169467
-0.00067207002
0.00037044311
-0.0011769761
0.00064030369
-0.0020388764
0.0010929181
-0.0034901619
0.0018414927
-0.0058975086
0.003062171
-0.0098279073
0.0050255872
-0.016142633
0.0081436609
-0.026131923
0.0130392
-0.041709367
0.020648278
-0.065692329
0.032359236
-0.10219393
0.050194148
-0.15718469
0.07702431
-0.23892273
0.11698658
-0.35952587
-0.53152986
0.17451243
3.0700178e-08
-2.2605164e-07
1.6513119e-07
-9.9209733e-07
5.0671657e-07
-2.5282663e-06
1.2456316e-06
-5.4909695e-06
2.7271416e-06
-1.1065995e-05
5.5714792e-06
-2.138084e-05
1.0882188e-05
-4.0226292e-05
2.0604248e-05
-7.4306237e-05
3.813172e-05
-0.00013537583
6.9322772e-05
-0.0002438447
0.00012416437
-0.00043473895
0.00021944492
-0.0007673526
0.00038294481
-0.0013404794
0.00065984863
-0.002315785
0.0011223418
-0.0039526606
0.0018837495
-0.0066589213
0.0031192461
-0.011063406
0.0050962839
-0.018119668
0.008219497
-0.029255128
0.013096665
-0.046586524
0.020632747
-0.073228397
0.032153137
-0.11371431
0.04954745
-0.17457905
0.075406541
-0.2647819
0.11325669
-0.39737617
-0.58465651
0.16638309
3.0962047e-08
-2.5701356e-07
1.6647513e-07
-1.12761e-06
5.1057947e-07
-2.8723697e-06
1.2542405e-06
-6.234629e-06
2.7434416e-06
-1.2555194e-05
5.5982483e-06
-2.4235646e-05
1.0918987e-05
-4.5547037e-05
2.0639169e-05
-8.4026452e-05
3.8121409e-05
-0.00015285818
6.9147318e-05
-0.00027487091
0.00012353035
-0.00048912268
0.0002176856
-0.0008615092
0.00037862443
-0.0015014203
0.00065000793
-0.0025871712
0.0011011122
-0.0044037672
0.0018398951
-0.0073977043
0.0030319418
-0.012255449
0.0049280522
-0.020015768
0.0079045416
-0.032231599
0.012521327
-0.051203291
0.019601416
-0.080308467
0.030327908
-0.1244408
0.046332326
-0.19058354
0.069726477
-0.28817615
0.10304377
-0.43069363
-0.62939571
0.14778262
2.9257166e-08
-2.8627056e-07
1.5723025e-07
-1.2555825e-06
4.8193449e-07
-3.1970726e-06
1.1829213e-06
-6.9356133e-06
2.5847573e-06
-1.3957026e-05
5.2676453e-06
-2.6918527e-05
1.0258253e-05
-5.0537637e-05
1.935496e-05
-9.3123156e-05
3.5674294e-05
-0.00016917754
6.455315e-05
-0.00030374988
0.00011500803
-0.00053957783
0.0002020386
-0.00094854027
0.00035016723
-0.0016495496
0.00059872694
-0.0028357309
0.0010095662
-0.0048146046
0.0016780933
-0.0080662258
0.0027490507
-0.013326395
0.0044391796
-0.021705878
0.0070697865
-0.03486218
0.011112288
-0.055245766
0.01724667
-0.08644283
0.026423587
-0.13361773
0.039890056
-0.20405011
0.05912911
-0.30741532
0.085430504
-0.45699521
-0.66183288
0.11786726
2.5316697e-08
-3.115871e-07
1.3596479e-07
-1.36623e-06
4.1641549e-07
-3.4775218e-06
1.0209509e-06
-7.5401456e-06
2.2275307e-06
-1.51636e-05
4.5311384e-06
-2.9222122e-05
8.8038e-06
-5.4810277e-05
1.6565348e-05
-0.00010088467
3.0434352e-05
-0.00018304649
5.486491e-05
-0.00032818035
9.7323082e-05
-0.00058203584
0.00017011539
-0.0010213322
0.0002931453
-0.0017725784
0.00049793901
-0.0030405217
0.00083335857
-0.0051500176
0.0013735579
-0.0086064125
0.0022290188
-0.014181835
0.0035619569
-0.023038786
0.0056076984
-0.036907885
0.0087027833
-0.058340815
0.01331624
-0.091056263
0.020071321
-0.14037282
0.029717722
-0.21369662
0.043055714
-0.3207534
0.060423452
-0.47436309
-0.68581636
0.084406631
1.7734482e-08
-3.2932143e-07
9.5127673e-08
-1.4436225e-06
2.9087876e-07
-3.6732711e-06
7.1163306e-07
-7.9608961e-06
1.5482963e-06
-1.6000255e-05
3.1382954e-06
-3.0812105e-05
6.0709408e-06
-5.7742888e-05
1.1362939e-05
-0.0001061766
2.0745199e-05
-0.0001924286
3.7120484e-05
-0.00034455533
6.5272762e-05
-0.00061018747
0.0001129285
-0.0010689865
0.00019228038
-0.0018519272
0.00032207732
-0.0031703123
0.00053036649
-0.0053582949
0.00085797066
-0.0089339966
0.0013628361
-0.01468667
0.0021254406
-0.023801349
0.0032551296
-0.038037526
0.0048955303
-0.059981171
0.0072221458
-0.093382852
0.010415819
-0.14356651
0.014574124
-0.21785503
0.01956076
-0.32574008
0.024416879
-0.47921934
-0.6898909
0.02848991
8.0276258e-09
-3.3734893e-07
4.2878169e-08
-1.4784723e-06
1.3043336e-07
-3.7608245e-06
3.1686806e-07
-8.1473268e-06
6.8303958e-07
-1.6366417e-05
1.3681498e-06
-3.1497195e-05
2.6077247e-06
-5.8982417e-05
4.7927575e-06
-0.00010836153
8.557884e-06
-0.0001961935
1.4905004e-05
-0.00035090194
2.536005e-05
-0.00062064138
4.2138018e-05
-0.001085762
6.8243276e-05
-0.0018780273
0.00010734961
-0.0032094088
0.00016318284
-0.0054141108
0.00023797967
-0.0090087658
0.00032941627
-0.014778067
0.00042507006
-0.023896952
0.00049257546
-0.038104975
0.00046122666
-0.059949771
0.00018534958
-0.093106945
-0.0006292687
-0.1427519
-0.0025708402
-0.21591354
-0.0067145618
-0.32159639
-0.015245327
-0.4706888
-0.67409224
-0.031043862
-3.1965232e-09
-3.341523e-07
-1.7493047e-08
-1.4641752e-06
-5.482038e-08
-3.7234953e-06
-1.3854434e-07
-8.0635985e-06
-3.1408398e-07
-1.6190868e-05
-6.6916805e-07
-3.1142087e-05
-1.3722525e-06
-5.8279277e-05
-2.744934e-06
-0.00010698871
-5.3974083e-06
-0.00019354072
-1.0479462e-05
-0.00034581916
-2.0139959e-05
-0.00061097926
-3.8355205e-05
-0.0010675432
-7.2392559e-05
-0.0018439828
-0.00013533396
-0.0031464541
-0.0002503024
-0.0052991197
-0.0004573268
-0.0088017064
-0.00082419308
-0.014411152
-0.001463324
-0.023257759
-0.0025581168
-0.037010115
-0.0044049747
-0.058102855
-0.0074824949
-0.090029392
-0.012567351
-0.13766707
-0.020935356
-0.20754562
-0.034644886
-0.30788691
-0.056766454
-0.4485675
-0.63905061
-0.091808127
-1.5433262e-08
-3.1871895e-07
-8.3292389e-08
-1.3963153e-06
-2.5664652e-07
-3.5501392e-06
-6.3439324e-07
-7.685847e-06
-1.3988615e-06
-1.5426388e-05
-2.8833013e-06
-2.9657619e-05
-5.6922257e-06
-5.5470283e-05
-1.0914371e-05
-0.0001017664
-2.0496039e-05
-0.00018395864
-3.7888653e-05
-0.00032842559
-6.9157107e-05
-0.00057970863
-0.0001248473
-0.0010118484
-0.00022307538
-0.0017457455
-0.0003945313
-0.0029749813
-0.00069040126
-0.0050032218
-0.0011946363
-0.0082974292
-0.0020426101
-0.01356312
-0.0034492125
-0.021851086
-0.0057511677
-0.034708083
-0.0094712568
-0.0543827
-0.015416344
-0.084084277
-0.024825522
-0.12825795
-0.039587753
-0.19278353
-0.062577161
-0.28489754
-0.097978958
-0.41316591
-0.58578315
-0.15124635
-2.7891295e-08
-2.9082761e-07
-1.5026612e-07
-1.2739399e-06
-4.620191e-07
-3.2383844e-06
-1.1387795e-06
-7.0090819e-06
-2.5018262e-06
-1.4063329e-05
-5.1333323e-06
-2.7026082e-05
-1.0079417e-05
-5.0524121e-05
-1.9204726e-05
-9.2640895e-05
-3.580514e-05
-0.00016735775
-6.5653283e-05
-0.0002985763
-0.00011875614
-0.00052660316
-0.00021225842
-0.0009183405
-0.00037514326
-0.0015828495
-0.0006556773
-0.0026944272
-0.0011329393
-0.0045259269
-0.0019343082
-0.0074960115
-0.0032615801
-0.012235782
-0.0054296445
-0.01968294
-0.0089236333
-0.031214006
-0.014483236
-0.048823023
-0.023225938
-0.075341543
-0.036822183
-0.11466177
-0.057730619
-0.17187517
-0.08946271
-0.25316528
-0.1370326
-0.36559642
-0.51607956
-0.20673618
-3.9877361e-08
-2.5095024e-07
-2.1469092e-07
-1.0991258e-06
-6.5952793e-07
-2.7935453e-06
-1.623691e-06
-6.0449135e-06
-3.5617431e-06
-1.2125263e-05
-7.2943727e-06
-2.3293417e-05
-1.429033e-05
-4.3528072e-05
-2.7155834e-05
-7.977516e-05
-5.0474654e-05
-0.00014403835
-9.2230698e-05
-0.00025681888
-0.00016617895
-0.00045265177
-0.00029572383
-0.00078878895
-0.00052013019
-0.0013584301
-0.00090424477
-0.0023102892
-0.001553366
-0.0038767678
-0.002635529
-0.0064137928
-0.0044144039
-0.010456832
-0.0072974551
-0.016799797
-0.011906105
-0.026605258
-0.019177099
-0.041551947
-0.030505803
-0.06401282
-0.047939815
-0.097227858
-0.074420887
-0.14539427
-0.11403793
-0.21354812
-0.17231816
-0.30731638
-0.43220725
-0.25619036
-5.0626632e-08
-2.0032361e-07
-2.7245866e-07
-8.7729309e-07
-8.3659406e-07
-2.2294077e-06
-2.0583011e-06
-4.8232006e-06
-4.5114001e-06
-9.6721488e-06
-9.2298256e-06
-1.8574951e-05
-1.8059858e-05
-3.4697935e-05
-3.4269569e-05
-6.3565181e-05
-6.3590946e-05
-0.00011471631
-0.00011597707
-0.00020443115
-0.00020851611
-0.00036010909
-0.00037017048
-0.00062712685
-0.00064931714
-0.0010792684
-0.0011254632
-0.0018341165
-0.0019270258
-0.0030751625
-0.0032577638
-0.0050829925
-0.0054354821
-0.0082790301
-0.0089482054
-0.013286971
-0.014535137
-0.021018216
-0.023301724
-0.032785273
-0.036878108
-0.050436435
-0.057624474
-0.076481628
-0.088871665
-0.11414726
-0.13515263
-0.16726725
-0.20241277
-0.24005626
-0.33665221
-0.2979676
-5.9302961e-08
-1.4102064e-07
-3.1908682e-07
-6.1750851e-07
-9.7953586e-07
-1.5689562e-06
-2.4092738e-06
-3.3934562e-06
-5.2787977e-06
-6.8026077e-06
-1.0795519e-05
-1.3058185e-05
-2.1114221e-05
-2.4379115e-05
-4.0045895e-05
-4.4633206e-05
-7.4263627e-05
-8.0497828e-05
-0.00013533007
-0.00014336291
-0.00024305347
-0.00025238163
-0.00043092465
-0.00043924706
-0.00075473065
-0.0007554457
-0.0013058761
-0.0012829418
-0.0022314969
-0.002149495
-0.0037641988
-0.0035502228
-0.0062653566
-0.0057777812
-0.010287559
-0.0092646559
-0.016663873
-0.014641779
-0.026633163
-0.022815883
-0.042009268
-0.035060325
-0.06539331
-0.053097726
-0.10040975
-0.079130975
-0.15191558
-0.1157615
-0.22614915
-0.16582261
-0.23210763
-0.3306934
-6.5583793e-08
-7.5436849e-08
-3.5285463e-07
-3.3023689e-07
-1.0832948e-06
-8.385134e-07
-2.6648543e-06
-1.8118897e-06
-5.8396023e-06
-3.6278412e-06
-1.1943415e-05
-6.9543234e-06
-2.3357652e-05
-1.296475e-05
-4.4282957e-05
-2.3707574e-05
-8.2054323e-05
-4.2725639e-05
-0.0001493702
-7.6045064e-05
-0.00026796779
-0.00013377958
-0.00047455119
-0.00023265431
-0.00083016567
-0.00039981318
-0.0014346558
-0.00067842016
-0.0024484231
-0.0011356777
-0.0041244805
-0.0018740932
-0.0068549457
-0.0030472192
-0.01123781
-0.0048816713
-0.018171862
-0.0077075938
-0.028988852
-0.01199878
-0.045629509
-0.018419647
-0.070859567
-0.027867793
-0.10850089
-0.041489805
-0.16362302
-0.060639457
-0.24265205
-0.086793372
-0.12141895
-0.35334024
-6.9512868e-08
-5.9239007e-09
-3.7392095e-07
-2.5827957e-08
-1.1472196e-06
-6.5211596e-08
-2.8193359e-06
-1.3976536e-07
-6.17024e-06
-2.7691604e-07
-1.2600377e-05
-5.2413142e-07
-2.4602135e-05
-9.6285187e-07
-4.6575332e-05
-1.7340142e-06
-8.6215782e-05
-3.0842887e-06
-0.00015683793
-5.4207829e-06
-0.00028121329
-9.3994518e-06
-0.00049776008
-1.6097604e-05
-0.00087032532
-2.7229061e-05
-0.0015032431
-4.5469825e-05
-0.0025639602
-7.4909731e-05
-0.0043163107
-0.00012166986
-0.0071686892
-0.00019474369
-0.01174308
-0.00030715941
-0.01897292
-0.00047761728
-0.030238774
-0.00073280692
-0.047547771
-0.0011106197
-0.073751277
-0.001664405
-0.11277302
-0.0024682517
-0.16979089
-0.0036216882
-0.25132591
-0.0052579959
-0.36521339
-0.0075307931
0.086253491
-0.013393404
-0.0040585855
0.10627879
-0.01524546
-0.0047796579
0.1272436
-0.015472804
-0.0054917423
0.14960845
-0.016088296
-0.0062762174
0.17307906
-0.016330639
-0.0071395326
0.19724053
-0.016080154
-0.008080781
0.22171574
-0.015361701
-0.0091128807
0.24566495
-0.013718485
-0.010229961
0.26781354
-0.010745525
-0.011402305
-0.0071324916
0.28764498
-0.012698114
0.091335661
-0.031709651
0.11241086
-0.036319087
0.13453293
-0.037592921
0.1581766
-0.039729298
0.18300267
-0.041153441
0.20859305
-0.04166642
0.2345033
-0.041266904
0.25986441
-0.039074081
0.28327988
-0.034154377
-0.028038871
0.30419224
0.09814048
-0.051192819
0.12057889
-0.05875716
0.14424721
-0.061260814
0.1695751
-0.065056649
0.19619327
-0.0677709
0.22365937
-0.069131707
0.25144156
-0.069048238
0.2786138
-0.066245304
0.3036352
-0.059174785
-0.05023548
0.32583279
0.10691241
-0.072203729
0.13108572
-0.082930122
0.15676616
-0.08694074
0.18425508
-0.092545031
0.21318287
-0.09669795
0.2430505
-0.09899852
0.2732221
-0.099218969
0.30267618
-0.095698389
0.32971277
-0.086210378
-0.073971958
0.35345019
0.11780848
-0.095155049
0.14414957
-0.10927087
0.17237742
-0.11516805
0.20257525
-0.12274232
0.23440889
-0.12853089
0.26728719
-0.13187603
0.30045083
-0.13238181
0.33274258
-0.12798921
0.3622875
-0.11575441
-0.099567587
0.38788395
0.13090466
-0.12054395
0.15989909
-0.13826495
0.19122479
-0.14649329
0.22474838
-0.15626537
0.26016289
-0.1639448
0.2967484
-0.1684608
0.33360015
-0.16923288
0.36938227
-0.16377052
0.40202509
-0.14839659
-0.1274343
0.42989251
0.1460961
-0.14893906
0.17822764
-0.17039616
0.21319905
-0.18146431
0.25075532
-0.19382113
0.29050146
-0.20369045
0.33157893
-0.20953762
0.37291578
-0.21056922
0.41295329
-0.20380739
0.44940757
-0.18485052
-0.15811313
0.48008696
0.16280364
-0.18081708
0.19863956
-0.20623177
0.23796645
-0.22079086
0.2802664
-0.23612063
0.32515659
-0.24858026
0.37159638
-0.25597688
0.41832261
-0.25729513
0.46351143
-0.24899582
0.50465027
-0.22598932
-0.19234455
0.53888197
0.1802425
-0.21659749
0.22027412
-0.24626311
0.26470016
-0.26521667
0.31253896
-0.28395907
0.36344832
-0.2994894
0.41620407
-0.30873229
0.46933601
-0.31042695
0.52072539
-0.30038507
0.56762404
-0.27288831
-0.23113481
0.60641438
0.19736772
-0.25672965
0.24205542
-0.29095061
0.29219925
-0.31536039
0.34638467
-0.33814428
0.40423211
-0.35733679
0.46433154
-0.36883159
0.52499644
-0.37109201
0.58379688
-0.35918565
0.63776509
-0.32685731
-0.2758015
0.68243173
0.21259486
-0.30155526
0.26237065
-0.34072634
0.31881915
-0.37180888
0.38015716
-0.3994823
0.44589089
-0.42307069
0.51442352
-0.43736438
0.58385135
-0.44052029
0.65143451
-0.42676926
0.71401955
-0.38944367
-0.32801328
0.76623119
0.22395957
-0.3512852
0.27922578
-0.39599269
0.34252046
-0.43510367
0.41180964
-0.46877178
0.48639638
-0.49765782
0.56449877
-0.51546723
0.64400573
-0.52002804
0.72189114
-0.50465536
0.79486804
-0.46242241
-0.38979836
0.85665299
0.22920771
-0.40598061
0.29037001
-0.45715537
0.36100468
-0.50573855
0.43903118
-0.54679883
0.52344804
-0.58207525
0.61228783
-0.60430771
0.70325234
-0.61099364
0.79307913
-0.59448299
0.87841332
-0.5477589
-0.46351152
0.9521265
0.2258867
-0.4654844
0.29343422
-0.52470356
0.37189265
-0.58419718
0.45944072
-0.6343475
0.55467761
-0.6773127
0.65544184
-0.70507268
0.75927708
-0.71483012
0.86276386
-0.69797055
0.96254724
-0.64754482
-0.5517504
1.0507865
0.21159627
-0.52929822
0.28611267
-0.59922072
0.37297033
-0.67105487
0.47085059
-0.73222793
0.57791578
-0.78437798
0.69179789
-0.81895514
0.80992056
-0.83295376
0.9288192
-0.8168695
1.0451848
-0.76391268
-0.65722159
1.1506567
0.18636571
-0.59779674
0.26769899
-0.68055394
0.363048
-0.76640395
0.47174678
-0.84092675
0.59149058
-0.90412177
0.71961978
-0.94708463
0.85341428
-0.96674919
0.98947051
-0.95292572
1.1245506
-0.89899459
1.2498176
-0.7824875
0.29097122
0.010741167
-0.014066734
0.29364209
0.014320378
-0.016990613
0.29423191
0.019588696
-0.020178244
0.29188171
0.026253794
-0.023903417
0.28612497
0.034400242
-0.028643523
0.27612852
0.045321094
-0.035324741
0.25999682
0.05981674
-0.043685147
0.23982214
0.077476136
-0.057301558
0.21103022
0.096244088
-0.067452216
0.11442563
-0.089810887
0.30730215
0.0076386748
0.30976385
0.011863202
0.31008995
0.019266946
0.30739691
0.028945713
0.30117563
0.040615834
0.29055863
0.05592958
0.27357135
0.076790014
0.25237252
0.098675086
0.22216391
0.12643279
0.14029272
0.32828124
0.0051909136
0.33009949
0.010045427
0.32981192
0.019554601
0.32648638
0.032271245
0.31956414
0.047537978
0.30813642
0.067357138
0.29014765
0.094778709
0.26779432
0.12102851
0.23601314
0.15821397
0.16748991
0.35470726
0.0039343857
0.35534954
0.0094036329
0.35402362
0.020880488
0.34971056
0.036584253
0.34179666
0.055451809
0.3293256
0.079828072
0.3101573
0.11394706
0.2864974
0.1446886
0.25296809
0.19174337
0.19614491
0.38734945
0.004469169
0.38620804
0.010545496
0.38334873
0.023739605
0.3776289
0.042304013
0.36837776
0.064702938
0.35458526
0.093620501
0.33402499
0.13450757
0.30888146
0.16983244
0.27341421
0.22721081
0.22637414
0.42694667
0.007414984
0.42337901
0.014113457
0.41843556
0.028682646
0.41083533
0.049904162
0.39985105
0.075687293
0.38441625
0.10905533
0.3622178
0.15670649
0.3353892
0.19666151
0.29778369
0.26481665
0.25829415
0.47413901
0.0133625
0.46752761
0.020725075
0.45992033
0.036289243
0.44992979
0.059894646
0.43677685
0.088840408
0.41934238
0.12648996
0.39522896
0.18082067
0.36649203
0.22539909
0.32654293
0.30476622
0.29201785
0.52943134
0.022812198
0.51922331
0.030933299
0.50839092
0.047120641
0.49549384
0.072791736
0.47971609
0.10461847
0.45990013
0.14630628
0.43357187
0.20715006
0.40268734
0.2562845
0.36019199
0.34726222
0.32765197
0.59313014
0.036094879
0.57889135
0.045172285
0.56434174
0.061668931
0.54805775
0.089075862
0.52920757
0.12346914
0.50662343
0.16889106
0.47777065
0.23600439
0.44449349
0.28956281
0.39925935
0.39249719
0.36529474
0.66522136
0.053303039
0.64673681
0.063657075
0.62811887
0.080285277
0.60805858
0.10913648
0.58573771
0.14579079
0.56002255
0.19460718
0.52834583
0.26768314
0.49243825
0.32547182
0.44428276
0.4406537
0.40503804
0.74532055
0.074210839
0.72267424
0.086303752
0.69985811
0.10309965
0.67578978
0.13320546
0.64970211
0.17187959
0.62055628
0.22375442
0.58579443
0.30244755
0.54704532
0.36422268
0.49582061
0.49187959
0.44694844
0.8326295
0.098230982
0.80626718
0.11266666
0.77942281
0.12994234
0.75134496
0.16128437
0.72135983
0.20186636
0.68859686
0.25651932
0.65056447
0.34048306
0.60881763
0.40597159
0.55443062
0.54626789
0.49106211
0.92593694
0.12441696
0.89669272
0.14191182
0.86635096
0.16028283
0.83456135
0.19307559
0.80078229
0.2356477
0.76438844
0.29291568
0.72302315
0.381852
0.67821265
0.45078445
0.62064809
0.60383376
0.53737405
1.0236783
0.15152177
0.99274727
0.17284427
0.95982451
0.19320523
0.92497129
0.22793105
0.88780184
0.2728202
0.84800085
0.33271976
0.80341925
0.42643767
0.75561399
0.49859226
0.69497158
0.66447733
0.5858159
1.1240608
0.1781153
1.0929069
0.20400009
1.0586743
0.22743891
1.0217732
0.264835
0.98196739
0.31262978
0.93928322
0.37540747
0.89184143
0.47388367
0.84129905
0.54913718
0.77784073
0.7279364
0.63622976
1.2253124
0.2026198
1.1954072
0.23390728
1.1614443
0.26140448
1.1238322
0.30245026
1.082515
0.35395109
1.0378334
0.42009253
0.98815638
0.52356441
0.93543664
0.60185898
0.86954469
0.79382822
0.68821463
0.10326829
-0.92628565
0.90742375
0.12974029
-2.1575733
2.1311016
0.14042777
-4.9436431
4.9329549
0.07916858
-11.024214
11.085473
-0.12499803
-24.433302
24.637469
-53.553765
54.304399
0.023743186
-0.92153964
-0.0056937954
-2.1281428
-0.11420758
-4.8351198
-0.41271459
-10.725728
-1.1205451
-23.725425
-51.780753
-0.060323031
-0.89226069
-0.14340252
-2.0450643
-0.36391658
-4.614604
-0.88927666
-10.20037
-2.0870774
-22.527628
-49.01553
-0.14469652
-0.83937251
-0.27794039
-1.9118212
-0.60204937
-4.2904934
-1.3408863
-9.4615345
-2.9992315
-20.869288
-45.302358
-0.22588275
-0.76473586
-0.40489725
-1.7328074
-0.82301574
-3.8723735
-1.7586018
-8.5259498
-3.8424565
-18.785441
-40.708951
-0.30089664
-0.67057511
-0.52051168
-1.5131931
-1.0220656
-3.3708186
-2.1342313
-7.4137856
-4.5991138
-16.320565
-35.320472
-0.36720517
-0.55955998
-0.62167473
-1.2587242
-1.1950597
-2.7974331
-2.4605003
-6.1483463
-5.255584
-13.52549
-29.240052
-0.42282858
-0.43469859
-0.70588889
-0.97566446
-1.3384655
-2.1648564
-2.731045
-4.7557678
-5.7996534
-10.456892
-22.586059
-0.46618175
-0.29920964
-0.77117461
-0.67067208
-1.4493492
-1.4866821
-2.9403995
-3.264718
-6.2210543
-7.1762494
-15.489344
-0.49608202
-0.15646695
-0.81604587
-0.35070871
-1.5254201
-0.77730864
-3.0838909
-1.7062475
-6.5103292
-3.7498254
-8.0888909
-0.51173106
-0.0099480954
-0.83949346
-0.022947069
-1.5651207
-0.051682942
-3.158432
-0.112936
-6.6617049
-0.24656891
-0.52998441
0.92189471
-0.61226888
0.93752103
-0.69618109
0.94899857
-0.77788369
0.9560248
-0.84795379
0.95810647
-0.90620341
0.95592829
-0.94490649
0.95035469
-0.96117621
0.94226042
-0.94483104
0.93274444
-0.88947943
-0.76945784
0.91971555
2.1623422
-0.6435094
2.1842528
-0.71809062
2.1924745
-0.78610603
2.189962
-0.84544147
2.1783959
-0.89463726
2.1612496
-0.92776044
2.1401719
-0.94009934
2.1171999
-0.92185906
2.0917987
-0.86407878
-0.74237988
2.0647205
4.9517731
-0.66233574
4.952874
-0.71919331
4.9387712
-0.77200425
4.9135614
-0.82023253
4.8798397
-0.86091657
4.8406522
-0.88857461
4.7971937
-0.89664354
4.7511295
-0.87579744
4.7018864
-0.81483764
-0.69575317
4.6552531
11.047142
-0.62398386
10.997491
-0.66954217
10.938517
-0.71303027
10.870526
-0.75224168
10.79362
-0.78401018
10.708776
-0.80373127
10.617627
-0.80549464
10.523415
-0.78158631
10.430781
-0.72220353
-0.61471353
10.349738
24.455904
-0.4424449
24.25922
-0.47285881
24.047742
-0.50155172
23.822491
-0.5269916
23.58552
-0.54703955
23.34056
-0.55877183
23.093424
-0.55835959
22.852613
-0.54077724
22.629865
-0.49945879
-0.42590678
22.441054
53.850016
53.363998
52.847814
52.304551
51.739417
51.160525
50.57979
50.014132
49.487004
49.03033
0.90481056
0.21752612
0.88552541
0.25319434
0.86324551
0.28368726
0.83776383
0.3279344
0.8092079
0.38251019
0.7779433
0.45135965
0.74287004
0.55863982
0.70577248
0.63895752
0.65909063
0.84050887
0.72456809
2.0376675
0.24458128
2.0050007
0.28586113
1.9629152
0.32577654
1.9137804
0.37707257
1.856651
0.43964231
1.7921913
0.5158211
1.7198438
0.63098818
1.6406619
0.71813985
1.5448882
0.93627983
0.8048966
4.6320287
0.26780233
4.5996299
0.31825599
4.5491815
0.37622019
4.481828
0.44442015
4.3941105
0.52735343
4.2843832
0.62554123
4.1572527
0.75811121
4.0037566
0.87163304
3.8358384
1.1041839
0.98357728
10.372351
0.24519007
10.391358
0.29925099
10.402263
0.36531752
10.399647
0.44703772
10.376835
0.55016721
10.325043
0.67733485
10.243834
0.83930918
10.105669
1.0097884
9.9539428
1.2558595
1.2436138
22.518578
0.16766618
22.611035
0.20679254
22.72091
0.25544134
22.852008
0.31594086
23.010554
0.39162743
23.201369
0.4865376
23.433452
0.60724699
23.692135
0.75114847
23.994388
0.95357849
1.0795602
49.170147
49.342956
49.556928
49.822265
50.152139
50.56332
51.07861
51.717549
52.534184
6.1896373e-09
-7.9541299e-09
3.3467041e-08
-3.4991133e-08
1.0333361e-07
-8.9412051e-08
2.5609918e-07
-1.9489064e-07
5.6666408e-07
-3.94651e-07
1.1732458e-06
-7.6721795e-07
2.3294764e-06
-1.454729e-06
4.4984976e-06
-2.7133548e-06
8.5218346e-06
-5.0024777e-06
1.59201e-05
-9.140806e-06
2.9422761e-05
-1.6575804e-05
5.3888131e-05
-2.9839778e-05
9.7870774e-05
-5.3302126e-05
0.00017622684
-9.4368761e-05
0.00031431407
-0.00016531568
0.00055452403
-0.00028595932
0.00096606169
-0.00048736175
0.001659063
-0.0008167708
0.0028044797
-0.0013441768
0.0046613249
-0.0021707011
0.0076148297
-0.0034407034
0.012223542
-0.005351888
0.019288147
-0.0081733055
0.029930071
-0.012274298
0.045635232
-0.018074901
-0.02669611
0.068897017
6.6469207e-09
-1.4600976e-08
3.5937866e-08
-6.4281842e-08
1.1096175e-07
-1.6443551e-07
2.7499355e-07
-3.5892195e-07
6.0839621e-07
-7.2805378e-07
1.2594115e-06
-1.4182363e-06
2.499947e-06
-2.6952769e-06
4.8262207e-06
-5.0396648e-06
9.1391997e-06
-9.3155424e-06
1.7065439e-05
-1.7067213e-05
3.1521374e-05
-3.1032015e-05
5.7691459e-05
-5.6010268e-05
0.0001046916
-0.0001003029
0.00018832951
-0.00017800794
0.0003355489
-0.0003125378
0.00059133674
-0.00054175253
0.0010290645
-0.00092509844
0.0017654367
-0.0015531554
0.0029815745
-0.0025603293
0.0049520986
-0.0041412395
0.0080857709
-0.0065743853
0.012976941
-0.010243059
0.02047749
-0.015673837
0.031789798
-0.023586566
0.048512822
-0.03479784
-0.051497305
0.073314159
7.3587332e-09
-2.1959661e-08
3.9773674e-08
-9.6696708e-08
1.2276e-07
-2.4742185e-07
3.0410722e-07
-5.402697e-07
6.7246668e-07
-1.0964156e-06
1.3911246e-06
-2.1369021e-06
2.7590929e-06
-4.063268e-06
5.3210383e-06
-7.6016686e-06
1.006381e-05
-1.4058446e-05
1.8764811e-05
-2.5768479e-05
3.4602683e-05
-4.6870359e-05
6.3212207e-05
-8.4620564e-05
0.00011447209
-0.00015156402
0.00020546235
-0.00026900025
0.0003652136
-0.00047229268
0.00064207828
-0.00081862351
0.0011147669
-0.0013977971
0.0019083369
-0.0023467394
0.0032168215
-0.0038688307
0.0053347373
-0.0062591723
0.0087012567
-0.0099409172
0.013957609
-0.015499413
0.022025174
-0.023741386
0.034216904
-0.035778248
0.052304093
-0.052884936
-0.078363802
0.079170746
8.3640503e-09
-3.0323629e-08
4.5187112e-08
-1.3351958e-07
1.3939367e-07
-3.4162823e-07
3.4507175e-07
-7.4594788e-07
7.6237809e-07
-1.5137235e-06
1.5753994e-06
-2.94993e-06
3.120407e-06
-5.608297e-06
6.0082141e-06
-1.0489536e-05
1.1342e-05
-1.939238e-05
2.1101672e-05
-3.552848e-05
3.8814394e-05
-6.4583724e-05
7.0707096e-05
-0.0001165144
0.00012765016
-0.00020850895
0.00022835816
-0.00036971124
0.00040451151
-0.00064845086
0.00070868868
-0.0011228085
0.0012262437
-0.001915364
0.0020925646
-0.0032130766
0.0035176335
-0.0052939195
0.0058206033
-0.0085621629
0.0094787243
-0.013599054
0.015192305
-0.021212998
0.023972928
-0.032521992
0.037276745
-0.049082014
0.057113891
-0.072721977
-0.10788062
0.086630874
9.6867337e-09
-4.0010321e-08
5.2306507e-08
-1.7613935e-07
1.6126134e-07
-4.5058331e-07
3.9890051e-07
-9.8358816e-07
8.8043409e-07
-1.9952609e-06
1.8170906e-06
-3.8865985e-06
3.5936097e-06
-7.3848499e-06
6.9065264e-06
-1.3802541e-05
1.3009097e-05
-2.5495163e-05
2.4141063e-05
-4.6660906e-05
4.4273848e-05
-8.4717408e-05
8.0383415e-05
-0.00015262555
0.00014458363
-0.00027271174
0.00025761949
-0.0004827511
0.00045443149
-0.00084526898
0.00079275092
-0.0014611372
0.0013659715
-0.0024885982
0.0023219183
-0.004169042
0.0038897418
-0.0068617655
0.0064182407
-0.011090686
0.010430822
-0.017611655
0.016699518
-0.027481698
0.026347957
-0.042170406
0.041010209
-0.063744212
0.063002204
-0.094713846
-0.14066279
0.095784533
1.1354719e-08
-5.1365013e-08
6.1280959e-08
-2.2606568e-07
1.8881309e-07
-5.7811594e-07
4.6667581e-07
-1.2614526e-06
1.0289489e-06
-2.5575392e-06
2.1208078e-06
-4.9784728e-06
4.1874525e-06
-9.4515367e-06
8.0320238e-06
-1.764722e-05
1.5093745e-05
-3.2557142e-05
2.7932959e-05
-5.9500681e-05
5.1066511e-05
-0.00010785207
9.2384592e-05
-0.00019394562
0.00016550859
-0.00034583898
0.00029362667
-0.00061087414
0.00051557097
-0.0010672207
0.00089517616
-0.0018407532
0.0015352941
-0.0031287314
0.0025983096
-0.0052320776
0.0043357578
-0.008599238
0.007131057
-0.01388601
0.011561676
-0.022042292
0.018483096
-0.034403109
0.029151798
-0.052839079
0.045416802
-0.080009179
0.06996393
-0.11926083
-0.17730758
0.10660889
1.3377761e-08
-6.4742741e-08
7.2161829e-08
-2.8484986e-07
2.2220274e-07
-7.2815745e-07
5.4876272e-07
-1.5880145e-06
1.2086837e-06
-3.2174661e-06
2.4880095e-06
-6.2578158e-06
4.9045626e-06
-1.1868137e-05
9.3891947e-06
-2.2131973e-05
1.7603234e-05
-4.0771473e-05
3.2488562e-05
-7.4386654e-05
5.9208411e-05
-0.00013457322
0.00010673109
-0.00024147067
0.00019044566
-0.00042955746
0.0003363864
-0.00075682085
0.00058788713
-0.0013187301
0.0010157921
-0.0022686703
0.0017337456
-0.0038467013
0.0029206623
-0.0064190154
0.0048534091
-0.01053201
0.0079545292
-0.016987154
0.012862513
-0.026950293
0.020524797
-0.042065391
0.032356167
-0.064670418
0.050461123
-0.09811409
0.077907206
-0.14670676
-0.21828498
0.11888475
1.5741362e-08
-8.0484076e-08
8.4869944e-08
-3.539786e-07
2.6118209e-07
-9.0447037e-07
6.4453442e-07
-1.9713692e-06
1.4182189e-06
-3.9911576e-06
2.9156766e-06
-7.7552934e-06
5.7387672e-06
-1.4691281e-05
1.0965756e-05
-2.73591e-05
2.0513611e-05
-5.0319661e-05
3.77619e-05
-9.1635685e-05
6.8612503e-05
-0.00016542533
0.00012326018
-0.00029612113
0.00021909411
-0.00052539602
0.00038534928
-0.00092308306
0.0006703874
-0.0016037781
0.0011528261
-0.0027511223
0.0019581986
-0.0046520911
0.003283534
-0.0077443719
0.0054333736
-0.012681873
0.0088729828
-0.020426777
0.014307718
-0.032385038
0.022783676
-0.050541362
0.035891699
-0.077778401
0.055983171
-0.11820549
0.08651553
-0.177239
-0.26384012
0.13207081
1.8398491e-08
-9.8882553e-08
9.9150782e-08
-4.3473114e-07
3.0496444e-07
-1.110285e-06
7.5203514e-07
-2.4184428e-06
1.6532116e-06
-4.8923422e-06
3.3947815e-06
-9.496886e-06
6.6720748e-06
-1.7968635e-05
1.2726867e-05
-3.3414047e-05
2.3758783e-05
-6.1351949e-05
4.362961e-05
-0.00011150735
7.9051679e-05
-0.00020084912
0.00014155897
-0.0003586316
0.00025071259
-0.00063455495
0.00043920083
-0.0011115793
0.00076077068
-0.0019253591
0.0013023009
-0.0032926668
0.0022018669
-0.0055516746
0.0036755092
-0.0092180349
0.0060568519
-0.015063238
0.0098569288
-0.024226869
0.01584243
-0.038370548
0.025157519
-0.059856444
0.039573018
-0.092193851
0.061675075
-0.1403075
0.095325449
-0.21088928
-0.3139458
0.14543125
2.1247575e-08
-1.2013012e-07
1.144568e-07
-5.2794063e-07
3.5186473e-07
-1.3476939e-06
8.671086e-07
-2.9336896e-06
1.904521e-06
-5.9297631e-06
3.9065532e-06
-1.1498942e-05
7.6676107e-06
-2.1729756e-05
1.460227e-05
-4.0348868e-05
2.7207886e-05
-7.3957958e-05
4.9852216e-05
-0.00013415256
9.0094075e-05
-0.00024109281
0.00016085856
-0.00042939952
0.00028394782
-0.00075764997
0.00049558436
-0.0013232245
0.00085497305
-0.0022847596
0.00145727
-0.0038949785
0.0024529535
-0.0065473748
0.0040765706
-0.010841671
0.0066894111
-0.017676095
0.010841476
-0.028378949
0.017360201
-0.044889278
0.027512286
-0.0700085
0.043202784
-0.10788431
0.067189483
-0.16429417
0.10368371
-0.24738341
-0.36810907
0.15784711
2.4142634e-08
-1.4427274e-07
1.3000158e-07
-6.3379981e-07
3.9946243e-07
-1.6171556e-06
9.8377626e-07
-3.5180061e-06
2.1589774e-06
-7.104972e-06
4.4238773e-06
-1.3763864e-05
8.6719238e-06
-2.5977862e-05
1.6489695e-05
-4.8166796e-05
3.066942e-05
-8.8138068e-05
5.6077112e-05
-0.00015956113
0.00010109962
-0.00028611716
0.00018001211
-0.00050831549
0.00031677138
-0.00089441513
0.00055095985
-0.0015574218
0.00094690044
-0.002680712
0.0016073828
-0.0045554749
0.0026940954
-0.007634102
0.004457914
-0.012605503
0.0072837535
-0.020501945
0.011756582
-0.032851779
0.018763461
-0.051896147
0.029652777
-0.08089779
0.04642008
-0.12465159
0.071972273
-0.18984634
0.11070121
-0.2861123
-0.42522492
0.16781714
2.6841118e-08
-1.7111382e-07
1.4447909e-07
-7.5143788e-07
4.4374925e-07
-1.9164263e-06
1.092188e-06
-4.1664467e-06
2.3950298e-06
-8.4078197e-06
4.902775e-06
-1.6271627e-05
9.5992653e-06
-3.0674404e-05
1.8227184e-05
-5.6794852e-05
3.3844664e-05
-0.00010375589
6.1763602e-05
-0.00018748088
0.00011110495
-0.00033546022
0.00019732703
-0.00059454084
0.00034624693
-0.0010433406
0.00060029306
-0.0018114763
0.00102802
-0.0031084499
0.0017383457
-0.0052658131
0.0029016579
-0.0087974258
0.0047810671
-0.014484921
0.0077788015
-0.023499685
0.012505346
-0.037578322
0.019884291
-0.059275078
0.031303309
-0.092316787
0.048805693
-0.14215395
0.075332168
-0.21637282
0.11524216
-0.32602232
-0.48348052
0.17349779
2.9073799e-08
-2.0018755e-07
1.5644111e-07
-8.7880513e-07
4.8027235e-07
-2.2402576e-06
1.1813603e-06
-4.8675355e-06
2.5885142e-06
-9.8149773e-06
5.2935709e-06
-1.8976696e-05
1.0351851e-05
-3.5732723e-05
1.9627857e-05
-6.6070968e-05
3.6383969e-05
-0.00012051229
6.6268096e-05
-0.00021736569
0.00011894171
-0.00038813531
0.00021070942
-0.0006863114
0.00036867172
-0.0012013077
0.00063713153
-0.0020799434
0.0010872664
-0.0035585942
0.0018314967
-0.0060100534
0.0030446718
-0.010010609
0.0049953547
-0.016435607
0.0080922324
-0.026596562
0.012953058
-0.042439141
0.020506194
-0.066828193
0.032131826
-0.1039424
0.04983393
-0.15985604
0.076436825
-0.24297574
0.11598799
-0.36557357
-0.54028988
0.1727973
3.0375087e-08
-2.3056253e-07
1.6338422e-07
-1.011814e-06
5.0136616e-07
-2.5782391e-06
1.2325193e-06
-5.5986883e-06
2.6985513e-06
-1.128101e-05
5.5133497e-06
-2.1791501e-05
1.0769223e-05
-4.098862e-05
2.0391376e-05
-7.5693194e-05
3.7739239e-05
-0.00013786036
6.8610651e-05
-0.00024823761
0.00012288809
-0.00044241387
0.00021718013
-0.00078060564
0.00037896044
-0.0013630918
0.00065289606
-0.0023538843
0.0011103114
-0.0040160159
0.0018631235
-0.0067628714
0.0030842478
-0.011231736
0.0050375798
-0.018388935
0.0081222395
-0.029681212
0.012937518
-0.047254404
0.020375419
-0.074266066
0.031742991
-0.11530995
0.048895841
-0.17700891
0.074357026
-0.26843697
0.11152702
-0.40274371
-0.59228447
0.16352148
3.0394568e-08
-2.6095697e-07
1.6342745e-07
-1.1448465e-06
5.0125014e-07
-2.9160609e-06
1.2313894e-06
-6.3288261e-06
2.6936488e-06
-1.2743268e-05
5.4970995e-06
-2.4594951e-05
1.0722671e-05
-4.62142e-05
2.0269907e-05
-8.5240468e-05
3.7442364e-05
-0.00015503294
6.791973e-05
-0.0002787153
0.00012134097
-0.00049583585
0.00021382521
-0.00087309131
0.00037188711
-0.001521156
0.00063836462
-0.0026203648
0.001081189
-0.0044588429
0.0018061556
-0.0074878381
0.0029754283
-0.012401003
0.0048344721
-0.020247965
0.0077513753
-0.032598095
0.012273439
-0.05177644
0.019204305
-0.081196897
0.029697667
-0.1258033
0.045334906
-0.1926462
0.068139751
-0.29124188
0.1004908
-0.43509496
-0.63547522
0.14368135
2.8402551e-08
-2.8935937e-07
1.5264205e-07
-1.2690855e-06
4.6789399e-07
-3.2313116e-06
1.1485435e-06
-7.0094732e-06
2.5098823e-06
-1.4104602e-05
5.1156368e-06
-2.7200699e-05
9.9634654e-06
-5.1062021e-05
1.8801089e-05
-9.407809e-05
3.4657281e-05
-0.00017088916
6.2718224e-05
-0.00030677635
0.00011174398
-0.00054486188
0.0001963025
-0.00095765034
0.0003401981
-0.0016650522
0.0005815857
-0.0028617524
0.00098040962
-0.0048576649
0.0016290481
-0.0081364703
0.0026674937
-0.013439435
0.0043051344
-0.021885582
0.0068519906
-0.035144918
0.010762221
-0.055686633
0.016689345
-0.087123983
0.025543327
-0.13465727
0.038505485
-0.20560844
0.056952882
-0.30968936
0.082007747
-0.46015003
-0.66599813
0.11253031
2.413762e-08
-3.1349683e-07
1.2963599e-07
-1.3745832e-06
3.9705256e-07
-3.4987266e-06
9.7355369e-07
-7.5859712e-06
2.1243346e-06
-1.5255377e-05
4.3217261e-06
-2.9398079e-05
8.3979241e-06
-5.5138198e-05
1.5803328e-05
-0.00010148346
2.903651e-05
-0.00018412228
5.234608e-05
-0.00033008583
9.2849778e-05
-0.0005853654
0.00016227046
-0.0010270706
0.00027954628
-0.0017823268
0.00047462997
-0.003056833
0.00079385869
-0.0051768865
0.0013073983
-0.0086499958
0.0021195229
-0.014251535
0.0033828979
-0.02314892
0.0053182672
-0.037080241
0.008239972
-0.058608288
0.012583185
-0.091467153
0.01891936
-0.14099345
0.027917468
-0.21460667
0.040254241
-0.32202622
0.056086696
-0.47598268
-0.68753851
0.077626644
1.6284901e-08
-3.2978158e-07
8.7348857e-08
-1.4456465e-06
2.6708654e-07
-3.6784626e-06
6.534138e-07
-7.9722947e-06
1.4215919e-06
-1.6023547e-05
2.8813161e-06
-3.0857786e-05
5.5732066e-06
-5.7830052e-05
1.0429242e-05
-0.00010633942
1.9034225e-05
-0.00019272711
3.4041398e-05
-0.00034509268
5.9813181e-05
-0.00061113649
0.00010337252
-0.0010706284
0.00017575408
-0.0018547051
0.0002938297
-0.0031749019
0.00048265276
-0.0053656968
0.00077834782
-0.0089456688
0.0012315947
-0.014704747
0.0019117607
-0.023829037
0.0029113277
-0.038079748
0.0043484205
-0.06004532
0.0063600013
-0.093478694
0.0090686799
-0.14370214
0.012483773
-0.2180219
0.01634049
-0.32588298
0.019508201
-0.47915048
-0.68904609
0.021014351
6.3546581e-09
-3.3613611e-07
3.3902597e-08
-1.4731937e-06
1.029872e-07
-3.7475453e-06
2.4972812e-07
-8.1190314e-06
5.3697782e-07
-1.6310787e-05
1.0720573e-06
-3.1392844e-05
2.0345902e-06
-5.8792538e-05
3.71845e-06
-0.00010802317
6.5911254e-06
-0.00019559955
1.1369749e-05
-0.00034987077
1.910054e-05
-0.00061886609
3.120063e-05
-0.0010827259
4.93663e-05
-0.0018728654
7.5160397e-05
-0.0032006856
0.00010895864
-0.0053994765
0.00014776809
-0.0089844482
0.00018122197
-0.014738157
0.00018467323
-0.023832428
0.00010732623
-0.03800233
-0.00014916532
-0.059788764
-0.0007717493
-0.092856079
-0.0021159549
-0.14235797
-0.0048607096
-0.21527727
-0.010211108
-0.3205326
-0.020520746
-0.46884086
-0.67065669
-0.038909818
-5.0171382e-09
-3.3111886e-07
-2.7259207e-08
-1.450951e-06
-8.4678673e-08
-3.6901239e-06
-2.1156808e-07
-7.9921374e-06
-4.7289883e-07
-1.6049446e-05
-9.9099335e-07
-3.0874725e-05
-1.9949091e-06
-5.7788563e-05
-3.9114072e-06
-0.00010610654
-7.5314255e-06
-0.0001919792
-1.4312165e-05
-0.00034308927
-2.6919296e-05
-0.00060625725
-5.0186538e-05
-0.001059455
-9.2782728e-05
-0.0018302617
-0.00017004328
-0.003123411
-0.00030865241
-0.0052608433
-0.00055417149
-0.0087388913
-0.00098284945
-0.014309424
-0.0017198945
-0.023095312
-0.0029678429
-0.036754301
-0.0050515373
-0.057705002
-0.0084914661
-0.089416131
-0.014125224
-0.13672424
-0.023315411
-0.20608716
-0.038236186
-0.30561176
-0.062127595
-0.44494991
-0.63313838
-0.099646022
-1.7313283e-08
-3.1380549e-07
-9.3375759e-08
-1.3748878e-06
-2.874693e-07
-3.4960283e-06
-7.0975874e-07
-7.5698429e-06
-1.5627213e-06
-1.5196471e-05
-3.2152273e-06
-2.9222189e-05
-6.3341327e-06
-5.4669584e-05
-1.2116242e-05
-0.00010032425
-2.2693351e-05
-0.00018140167
-4.1831896e-05
-0.00032394972
-7.6125377e-05
-0.00057196149
-0.00013699477
-0.0009985807
-0.00024398285
-0.0017232639
-0.00043006644
-0.0029373096
-0.00075003277
-0.0049408473
-0.0012934038
-0.0081954749
-0.0022040336
-0.01339873
-0.0037095516
-0.021589712
-0.0061656251
-0.034298138
-0.010122957
-0.0537476
-0.016429114
-0.083109959
-0.026381232
-0.12677212
-0.041948899
-0.19051963
-0.066101283
-0.28145933
-0.10317058
-0.40788105
-0.57761264
-0.15869621
-2.9727594e-08
-2.8407784e-07
-1.6011377e-07
-1.2445009e-06
-4.9211702e-07
-3.1640229e-06
-1.2123588e-06
-6.849596e-06
-2.6617641e-06
-1.3747053e-05
-5.4572163e-06
-2.6426704e-05
-1.070554e-05
-4.9421178e-05
-2.0376522e-05
-9.065306e-05
-3.7946329e-05
-0.00016383135
-6.9493393e-05
-0.00029240145
-0.00012553712
-0.00051591502
-0.00022406905
-0.00090004291
-0.00039544999
-0.0015518714
-0.00069014927
-0.0026425893
-0.0011907033
-0.0044402586
-0.0020298198
-0.0073563061
-0.0034173699
-0.012011107
-0.0056803065
-0.019326683
-0.0093215774
-0.030656769
-0.015106909
-0.047962198
-0.02419131
-0.074025545
-0.038298018
-0.11266545
-0.059956617
-0.16886117
-0.092759963
-0.24865583
-0.14181991
-0.35882128
-0.50589612
-0.21353643
-4.1566621e-08
-2.425112e-07
-2.2374908e-07
-1.0623178e-06
-6.8720924e-07
-2.7005606e-06
-1.6913505e-06
-5.8454491e-06
-3.7087786e-06
-1.172961e-05
-7.5920393e-06
-2.2543405e-05
-1.4865555e-05
-4.2147566e-05
-2.8231878e-05
-7.7286494e-05
-5.2439783e-05
-0.00013962285
-9.5752712e-05
-0.00024908709
-0.00017239339
-0.00043927109
-0.00030653795
-0.00076589142
-0.00053870442
-0.0013196913
-0.00093573891
-0.0022455305
-0.0016060704
-0.0037698875
-0.002722543
-0.0062397743
-0.0045560843
-0.010177485
-0.0075249401
-0.016357725
-0.012266336
-0.025915266
-0.019739853
-0.040488607
-0.031373187
-0.062392201
-0.049258239
-0.094780532
-0.076393735
-0.14172579
-0.11694939
-0.20810012
-0.17652405
-0.29924663
-0.42031784
-0.26210232
-5.2061555e-08
-1.9044963e-07
-2.8015254e-07
-8.3422611e-07
-8.6010477e-07
-2.120606e-06
-2.1157624e-06
-4.5897852e-06
-4.6362614e-06
-9.2090947e-06
-9.4825714e-06
-1.7697053e-05
-1.8548203e-05
-3.3081825e-05
-3.5182921e-05
-6.0651499e-05
-6.5258564e-05
-0.00010954652
-0.00011896502
-0.00019537899
-0.00021378641
-0.00034444596
-0.00037933797
-0.00060033194
-0.0006650555
-0.0010339583
-0.0011521329
-0.0017584258
-0.001971623
-0.0029503535
-0.0033313217
-0.0048800107
-0.0055551042
-0.0079536133
-0.0091399702
-0.012772747
-0.014838195
-0.020216921
-0.023773953
-0.03155276
-0.037603579
-0.048562555
-0.058722699
-0.073661527
-0.090507639
-0.10994098
-0.13755426
-0.16105366
-0.20586337
-0.23093755
-0.32339741
-0.30278371
-6.043504e-08
-1.3001457e-07
-3.251565e-07
-5.6950385e-07
-9.9807872e-07
-1.4476811e-06
-2.45457e-06
-3.1332868e-06
-5.3771385e-06
-6.2865077e-06
-1.0994292e-05
-1.2079851e-05
-2.1497312e-05
-2.2578681e-05
-4.075912e-05
-4.1389375e-05
-7.5557045e-05
-7.4747809e-05
-0.0001376324
-0.00013330177
-0.00024709322
-0.00023498092
-0.00043792513
-0.00040949116
-0.00076671853
-0.00070514779
-0.001326158
-0.0011989562
-0.0022653768
-0.0020110868
-0.0038200334
-0.0033252842
-0.0063560772
-0.0054174748
-0.010432834
-0.0086958723
-0.016893134
-0.013756491
-0.026989741
-0.021456047
-0.042555797
-0.032996486
-0.06621834
-0.049999118
-0.101635
-0.07452451
-0.15370658
-0.10898223
-0.22870962
-0.15593441
-0.21785607
-0.33425068
-6.6249318e-08
-6.3765258e-08
-3.5642088e-07
-2.793314e-07
-1.0941506e-06
-7.0994823e-07
-2.6912155e-06
-1.5362139e-06
-5.8963664e-06
-3.081336e-06
-1.205696e-05
-5.9192031e-06
-2.3573896e-05
-1.1061607e-05
-4.4682765e-05
-2.0280153e-05
-8.2786205e-05
-3.6643492e-05
-0.00015070167
-6.5384229e-05
-0.00027035778
-0.00011532017
-0.00047877139
-0.0002010679
-0.00083749294
-0.00034640785
-0.0014471673
-0.00058925017
-0.0024694394
-0.00098876497
-0.0041592169
-0.0016354354
-0.0069114526
-0.0026651439
-0.011328306
-0.0042789004
-0.018314594
-0.006770072
-0.029210617
-0.01055991
-0.045968936
-0.016238145
-0.071371085
-0.024597092
-0.10925906
-0.036636743
-0.16472804
-0.053513418
-0.2442264
-0.076435757
-0.10656071
-0.3555212
-6.9688867e-08
-3.7484668e-07
-1.1500022e-06
-2.8259702e-06
-6.1841924e-06
-1.2627448e-05
-2.4651699e-05
-4.6665336e-05
-8.6391827e-05
-0.00015719384
-0.00028190692
-0.00049905933
-0.00087267252
-0.0015073539
-0.0025709719
-0.0043280005
-0.0071877905
-0.011773734
-0.019021308
-0.030313976
-0.047662877
-0.073924684
-0.1130298
-0.17016449
-0.25185715
-0.36594835
0.086329151
-0.021489669
0.10633602
-0.024785025
0.12729627
-0.026450014
0.14967165
-0.028649126
0.17317556
-0.030640149
0.19739767
-0.032298977
0.22196692
-0.033677208
0.24604747
-0.034305144
0.26836966
-0.033718194
-0.032732506
0.28841006
0.091695601
-0.039870871
0.11284292
-0.04593205
0.13507127
-0.048677938
0.15885164
-0.052429013
0.18385633
-0.055644162
0.20966936
-0.058111252
0.23585037
-0.059857401
0.26152776
-0.059981557
0.28530672
-0.057496227
-0.054023108
0.3065983
0.098813324
-0.059513173
0.1214265
-0.068544911
0.1453251
-0.072576066
0.17093214
-0.07803554
0.19789239
-0.082603694
0.22576386
-0.08598193
0.25401606
-0.088108731
0.28171381
-0.087678308
0.30731364
-0.083095063
-0.076797308
0.33008881
0.10790514
-0.080787131
0.13236463
-0.093004069
0.15840857
-0.098619487
0.1863318
-0.10595824
0.21577967
-0.11205085
0.24625215
-0.1164536
0.27711193
-0.11896766
0.30732185
-0.11788724
0.33517839
-0.11095066
-0.10133419
0.35971621
0.11911029
-0.10411256
0.14585517
-0.1197486
0.17458537
-0.12734916
0.2053832
-0.13675554
0.23792693
-0.14459392
0.2716238
-0.15014968
0.30571058
-0.15305368
0.33900928
-0.15118501
0.36964124
-0.14158177
-0.12797278
0.39628064
0.13247332
-0.12997667
0.16198929
-0.14926424
0.1939618
-0.15932124
0.22825838
-0.17105159
0.26458044
-0.18091542
0.30220772
-0.18777623
0.34022991
-0.19107522
0.3772867
-0.18824099
0.41130319
-0.17559758
-0.15715849
0.44048953
0.14784069
-0.15893229
0.18060855
-0.18203176
0.21638313
-0.19509549
0.25488747
-0.20955541
0.29573985
-0.22176734
0.33808533
-0.23012108
0.38084615
-0.23383553
0.42243761
-0.22983182
0.4605688
-0.21372835
-0.18947221
0.49288297
0.16460711
-0.19146837
0.20119387
-0.21861817
0.24146829
-0.23536964
0.28488241
-0.25296908
0.33107054
-0.26795514
0.37899952
-0.27804957
0.42740163
-0.28223727
0.47442949
-0.27685928
0.51756399
-0.25686271
-0.22568742
0.55377952
0.18195549
-0.22799249
0.22284418
-0.25950654
0.26833392
-0.28085924
0.31743701
-0.30207181
0.36982058
-0.32033851
0.42427232
-0.33250098
0.47932068
-0.33728543
0.53282994
-0.33036839
0.58205199
-0.3060849
-0.26683984
0.62320457
0.19878584
-0.26893116
0.24441965
-0.30514009
0.29572465
-0.33216423
0.35130181
-0.35764874
0.41077569
-0.37981236
0.47275347
-0.39447864
0.5355528
-0.40008477
0.59673817
-0.39155386
0.65335176
-0.362699
-0.31426848
0.70078043
0.2134819
-0.31459597
0.26427138
-0.35592943
0.32195304
-0.389846
0.38478092
-0.4204766
0.45226143
-0.44729304
0.52282061
-0.46503794
0.59456663
-0.47183107
0.66477076
-0.46175834
0.73030211
-0.42823133
-0.36964999
0.78568365
0.22406493
-0.36516328
0.28038704
-0.41225156
0.34495728
-0.45441647
0.41580021
-0.49131976
0.49221609
-0.52370927
0.57245081
-0.54527302
0.65441451
-0.55379533
0.73511399
-0.54245835
0.81129893
-0.5044177
-0.43500216
0.87665122
0.22829137
-0.42065758
0.29052336
-0.4744838
0.36244524
-0.52633861
0.44205274
-0.57092774
0.5283399
-0.6099969
0.61936992
-0.6363036
0.71287593
-0.64730215
0.80565417
-0.63523721
0.89440016
-0.59316552
-0.51264489
0.97204328
0.22374762
-0.48088399
0.29234694
-0.54308366
0.37207644
-0.60606833
0.46119777
-0.6600496
0.55830551
-0.70710505
0.66126861
-0.73926727
0.76767184
-0.75370632
0.87418236
-0.74174821
0.9775074
-0.69649259
-0.60511447
1.0699778
0.20811211
-0.54531498
0.28362146
-0.61859366
0.37171059
-0.69415745
0.47112599
-0.75946505
0.58002547
-0.81600443
0.69606816
-0.85531009
0.81672764
-0.87436644
0.93865325
-0.8636738
1.0586079
-0.81644911
-0.71503294
1.1685277
0.18156245
-0.61434726
0.26377267
-0.70080362
0.36027706
-0.79066174
0.4704381
-0.86962599
0.59194282
-0.93750895
0.72215097
-0.98551834
0.85839889
-1.010615
0.99741992
-1.0026946
1.1360556
-0.95508619
1.2658951
-0.84487093
0.29174054
-0.017390538
0.29441304
-0.019658197
0.29501499
-0.020776587
0.2926841
-0.021572609
0.28694922
-0.022913419
0.27697048
-0.025353963
0.26085728
-0.027579736
0.24068141
-0.037141606
0.21188013
-0.03863587
-0.065219445
0.30971991
-0.020511498
0.31218502
-0.022122807
0.31254807
-0.021139533
0.30991327
-0.018937835
0.30376049
-0.01676074
0.29320266
-0.014796352
0.27627236
-0.010649429
0.25507063
-0.01593997
0.22483589
-0.0084009978
-0.039409503
0.33256213
-0.022984192
0.33438679
-0.023946999
0.33416802
-0.020920715
0.33094869
-0.015718594
0.32415103
-0.0099631535
0.31283424
-0.0034797814
0.29495108
0.0072338496
0.2725993
0.0064117755
0.24078261
0.023415915
-0.012292772
0.36101286
-0.024280327
0.3616746
-0.024608365
0.36045826
-0.019704428
0.35630876
-0.01156924
0.34858737
-0.0022417901
0.33629159
0.0088157945
0.31729048
0.026235248
0.29364687
0.030055434
0.26008774
0.056975377
0.016228968
0.39581254
-0.023811955
0.3947292
-0.023524719
0.3920328
-0.017008248
0.3865476
-0.0060842292
0.37757314
0.0067327098
0.36403962
0.022349149
0.34372737
0.046547999
0.31863197
0.055150989
0.28316128
0.092446536
0.046256195
0.43766571
-0.020988151
0.43421663
-0.020075403
0.4295071
-0.012299139
0.42223177
0.0011908725
0.41163108
0.017333527
0.39656602
0.037414127
0.37472311
0.068391667
0.34799964
0.08187476
0.31044425
0.13000256
0.077888835
0.48715035
-0.015255885
0.48074628
-0.013671167
0.47346957
-0.0050231101
0.46392134
0.010738885
0.4512902
0.029964894
0.43437162
0.054332746
0.41075669
0.092007667
0.38221718
0.11041477
0.34240769
0.16981286
0.11122271
0.54467909
-0.0061562677
0.53481242
-0.0038043768
0.52444357
0.0053447566
0.51214377
0.023038513
0.49706682
0.045042206
0.47795755
0.073442241
0.45231642
0.11765024
0.42176873
0.14096317
0.37954617
0.21203642
0.14634615
0.61045028
0.0065966646
0.59674425
0.0099017714
0.58284144
0.019246267
0.56735934
0.038520549
0.54943964
0.062962466
0.52780763
0.095074717
0.49988733
0.14557243
0.46714465
0.17370681
0.42236691
0.25681538
0.18333371
0.6843324
0.02304276
0.66663576
0.027598596
0.64891069
0.036969776
0.62991767
0.057513693
0.6088178
0.084063167
0.58436523
0.1195281
0.55393405
0.176006
0.5188291
0.20881302
0.47138678
0.30425912
0.22223624
0.76581931
0.042904597
0.74428205
0.049136203
0.72267468
0.058575452
0.70000802
0.080180769
0.67550188
0.10857052
0.64800367
0.14702754
0.61487891
0.20913369
0.57728446
0.24640906
0.52711444
0.35443077
0.26307816
0.85399923
0.065553647
0.82912587
0.074010191
0.80387546
0.083824258
0.77760607
0.10645099
0.74963895
0.13653935
0.71899067
0.17767758
0.68307464
0.24505323
0.64292883
0.28655678
0.59003323
0.40732813
0.30584527
0.94757076
0.09002304
0.92023462
0.1013474
0.89193047
0.11212725
0.86242353
0.13595932
0.83117482
0.16779043
0.79744764
0.21140711
0.7587716
0.28373331
0.7161122
0.32921841
0.66059032
0.46285182
0.35046477
1.0449207
0.1150773
1.016323
0.12994672
0.98591538
0.14253463
0.95386949
0.16800725
0.91980879
0.20185425
0.88330676
0.2479121
0.84208091
0.32496361
0.79708656
0.3742152
0.73916895
0.52077112
0.39678754
1.1442651
0.13933803
1.1158309
0.1583831
1.0845855
0.17378123
1.051035
0.20156044
1.0149591
0.23793405
0.97627057
0.28660401
0.93293548
0.36830325
0.8859724
0.42118077
0.82606092
0.58068388
0.44456565
1.243904
0.1613289
1.217019
0.18527037
1.1864566
0.20434638
1.1527098
0.23531021
1.1157466
0.27490142
1.0757904
0.32656355
1.0310346
0.413063
0.98275712
0.46946026
0.92137706
0.6420643
0.49330303
0.093165333
-0.92737825
0.91183956
0.1119789
-2.1568365
2.1380234
0.10601236
-4.9337562
4.939722
0.011382101
-10.9919
11.08653
-0.26322528
-24.359312
24.633921
-53.380434
54.277186
0.012904454
-0.91926866
-0.024062475
-2.1198767
-0.14857091
-4.8092392
-0.4790723
-10.661413
-1.2555763
-23.582746
-51.463982
-0.071418698
-0.88676035
-0.16165845
-2.0296376
-0.39718588
-4.5737102
-0.95287702
-10.105724
-2.2162302
-22.319392
-48.560816
-0.15563963
-0.8307668
-0.29550499
-1.8897729
-0.63336648
-4.2358471
-1.4004437
-9.3386489
-3.1200006
-20.599835
-44.718212
-0.2361667
-0.75329592
-0.42120505
-1.7047352
-0.85164216
-3.8054084
-1.8129031
-8.3773897
-3.9524326
-18.460308
-40.006571
-0.31018371
-0.65664838
-0.53507952
-1.4798401
-1.0473793
-3.2931074
-2.1821776
-7.2425931
-4.6961727
-15.946316
-34.513576
-0.37521513
-0.5435352
-0.63411455
-1.2209413
-1.2165294
-2.7106917
-2.5011332
-5.9579909
-5.3377625
-13.109693
-28.344498
-0.42931638
-0.41700194
-0.71588798
-0.93437033
-1.3556454
-2.0709339
-2.7635498
-4.5500878
-5.8654096
-10.007841
-21.619641
-0.47095423
-0.28029749
-0.77849083
-0.62683429
-1.4618826
-1.3875422
-2.9640928
-3.0478785
-6.2689858
-6.7029594
-14.471235
-0.49900039
-0.13681709
-0.82050501
-0.30533047
-1.5330462
-0.67500221
-3.0982916
-1.4826333
-6.5395553
-3.2617095
-7.0394106
-0.51271344
-0.84099227
-1.5676805
-3.1632456
-6.6715457
0.92752286
-0.63003184
0.94405336
-0.71733506
0.95622978
-0.80284018
0.96373579
-0.87713272
0.96611563
-0.9398886
0.96413138
-0.98353393
0.95874
-1.0052241
0.9509256
-0.99487946
0.94180396
-0.94596506
-0.83266998
0.92960418
2.1709994
-0.66300695
2.1943738
-0.74070838
2.2036735
-0.81214056
2.2018572
-0.87531677
2.1907686
-0.92879963
2.1740263
-0.96679145
2.1534405
-0.98463866
2.1311706
-0.97260921
2.1068143
-0.9216092
-0.80732645
2.0814709
4.9599254
-0.68321678
4.9621188
-0.74290351
4.9488333
-0.79885582
4.924314
-0.85079788
4.8913304
-0.89581665
4.8530108
-0.92847325
4.8106407
-0.94227091
4.7659768
-0.92794748
4.7186661
-0.87430018
-0.76329597
4.6746301
11.048816
-0.64547989
10.999793
-0.69388034
10.94159
-0.74065271
10.874439
-0.78364667
10.79838
-0.81975725
10.71436
-0.84445281
10.62399
-0.85190167
10.530516
-0.83447387
10.438645
-0.78242808
-0.68292159
10.358267
24.453225
-0.46482198
24.257404
-0.4980594
24.046706
-0.5299549
23.822089
-0.55902996
23.585535
-0.58320411
23.340699
-0.59961779
23.093308
-0.60451146
22.851763
-0.59293172
22.627716
-0.55838477
-0.49243392
22.437223
53.824166
53.339265
52.823943
52.281185
51.716075
51.136578
50.55444
49.986389
49.455671
48.994002
0.91645637
0.17447832
0.89936625
0.20236249
0.87960306
0.22411249
0.85703642
0.25787915
0.83181675
0.30012422
0.80422791
0.3541549
0.77304299
0.44425023
0.73955082
0.50295334
0.69662963
0.68498467
0.52700776
2.0582067
0.19774466
2.0300706
0.2304983
1.9935558
0.26063075
1.9509319
0.30050603
1.9014914
0.34956742
1.8457467
0.40990097
1.7827519
0.50724505
1.7126817
0.57302467
1.6265505
0.77111368
0.60045579
4.657256
0.21511473
4.6323375
0.25541244
4.592013
0.30095117
4.537606
0.35490689
4.4666253
0.42054117
4.3772933
0.4992258
4.2727428
0.61178669
4.1435779
0.70218615
4.0020386
0.91263884
0.75842882
10.384692
0.18868971
10.409619
0.23048786
10.429292
0.28127981
10.440255
0.34394542
10.437605
0.42319092
10.415017
0.52181805
10.372665
0.65413298
10.285514
0.7893235
10.196413
1.0016777
0.95761315
22.515674
0.1102385
22.609586
0.13657402
22.721364
0.16950016
22.854669
0.2106409
23.015441
0.26242285
23.209761
0.32751419
23.452222
0.41168927
23.730187
0.51139829
24.074504
0.65734175
0.71599142
49.132089
49.302647
49.513617
49.774863
50.099038
50.501902
51.005533
51.629146
52.42343
)
;

boundaryField
{
    inlet
    {
        type            calculated;
        value           nonuniform List<scalar> 
62
(
-0.87563239
-2.8934169
-4.8522997
-6.7124038
-8.4358626
-9.9875917
-11.336002
-12.453644
-13.317766
-13.910777
-14.220604
0.011833257
0.013158683
0.014632569
0.016271543
0.018094096
0.020120791
0.022374492
0.024880628
0.027667473
0.030766468
0.027848752
0.033983412
0.041469446
0.05060454
0.061751958
0.075354984
0.091954552
0.11221075
0.13692909
0.16709251
-1.1599774
-3.1719735
-5.1193973
-6.9626049
-8.664074
-10.189168
-11.506839
-12.590264
-13.417388
-13.971373
-14.240941
-0.011833257
-0.013158683
-0.014632569
-0.016271543
-0.018094096
-0.020120791
-0.022374492
-0.024880628
-0.027667473
-0.030766468
-0.027848752
-0.033983412
-0.041469446
-0.05060454
-0.061751958
-0.075354984
-0.091954552
-0.11221075
-0.13692909
-0.16709251
)
;
    }
    outlet
    {
        type            calculated;
        value           nonuniform List<scalar> 
44
(
0.18641548
0.19631188
0.20881604
0.22431321
0.24318514
0.26586389
0.2928195
0.3245582
0.36161698
0.40453992
0.45391074
0.51031753
0.57433676
0.64653032
0.72742735
0.81756
0.62273711
1.4645587
3.6571583
9.6939059
24.158498
53.446654
0.18727787
0.19902592
0.21366588
0.23156603
0.25313412
0.27881171
0.30907397
0.34442294
0.38537963
0.4324846
0.48627293
0.54726659
0.61597133
0.69284667
0.7782832
0.87263978
0.66292481
1.5531015
3.8440659
9.9972325
24.316182
53.306516
)
;
    }
    cylinder
    {
        type            calculated;
        value           uniform 0;
    }
    frontAndBack
    {
        type            empty;
    }
}


// ************************************************************************* //
