/*--------------------------------*- C++ -*----------------------------------*\
  =========                 |
  \\      /  F ield         | OpenFOAM: The Open Source CFD Toolbox
   \\    /   O peration     | Website:  https://openfoam.org
    \\  /    A nd           | Version:  13
     \\/     M anipulation  |
\*---------------------------------------------------------------------------*/
FoamFile
{
    format      ascii;
    class       volVectorField;
    location    "500";
    object      U;
}
// * * * * * * * * * * * * * * * * * * * * * * * * * * * * * * * * * * * * * //

dimensions      [0 1 -1 0 0 0 0];

internalField   nonuniform List<vector> 
1208
(
(1.0505488e-07 1.6818198e-05 2.6247705e-23)
(1.3268387e-07 4.1722012e-05 -8.0215131e-23)
(3.7534572e-07 7.2293745e-05 6.4896206e-23)
(8.0503703e-07 0.00012513079 2.7211003e-23)
(1.71371e-06 0.00021626051 -2.5639891e-23)
(3.6470355e-06 0.00037295986 1.1506375e-22)
(7.753003e-06 0.0006412271 -4.4752302e-22)
(1.6439425e-05 0.0010975518 1.3560094e-22)
(3.4570832e-05 0.0018664461 5.3200957e-22)
(7.1397075e-05 0.0031440967 -3.2763347e-22)
(0.00014262143 0.0052245664 1.9509178e-22)
(0.00026978269 0.008516021 -2.9215264e-23)
(0.00047134023 0.013521891 -4.4243042e-23)
(0.00074269669 0.020760499 1.5743709e-21)
(0.0010282999 0.030635086 2.5051317e-21)
(0.0012397172 0.043339576 -9.8708899e-22)
(0.0012480405 0.058930748 -6.6226398e-21)
(0.00077763963 0.077613914 8.7786846e-21)
(-0.00031533459 0.099827831 5.9490661e-21)
(-0.0021600105 0.12575416 2.2763184e-20)
(-0.0042618443 0.15520739 -4.0328156e-20)
(-0.0021372346 0.18614025 -8.3165377e-20)
(0.0059268195 0.21637499 -7.6117091e-20)
(0.031130564 0.23942877 2.4672391e-19)
(0.063191437 0.25942733 -1.5091e-19)
(0.12193284 0.25795251 -1.7517206e-19)
(-3.8161368e-08 -3.4832082e-07 -1.2756374e-22)
(-4.9351711e-08 -8.5585504e-07 1.3689605e-22)
(-2.3529871e-07 -1.4725674e-06 7.2699807e-23)
(-6.4334039e-07 -2.5140132e-06 3.0304817e-23)
(-1.5677448e-06 -4.2619482e-06 -3.3230257e-22)
(-3.6820991e-06 -7.1545602e-06 6.2173448e-22)
(-8.4621025e-06 -1.1838774e-05 -5.8768095e-22)
(-1.9120621e-05 -1.9179569e-05 1.0437092e-22)
(-4.240834e-05 -3.0108416e-05 2.1624576e-22)
(-9.1698147e-05 -4.5095852e-05 5.4104834e-22)
(-0.00019101484 -6.29869e-05 1.042064e-21)
(-0.00037546327 -7.9167436e-05 -3.4774758e-21)
(-0.00068202824 -8.3696454e-05 2.3089429e-21)
(-0.001131342 -6.1053394e-05 -2.717202e-21)
(-0.0017162751 6.0733818e-06 -1.4830832e-21)
(-0.0024355021 0.00013652915 -1.923382e-21)
(-0.0033874464 0.00035670927 6.5269109e-22)
(-0.004840037 0.00065074351 2.4841428e-20)
(-0.0068401161 0.00088991186 1.7322473e-20)
(-0.0084683737 0.00072481973 -4.4548768e-20)
(-0.007303875 -0.00044222975 -1.5264559e-20)
(0.0018304016 -0.0029266799 4.0432127e-20)
(0.021638732 -0.0066021947 -2.9176726e-20)
(0.059715116 -0.010887965 -4.9749256e-21)
(0.10604503 -0.014431693 6.6399968e-20)
(0.18250537 -0.01966418 2.7545709e-19)
(-1.4137603e-07 4.3471897e-07 -3.9305603e-23)
(-1.7524291e-07 1.0980755e-06 2.2629004e-22)
(-3.2850403e-07 1.9052112e-06 -4.2725751e-22)
(-5.5967189e-07 3.3101177e-06 2.8904506e-22)
(-9.5442312e-07 5.7417327e-06 -4.8705517e-22)
(-1.6167497e-06 9.9316299e-06 4.5695828e-23)
(-2.6898173e-06 1.7091665e-05 9.3449827e-22)
(-4.3971153e-06 2.9160777e-05 -3.3869075e-23)
(-7.0715993e-06 4.9046873e-05 -7.086752e-22)
(-1.1192283e-05 8.0653971e-05 1.3471193e-21)
(-1.834454e-05 0.000128338 -8.8690357e-22)
(-3.4357504e-05 0.00019575589 -3.9426954e-21)
(-7.8002701e-05 0.00028564069 2.7005741e-21)
(-0.00019379006 0.00040384867 -6.7913759e-22)
(-0.00045773125 0.00057058654 5.0646683e-21)
(-0.00099861381 0.00083292997 -1.0091693e-20)
(-0.0020220168 0.0012353275 2.5907369e-20)
(-0.0035957725 0.0016764659 -3.9376691e-20)
(-0.0051038603 0.0017268577 -2.3594847e-20)
(-0.0036818563 0.00065248733 8.8957244e-20)
(0.0055420166 -0.0023055412 -4.4708692e-20)
(0.028678595 -0.0071567058 2.270061e-19)
(0.067850981 -0.013317441 4.2745322e-20)
(0.12802465 -0.019472702 3.0370261e-21)
(0.19457805 -0.024624236 -1.4204359e-19)
(0.29529205 -0.029905981 -1.7976567e-19)
(-2.007319e-07 4.1259631e-07 -2.1258997e-22)
(-2.5328491e-07 1.059914e-06 -4.6305977e-22)
(-4.8395042e-07 1.8354419e-06 1.8921204e-22)
(-8.4061618e-07 3.191225e-06 3.6872158e-24)
(-1.4717669e-06 5.5444271e-06 1.429909e-21)
(-2.5802534e-06 9.6263387e-06 -6.1615043e-22)
(-4.5348312e-06 1.6692215e-05 -1.3748012e-21)
(-7.9944375e-06 2.8878896e-05 1.010466e-21)
(-1.414983e-05 4.9762555e-05 -8.0020282e-22)
(-2.5171854e-05 8.5170541e-05 3.6970438e-21)
(-4.5073704e-05 0.00014419934 -6.1506993e-21)
(-8.1452988e-05 0.00024016997 6.4674652e-21)
(-0.00014969889 0.00039134024 -2.2632958e-21)
(-0.00028635486 0.00062277844 1.5372325e-20)
(-0.00058326374 0.00097205989 -4.087278e-21)
(-0.0012345477 0.0014780014 7.8840147e-21)
(-0.0024029134 0.0020750459 -5.2476009e-20)
(-0.0035439223 0.0023810396 -9.2850144e-21)
(-0.0021503128 0.0015724154 9.0012057e-20)
(0.0075493523 -0.0012036658 -8.2768943e-21)
(0.03215423 -0.0061687388 1.5242736e-19)
(0.077098205 -0.012490358 -1.8007665e-19)
(0.14188843 -0.019034642 7.2925505e-21)
(0.22697622 -0.024173533 -2.5496877e-19)
(0.31536526 -0.028184676 6.7876549e-20)
(0.43423452 -0.029955766 1.0977886e-19)
(-2.9692209e-07 4.527609e-07 1.7934383e-22)
(-3.8662427e-07 1.1920325e-06 -1.6713183e-22)
(-7.3822729e-07 2.0624306e-06 3.0625725e-22)
(-1.2906055e-06 3.5937922e-06 -1.4992132e-21)
(-2.2759955e-06 6.2599164e-06 3.0713538e-21)
(-4.0258403e-06 1.0906204e-05 -5.777355e-23)
(-7.1526892e-06 1.8998906e-05 -2.4194165e-21)
(-1.277819e-05 3.3072823e-05 -1.2324799e-21)
(-2.2982693e-05 5.7468954e-05 5.7974993e-21)
(-4.1674252e-05 9.9510056e-05 -1.1731501e-20)
(-7.6309985e-05 0.00017130195 5.1646055e-21)
(-0.00014152234 0.00029252081 3.8106615e-21)
(-0.00026798875 0.0004950702 1.3344637e-21)
(-0.00052564016 0.00082892122 -1.399676e-20)
(-0.001063166 0.0013509516 6.4383763e-21)
(-0.0020466862 0.0020269785 2.1594125e-20)
(-0.0030458381 0.0025105346 -7.3878598e-21)
(-0.0018004245 0.0019787239 2.1864551e-21)
(0.0073937284 -0.00056769179 -3.6144777e-20)
(0.032301081 -0.0054389196 -1.3220384e-19)
(0.079333991 -0.011760163 5.28434e-20)
(0.15010599 -0.017897481 -1.4845344e-19)
(0.23988933 -0.022638464 8.936611e-20)
(0.34421299 -0.024884107 1.4473815e-19)
(0.446796 -0.026182088 1.1319231e-19)
(0.56985557 -0.023926081 2.0686731e-20)
(-4.4908218e-07 5.3506676e-07 2.5534401e-22)
(-6.0835644e-07 1.4542056e-06 4.9192569e-22)
(-1.1521623e-06 2.5129909e-06 -1.7249216e-21)
(-2.0201875e-06 4.3878218e-06 1.2253908e-21)
(-3.5717571e-06 7.6610397e-06 3.2150774e-22)
(-6.3392171e-06 1.338976e-05 -2.681097e-21)
(-1.1312265e-05 2.342591e-05 5.2140846e-21)
(-2.0324819e-05 4.1019105e-05 -4.6967088e-22)
(-3.682752e-05 7.1854286e-05 -4.919599e-21)
(-6.7422555e-05 0.00012583722 9.7191016e-21)
(-0.00012510832 0.0002202172 -9.9836865e-21)
(-0.00023701898 0.00038511321 1.350191e-21)
(-0.00046367242 0.00067116165 -3.5048659e-21)
(-0.0009314196 0.001144747 3.4474497e-20)
(-0.0017965435 0.0018056715 -1.3412548e-20)
(-0.0027158619 0.0023650493 -2.2836114e-20)
(-0.0016985387 0.0020276461 -5.5150124e-20)
(0.0066343513 -0.00028619328 -4.6368545e-20)
(0.030604202 -0.0050384481 -2.6061639e-20)
(0.077790265 -0.01130238 5.6917935e-20)
(0.15041933 -0.017188347 7.6716057e-21)
(0.24419124 -0.021040969 1.4780744e-19)
(0.35048157 -0.022453656 -3.1186725e-19)
(0.46235342 -0.021420051 2.9900942e-19)
(0.56713994 -0.020170985 -3.5667723e-19)
(0.68041132 -0.015697287 -1.6259244e-19)
(-6.841692e-07 6.5457589e-07 -4.8426228e-22)
(-9.7259235e-07 1.8512256e-06 3.9984016e-22)
(-1.8249675e-06 3.1962158e-06 -1.5948454e-22)
(-3.2078864e-06 5.5931384e-06 1.1477797e-21)
(-5.6847199e-06 9.790728e-06 6.2779272e-22)
(-1.0122008e-05 1.7172339e-05 -1.112525e-21)
(-1.8143522e-05 3.0189477e-05 -3.0717225e-21)
(-3.2803433e-05 5.3221173e-05 1.7920076e-21)
(-5.997481e-05 9.4143213e-05 -5.2456699e-22)
(-0.0001113336 0.0001672865 -7.0389873e-22)
(-0.0002113744 0.00029896329 2.0758532e-20)
(-0.00041373812 0.00053560608 -2.2452199e-20)
(-0.00082643223 0.00094291718 -1.3175221e-20)
(-0.0015824763 0.0015399689 6.7224588e-21)
(-0.0023897777 0.0020943585 3.0285558e-20)
(-0.0014782248 0.0018742545 1.9780855e-20)
(0.0060860855 -0.00022892705 1.0927694e-19)
(0.028662978 -0.0048234918 -4.9589665e-20)
(0.074529449 -0.011025286 -7.3956267e-21)
(0.14668285 -0.016705306 5.6506801e-20)
(0.24057689 -0.019981491 -2.7904842e-19)
(0.34743026 -0.020297197 1.7560323e-19)
(0.4575691 -0.018503039 -6.9538677e-20)
(0.56520782 -0.015441691 -2.3503096e-19)
(0.66219567 -0.013103229 1.0871149e-19)
(0.75939283 -0.0087208579 1.1548518e-19)
(-1.0553277e-06 8.2269096e-07 -3.7054097e-22)
(-1.590354e-06 2.4427613e-06 3.9903031e-22)
(-2.9604364e-06 4.2191966e-06 1.4349828e-21)
(-5.221203e-06 7.4046482e-06 -4.247722e-21)
(-9.2870664e-06 1.3006395e-05 1.5011308e-21)
(-1.6622924e-05 2.2922225e-05 7.3822958e-23)
(-3.0017095e-05 4.0574213e-05 -4.6510803e-22)
(-5.4862411e-05 7.2248345e-05 4.9393913e-22)
(-0.00010199714 0.00012970616 -5.2828563e-21)
(-0.00019424533 0.00023514736 1.2289655e-20)
(-0.00038042641 0.00042846518 8.0337066e-21)
(-0.0007526828 0.00076696256 -1.5450789e-20)
(-0.0014094491 0.0012720863 8.1944375e-22)
(-0.0020643506 0.001751869 -1.7682015e-20)
(-0.0010718986 0.001556013 -2.9767291e-20)
(0.0060639083 -0.0003827968 -1.0439053e-19)
(0.027384303 -0.004772086 9.9480754e-20)
(0.07134479 -0.010833861 5.9107214e-20)
(0.14141932 -0.016328353 -7.449585e-20)
(0.23316613 -0.01914182 1.253788e-19)
(0.33732629 -0.018734977 7.3595828e-20)
(0.44448906 -0.016086729 -1.7233062e-19)
(0.54783119 -0.01270693 -1.084628e-20)
(0.64428553 -0.0094825594 8.6890907e-20)
(0.73017183 -0.0075041803 1.6085205e-19)
(0.81280963 -0.0043900504 4.1896911e-20)
(-1.6652653e-06 1.0652384e-06 -1.9205425e-22)
(-2.6929243e-06 3.3537739e-06 -4.4752197e-22)
(-4.9901827e-06 5.8123872e-06 -1.063216e-21)
(-8.8509182e-06 1.0249406e-05 3.4802832e-21)
(-1.5855815e-05 1.8109604e-05 -4.6893244e-21)
(-2.8670481e-05 3.2187034e-05 3.8911305e-21)
(-5.2542125e-05 5.767243e-05 -1.6180143e-21)
(-9.8111612e-05 0.00010443321 -7.7778257e-22)
(-0.00018757664 0.00019115432 1.3673841e-21)
(-0.00036602136 0.00035069336 5.6221649e-21)
(-0.00070946846 0.00062719706 2.7231601e-21)
(-0.0012668383 0.0010290329 -2.3643211e-20)
(-0.0017040384 0.0013791422 2.156488e-20)
(-0.00039475914 0.0011042278 -4.1224969e-20)
(0.00681253 -0.00075852147 5.3093223e-20)
(0.027432138 -0.0049168828 -5.5569617e-20)
(0.069576177 -0.010714293 1.1647187e-20)
(0.13678445 -0.015932274 1.1953496e-19)
(0.22470506 -0.018350609 -6.7673041e-20)
(0.32409769 -0.017401885 8.6282951e-21)
(0.42594765 -0.01424796 -2.1435237e-20)
(0.5240412 -0.010564047 6.0507136e-20)
(0.61600126 -0.0074745682 1.3716498e-19)
(0.70118258 -0.0052721018 -4.1203422e-21)
(0.77783876 -0.0041761181 -3.2979654e-20)
(0.8501168 -0.0022423456 2.989357e-20)
(-2.7719354e-06 1.4567323e-06 2.3834908e-22)
(-4.8979532e-06 4.9193449e-06 -6.1807056e-22)
(-9.0860178e-06 8.6023531e-06 1.82752e-21)
(-1.6297616e-05 1.5302771e-05 -6.7553927e-22)
(-2.962007e-05 2.7340704e-05 2.3504211e-21)
(-5.462019e-05 4.9319885e-05 -2.8751486e-21)
(-0.00010256679 8.990522e-05 -1.6228124e-22)
(-0.00019597666 0.00016494507 4.876817e-22)
(-0.00037561575 0.00029998629 2.2391665e-21)
(-0.00069389755 0.00052261927 -1.7970008e-21)
(-0.0011275867 0.00081620159 5.0041037e-21)
(-0.00122338 0.00099535173 1.2437734e-20)
(0.00072698927 0.00054791111 -2.2384697e-20)
(0.0086599557 -0.0013412091 -3.7086471e-20)
(0.029436734 -0.0052643686 2.6012195e-20)
(0.070331347 -0.010632123 1.7057544e-20)
(0.13444425 -0.015384014 6.2153151e-21)
(0.21739467 -0.017361023 -3.7349178e-20)
(0.31031621 -0.01603017 1.2764504e-20)
(0.40507649 -0.012629303 -2.4207065e-20)
(0.49647757 -0.0089120699 2.9164248e-21)
(0.58323397 -0.0059789125 1.2546222e-20)
(0.66536117 -0.004093243 -6.738e-20)
(0.74249994 -0.0029907921 -1.0644129e-20)
(0.81287351 -0.0025138849 -8.9076362e-21)
(0.87789764 -0.0012519469 -3.4871783e-22)
(-5.0608568e-06 2.1706949e-06 3.1870302e-22)
(-9.9438971e-06 7.9686304e-06 -1.8391197e-21)
(-1.873199e-05 1.4203074e-05 8.9806621e-22)
(-3.4300342e-05 2.5663995e-05 1.6737438e-21)
(-6.3670856e-05 4.6521e-05 -1.581371e-21)
(-0.00011933526 8.4669633e-05 -1.423645e-21)
(-0.00022333871 0.00015304704 6.9200287e-21)
(-0.00040657305 0.00026819516 -3.6714723e-21)
(-0.00067599622 0.00043609395 8.3839541e-21)
(-0.00089204946 0.00060490273 -2.7407156e-20)
(-0.00038918559 0.0005695315 1.198399e-20)
(0.0026791424 -0.0001235658 -7.4200399e-21)
(0.012189749 -0.0021135861 -1.9557321e-20)
(0.034161739 -0.0057788531 -2.4674784e-20)
(0.07460606 -0.010502844 7.8472391e-20)
(0.13556284 -0.014493812 -5.5120835e-20)
(0.21265304 -0.015881335 1.785906e-20)
(0.29763957 -0.014282952 4.2381047e-20)
(0.38385948 -0.010924188 3.9518493e-20)
(0.467354 -0.0074593583 -3.9127272e-20)
(0.54794269 -0.00485104 8.9419397e-21)
(0.6262172 -0.0032489573 -1.6469729e-20)
(0.70200044 -0.0023842161 2.8647331e-20)
(0.77398474 -0.001904716 4.1063034e-22)
(0.83987671 -0.0016565523 2.0391498e-22)
(0.89930683 -0.00073802949 -4.3212544e-20)
(-1.0940609e-05 3.7623113e-06 6.5937148e-22)
(-2.4370275e-05 1.5177457e-05 -7.2241022e-22)
(-4.6900723e-05 2.7606667e-05 2.4508777e-21)
(-8.6132371e-05 4.981918e-05 -2.1815147e-21)
(-0.00015562843 8.7872639e-05 -3.3230942e-21)
(-0.00026943017 0.00014958083 6.2882486e-21)
(-0.00042650957 0.00023771857 -5.8022484e-22)
(-0.00054515172 0.00032968845 -1.3042392e-20)
(-0.00028372308 0.00033370017 1.6181601e-20)
(0.0013023777 3.0528038e-05 -1.5821227e-21)
(0.0062877343 -0.00095565528 -6.0642785e-21)
(0.018402177 -0.0030473683 2.5925143e-20)
(0.042621865 -0.0063443602 -5.3830826e-20)
(0.083239221 -0.010155674 7.231318e-20)
(0.14076255 -0.013026401 1.2817769e-20)
(0.21090586 -0.013629538 1.0713206e-22)
(0.28675714 -0.011862886 -2.6353232e-20)
(0.36311346 -0.0088682059 -2.1120726e-20)
(0.43784238 -0.0059809432 -2.5549504e-20)
(0.51152652 -0.0039026018 2.5606934e-20)
(0.58509444 -0.0026421417 1.1055773e-20)
(0.65842821 -0.0019502102 -1.1439112e-20)
(0.73028682 -0.0015754354 1.4391126e-21)
(0.7986179 -0.0013252339 4.8731072e-21)
(0.86091057 -0.0011223089 1.5882443e-21)
(0.9158516 -0.0004308082 -6.6180389e-21)
(-2.9265902e-05 7.6709744e-06 1.0212816e-22)
(-7.0086717e-05 3.2673467e-05 -8.7431109e-25)
(-0.00012478792 5.6287212e-05 3.5209655e-22)
(-0.00019528708 9.0112187e-05 2.9844942e-21)
(-0.00026385726 0.00012993487 -2.4180453e-21)
(-0.00023860975 0.00015611015 -4.4299798e-21)
(0.00014385234 0.0001125383 7.6727659e-21)
(0.0015002897 -0.00011869751 -8.5372028e-21)
(0.0051013743 -0.00073648764 1.5608339e-20)
(0.013184097 -0.0019903758 -3.0055332e-20)
(0.028988868 -0.0040397393 8.5902966e-21)
(0.056070153 -0.0067060484 -2.5291733e-21)
(0.096628529 -0.0092860508 1.0940073e-20)
(0.14970883 -0.010746163 1.538826e-20)
(0.21127877 -0.010440097 -2.1599144e-20)
(0.27678212 -0.0086738065 5.8453667e-22)
(0.34244904 -0.006380446 -1.3152479e-20)
(0.40803145 -0.0043868713 -5.5311393e-22)
(0.47458763 -0.003027159 1.1514881e-23)
(0.5428842 -0.0021745236 -3.0402736e-21)
(0.61276008 -0.0016439341 -5.6736584e-21)
(0.68311885 -0.0013172588 2.8293626e-21)
(0.75218127 -0.0011111661 3.5892023e-22)
(0.81766134 -0.00093903019 -1.1873858e-20)
(0.87702249 -0.0007449946 6.9036242e-21)
(0.92845584 -0.00023944496 4.0489402e-20)
(-4.7128707e-05 8.3384989e-06 -7.9734058e-22)
(-7.9023322e-05 2.9171221e-05 2.7426234e-21)
(-1.8955676e-05 2.7381879e-05 -1.8541375e-21)
(0.00025592425 -9.6472877e-06 3.7793937e-22)
(0.0010119145 -0.000124475 5.990409e-22)
(0.0027666978 -0.00038684171 -9.3439245e-21)
(0.0064299674 -0.0008966862 6.0603027e-21)
(0.013436612 -0.0017638533 5.1614761e-21)
(0.025760029 -0.003048682 -1.7999112e-21)
(0.045618848 -0.0046633626 8.5495385e-21)
(0.074754319 -0.0062797547 -3.278261e-21)
(0.11336582 -0.0073613585 -1.0712757e-20)
(0.15980595 -0.0074492309 1.0836854e-21)
(0.21132195 -0.0065291515 -2.1746597e-22)
(0.26512547 -0.0050730642 1.0557672e-20)
(0.32021179 -0.0037195206 -1.2131329e-20)
(0.37714464 -0.0028023281 3.2992015e-21)
(0.43692982 -0.0022154459 2.5714088e-21)
(0.49986424 -0.0017759794 -7.1837718e-22)
(0.56557366 -0.0014034862 -3.1695203e-22)
(0.63322791 -0.0011109281 -1.1471144e-21)
(0.7014794 -0.00091295406 -4.065507e-21)
(0.76844324 -0.00078142005 8.2524586e-21)
(0.83175846 -0.0006510013 -1.392439e-21)
(0.88886199 -0.00046875976 1.7400463e-20)
(0.93764476 -0.00013145857 -7.0096831e-21)
(0.00033237005 -3.8568194e-05 4.7764002e-22)
(0.0012457628 -0.00021219587 -6.0996778e-22)
(0.0028383315 -0.00040827897 1.6476873e-21)
(0.0055951793 -0.00071064227 -9.6079119e-22)
(0.010221688 -0.0011431414 -1.7525696e-22)
(0.017642733 -0.0017298073 -1.7318952e-21)
(0.028951562 -0.002459001 3.4242242e-21)
(0.045243007 -0.0032542235 -1.7974923e-21)
(0.067315928 -0.0039537089 1.719554e-22)
(0.095262965 -0.0043349919 1.1428455e-21)
(0.12840784 -0.004219574 3.5477738e-21)
(0.16559855 -0.0036103366 -3.476105e-21)
(0.20564927 -0.0027491997 1.7677111e-21)
(0.24823186 -0.0020106212 4.2601074e-22)
(0.29395305 -0.0016309692 -1.7257242e-21)
(0.34366948 -0.0015397743 4.2905227e-22)
(0.3976539 -0.0015028163 -6.7396388e-22)
(0.45552639 -0.00136604 1.2410648e-21)
(0.51679024 -0.001139188 -6.0105116e-22)
(0.58089924 -0.00090431486 4.0578193e-22)
(0.64704654 -0.00072073222 2.830129e-22)
(0.71386444 -0.00060226832 -1.5615728e-21)
(0.77940681 -0.0005216682 -1.0171415e-20)
(0.84124587 -0.00042231268 -8.0394884e-21)
(0.89676566 -0.00026676527 -2.7099778e-20)
(0.94356564 -0.00010042845 -5.4266576e-21)
(0.0025719546 -9.8412341e-05 -1.4759953e-22)
(0.0082437326 -0.00050618178 3.2880313e-22)
(0.015398615 -0.00086785076 2.3592115e-22)
(0.024363603 -0.0012824091 1.1503884e-22)
(0.03545543 -0.0016781028 -1.0328153e-21)
(0.048922201 -0.0019927341 3.2819212e-22)
(0.06492505 -0.0021491057 7.4509115e-22)
(0.083573024 -0.0020779337 1.084574e-22)
(0.10491845 -0.0017534571 5.0213588e-22)
(0.12900058 -0.0012325082 -4.4756424e-22)
(0.15613247 -0.00066945943 7.1986276e-23)
(0.18681704 -0.00026813121 -7.0992232e-23)
(0.22165187 -0.00017450446 4.3224238e-23)
(0.261352 -0.00036520672 7.4312682e-23)
(0.30606899 -0.00064396166 2.672537e-22)
(0.35530821 -0.00081073484 -2.0760338e-22)
(0.40851506 -0.00082164852 -2.2694157e-22)
(0.46538083 -0.00073648553 1.2445567e-22)
(0.52563502 -0.00061228497 2.2848731e-22)
(0.58885309 -0.00049053498 -4.8046454e-22)
(0.65421394 -0.00039516362 1.8172916e-21)
(0.72028862 -0.00033524071 3.7783322e-21)
(0.78509725 -0.00029279786 3.5234864e-22)
(0.84617543 -0.00022025775 1.1847427e-20)
(0.90085473 -9.1407572e-05 -1.9201945e-21)
(0.9464561 -9.1539977e-05 2.0043986e-20)
(0.002488461 0.00010015933 2.5133643e-22)
(0.0079865411 0.00051635508 5.4863651e-22)
(0.014954614 0.00088810692 -2.9777541e-22)
(0.02374279 0.0013181102 -1.0985829e-21)
(0.034704806 0.0017346747 2.4904548e-22)
(0.048134832 0.0020738552 1.6104528e-22)
(0.06422639 0.0022518463 -4.4825196e-22)
(0.083099389 0.0021867485 2.329665e-22)
(0.10481006 0.0018368649 -1.2766072e-22)
(0.12930041 0.0012457334 2.4360478e-22)
(0.15670082 0.00056540758 5.170368e-23)
(0.1873573 1.6502544e-05 -1.7424544e-24)
(0.2218915 -0.00022472536 8.4998702e-23)
(0.26120559 -0.00015679472 1.2333666e-22)
(0.30570034 3.0743684e-05 -3.3039839e-22)
(0.35495136 0.00011909985 1.9535839e-22)
(0.40831005 6.3399713e-05 -3.7302205e-22)
(0.46532913 -2.5149677e-05 -5.5985272e-22)
(0.52565994 -6.8266102e-05 2.7495627e-21)
(0.58889075 -6.9569605e-05 -1.9068712e-21)
(0.65423475 -5.5105449e-05 -3.2175881e-21)
(0.72028415 -4.8209173e-05 6.1476294e-21)
(0.785101 -4.4025311e-05 7.7995212e-21)
(0.84622141 1.5818565e-06 -2.3167005e-21)
(0.90096373 0.00015583128 -7.3115338e-21)
(0.94671102 0.00074007721 -4.7581765e-23)
(0.00023491771 2.9220324e-05 8.0776527e-22)
(0.00091916804 0.00016441667 7.5110269e-22)
(0.0021764324 0.00032496471 -1.4288699e-21)
(0.0044421028 0.00058462519 7.4506264e-21)
(0.0083711529 0.00097610345 -2.4022126e-21)
(0.014863078 0.0015371622 -3.1376107e-21)
(0.025051391 0.0022796816 4.2311071e-21)
(0.040178442 0.003156382 -1.0901102e-21)
(0.061321401 0.0040231936 -1.2125382e-20)
(0.088918168 0.0046328108 1.1964899e-20)
(0.12253485 0.0047171063 -1.9668761e-21)
(0.16098214 0.0041523794 -1.4368277e-21)
(0.20257888 0.0030967575 -2.6807305e-21)
(0.24643188 0.0019543153 -5.7865609e-22)
(0.29273506 0.0011297479 2.4274198e-22)
(0.34238194 0.00074852399 1.0411402e-21)
(0.39627563 0.00064567993 2.4267898e-21)
(0.45428366 0.00060440303 1.4258853e-21)
(0.51573243 0.00052547271 -5.3286801e-22)
(0.5799693 0.00042976088 -4.0266292e-21)
(0.64619297 0.00035425937 3.8453822e-21)
(0.71305344 0.00029374322 -5.2869081e-21)
(0.77872523 0.00024489443 -2.6154141e-20)
(0.8407893 0.00024211078 -9.0990226e-21)
(0.89660153 0.00034540323 3.2128749e-20)
(0.94386801 0.00069851854 3.6193442e-20)
(-4.6773557e-05 -9.2990801e-06 -3.7759516e-22)
(-9.4898346e-05 -3.6447335e-05 1.7398349e-22)
(-9.7871952e-05 -4.8644607e-05 -1.896974e-21)
(1.7648703e-05 -4.3464915e-05 2.4417252e-21)
(0.00042445671 9.3997668e-06 1.1723814e-21)
(0.0014911427 0.00016550119 -3.1926865e-21)
(0.0039191921 0.00051740714 1.1876323e-21)
(0.0089147927 0.0011917618 -6.2969627e-21)
(0.018323497 0.0023142743 1.6532006e-20)
(0.03456052 0.0039220541 -1.0837673e-20)
(0.060081859 0.0058358856 -6.6560793e-21)
(0.096437858 0.007565295 7.1807928e-21)
(0.14287245 0.0084177912 -4.1633666e-21)
(0.19656208 0.0079489167 7.6216314e-21)
(0.25412812 0.0063684861 -1.2964815e-21)
(0.31265138 0.0043982095 -1.6638352e-21)
(0.37178155 0.0027679595 -5.6556694e-21)
(0.43246145 0.0017606123 -2.7235311e-21)
(0.49567902 0.0012338207 -6.7055618e-21)
(0.56153122 0.00096172783 1.3868853e-20)
(0.62938771 0.00079818227 -6.9541399e-21)
(0.69786325 0.00067579733 1.0005957e-20)
(0.76524676 0.00057427229 8.9631485e-21)
(0.829186 0.00052076888 -2.5166002e-20)
(0.88706403 0.00058449869 4.3141614e-20)
(0.9364179 0.00090402144 1.9500209e-20)
(-1.9532073e-05 -5.7654925e-06 6.4920024e-22)
(-4.5379635e-05 -2.4071454e-05 -1.0189829e-21)
(-8.3666275e-05 -4.2508053e-05 3.019377e-22)
(-0.0001407227 -7.2005068e-05 3.2141073e-21)
(-0.00021993596 -0.00011530805 2.0146106e-21)
(-0.00029852361 -0.00016999179 6.08001e-21)
(-0.00026531156 -0.00021263653 1.8085472e-21)
(0.0002008845 -0.00017415491 -9.4446477e-21)
(0.0018557935 9.2470521e-05 -1.8573881e-20)
(0.0062614151 0.00083482818 6.9277137e-21)
(0.016136548 0.0023581923 1.6342373e-20)
(0.035360803 0.0048397338 6.5449131e-21)
(0.067974784 0.0080133262 -3.0046426e-20)
(0.11606666 0.010965481 -1.388502e-20)
(0.17767853 0.012437215 1.8421575e-20)
(0.24749483 0.011748783 -9.3849613e-21)
(0.3201117 0.0094056904 -8.6773398e-21)
(0.39169414 0.0065598304 -1.5167183e-20)
(0.46209776 0.0041790023 -1.8655798e-20)
(0.53221084 0.0026246852 -1.8824175e-20)
(0.60298541 0.0017367574 3.2645991e-20)
(0.67391623 0.0012556216 -2.0278998e-20)
(0.74380137 0.00097560476 1.243347e-20)
(0.81048813 0.00081492787 -1.2088338e-20)
(0.87145719 0.00079253243 -9.698418e-20)
(0.92423005 0.0010634135 4.4770336e-20)
(-6.4109638e-06 -2.5639194e-06 -5.0632841e-22)
(-1.3108828e-05 -9.7162333e-06 -1.3038628e-21)
(-2.5012695e-05 -1.7473939e-05 4.866411e-22)
(-4.6009738e-05 -3.1647529e-05 8.5902151e-22)
(-8.47791e-05 -5.6992285e-05 2.1587546e-21)
(-0.00015487436 -0.00010163246 -5.2841244e-21)
(-0.00027329101 -0.00017626594 -1.0594082e-20)
(-0.00044439867 -0.00028963831 2.7924143e-20)
(-0.00061029467 -0.00042848151 -7.6741942e-22)
(-0.00044192057 -0.00050232443 -4.5537856e-20)
(0.0010567945 -0.00026660124 1.1563064e-20)
(0.0060944991 0.00071679658 3.6492097e-20)
(0.018771546 0.0029786994 9.0363729e-21)
(0.044795749 0.0067423545 -7.0531353e-20)
(0.089236012 0.011339621 9.8081504e-21)
(0.15298272 0.015122914 -2.183906e-20)
(0.23106626 0.016424109 5.706704e-20)
(0.31545873 0.014911319 4.188417e-20)
(0.40045028 0.011711496 -2.1879241e-20)
(0.48226566 0.0082795557 2.8408769e-20)
(0.56131925 0.0054879262 2.2324667e-20)
(0.63795575 0.0035976884 4.6631709e-20)
(0.71229958 0.0023968985 -4.1507222e-21)
(0.78310298 0.0016590641 7.9171407e-20)
(0.84839259 0.0012523265 1.2822801e-20)
(0.90580422 0.0013040859 1.2445108e-20)
(-2.6539468e-06 -1.396456e-06 1.1191122e-21)
(-4.6807363e-06 -4.7168034e-06 -9.8281104e-22)
(-8.7270754e-06 -8.2675426e-06 -9.4514037e-22)
(-1.5750609e-05 -1.4762829e-05 -2.1231892e-21)
(-2.8835178e-05 -2.6494461e-05 4.6549801e-21)
(-5.3530025e-05 -4.7973372e-05 -1.079655e-21)
(-0.00010070804 -8.7515407e-05 -9.0711606e-21)
(-0.00019083842 -0.0001597978 1.3100672e-20)
(-0.00035773628 -0.00028675625 -6.5354285e-21)
(-0.00062702931 -0.00049081451 2.6778109e-21)
(-0.00095537417 -0.00075806821 -2.0197156e-20)
(-0.00087377584 -0.00092778824 1.4463484e-20)
(0.0012244754 -0.0005513475 -2.6443766e-20)
(0.0088421165 0.0011102525 1.2527312e-19)
(0.028131309 0.0047387934 -8.6939305e-20)
(0.066200627 0.010174383 -4.7938441e-20)
(0.12699679 0.015853258 -9.4438818e-21)
(0.20766476 0.019538046 -8.488783e-20)
(0.30003371 0.019974556 1.0944647e-19)
(0.39542949 0.017679202 9.3504872e-21)
(0.48901684 0.014119252 -3.9130089e-20)
(0.57781076 0.01059304 -1.3218534e-19)
(0.66175736 0.0076726402 -1.5061596e-19)
(0.74050195 0.0055019619 8.8698537e-21)
(0.81300672 0.0039837647 -5.1172791e-20)
(0.87760737 0.003260994 6.2705512e-20)
(-1.2419058e-06 -8.6341928e-07 -3.930453e-22)
(-1.9387263e-06 -2.6471197e-06 1.1127137e-21)
(-3.615691e-06 -4.5866887e-06 3.7354721e-22)
(-6.4228907e-06 -8.0909928e-06 -3.0304446e-21)
(-1.1533767e-05 -1.4308835e-05 1.6206425e-21)
(-2.0920558e-05 -2.5464548e-05 2.326539e-21)
(-3.8485429e-05 -4.5700563e-05 5.6753069e-22)
(-7.2126734e-05 -8.288877e-05 9.5201407e-21)
(-0.00013812589 -0.00015196437 -5.2393202e-22)
(-0.0002688901 -0.00027983934 -1.2896561e-20)
(-0.00052230248 -0.00050686832 -1.3686925e-20)
(-0.00094527709 -0.0008676475 2.9459693e-20)
(-0.0014292151 -0.0013004887 -2.8001553e-20)
(-0.0010259499 -0.0014405967 2.8741664e-20)
(0.0031775444 -0.00047561318 -4.5780975e-20)
(0.016652917 0.0025881363 6.1524834e-20)
(0.047433524 0.0081140295 -1.068209e-20)
(0.10160752 0.014976843 5.1739747e-20)
(0.17899512 0.020879288 -6.6942796e-20)
(0.27294871 0.023922865 -9.3230152e-20)
(0.37434293 0.023850794 -1.2822841e-19)
(0.4761381 0.021652277 -9.5933134e-23)
(0.57389858 0.018554523 2.7876388e-19)
(0.66548413 0.015434989 1.1486865e-19)
(0.74960245 0.012731089 -1.3789095e-19)
(0.82536691 0.010900443 2.4994499e-19)
(-5.9542232e-07 -5.613494e-07 3.7373275e-22)
(-8.4255085e-07 -1.5901299e-06 -5.7248614e-22)
(-1.5923029e-06 -2.7497207e-06 1.8583004e-22)
(-2.8090401e-06 -4.8235496e-06 1.7995109e-21)
(-5.0052462e-06 -8.4708975e-06 1.086261e-21)
(-8.9782738e-06 -1.4927541e-05 3.2556375e-21)
(-1.6258694e-05 -2.6426576e-05 -6.8232859e-21)
(-2.9823205e-05 -4.7077757e-05 5.0558328e-21)
(-5.5662938e-05 -8.4587877e-05 3.1327392e-21)
(-0.00010632516 -0.00015365865 -1.3568842e-20)
(-0.00020887392 -0.00028215844 -1.2512073e-20)
(-0.00041866742 -0.00051855408 6.6778899e-21)
(-0.00083168456 -0.00092574686 4.1454537e-20)
(-0.0014859117 -0.0015123587 -1.4340618e-20)
(-0.0019463094 -0.0020229967 3.2334411e-20)
(-8.3834768e-05 -0.0016992428 -3.7111418e-20)
(0.008816691 0.00060865458 -1.2950325e-19)
(0.03220869 0.0056813635 1.6331995e-19)
(0.077145831 0.012977826 -7.5276602e-20)
(0.14587929 0.020599208 1.1887665e-19)
(0.2338617 0.026540366 1.3436274e-19)
(0.33349664 0.029772122 -1.7290795e-19)
(0.43680853 0.03054108 -8.4512303e-21)
(0.53866449 0.029623267 1.6028268e-19)
(0.63470716 0.027788363 6.9812647e-19)
(0.72350454 0.025951845 -2.9081868e-19)
(-2.6675044e-07 -3.6145606e-07 -1.4425186e-22)
(-3.5207596e-07 -9.643921e-07 6.435303e-23)
(-6.7800483e-07 -1.6728696e-06 -7.0731839e-22)
(-1.1951914e-06 -2.9291901e-06 -6.940641e-22)
(-2.1301494e-06 -5.1339612e-06 4.3358922e-22)
(-3.8172114e-06 -9.0192099e-06 1.5436082e-21)
(-6.8925293e-06 -1.5888647e-05 -3.1535917e-21)
(-1.2560226e-05 -2.808274e-05 6.6381833e-21)
(-2.3164097e-05 -4.9830005e-05 -4.4203058e-21)
(-4.3352422e-05 -8.8835859e-05 2.6775542e-21)
(-8.2698437e-05 -0.00015933061 -5.5302326e-21)
(-0.00016202891 -0.00028780876 4.8244286e-21)
(-0.00032850333 -0.00052181953 -8.2166691e-21)
(-0.00067893529 -0.00093052437 1.481512e-20)
(-0.0013372894 -0.0015533255 -5.8028054e-21)
(-0.0021499264 -0.0022167011 -3.7749646e-21)
(-0.0018941829 -0.0022674233 1.0096635e-19)
(0.0032316972 -0.00058270125 -5.2804203e-20)
(0.019196757 0.0038462363 -7.3234085e-21)
(0.052844629 0.011045206 2.1834987e-19)
(0.10740659 0.019794388 -5.5631513e-20)
(0.18147418 0.028163106 -3.2603569e-19)
(0.26912065 0.034710391 -8.3911709e-20)
(0.36486872 0.038826599 2.4595533e-19)
(0.46262162 0.040509955 -4.3189428e-19)
(0.55831362 0.040620717 4.3266181e-19)
(-1.546889e-08 1.1765565e-07 1.8864913e-22)
(-2.648449e-08 2.8592325e-07 1.7066985e-22)
(-8.4274731e-08 4.8822627e-07 -3.9541218e-22)
(-2.0944872e-07 8.2408054e-07 2.0361918e-21)
(-4.8843641e-07 1.3759164e-06 -5.9831598e-22)
(-1.1183989e-06 2.2625637e-06 -9.8881579e-22)
(-2.5387665e-06 3.6373818e-06 -1.5353038e-21)
(-5.7349357e-06 5.6473754e-06 4.7313143e-21)
(-1.2921988e-05 8.2841157e-06 -8.4452164e-21)
(-2.8925807e-05 1.0966742e-05 4.1339143e-21)
(-6.4072344e-05 1.1472981e-05 3.6398137e-22)
(-0.00014013382 3.4091209e-06 1.30753e-20)
(-0.00030088893 -2.9283991e-05 -2.3311767e-20)
(-0.00063017288 -0.00012237226 4.7677007e-21)
(-0.0012783784 -0.00033964142 1.4694013e-20)
(-0.0024950687 -0.00073527884 -6.1410967e-20)
(-0.0042491638 -0.0012166048 7.4521526e-20)
(-0.0058940896 -0.0012976919 -2.0292124e-20)
(-0.004835132 -4.7254171e-05 -5.9708512e-20)
(0.0034821222 0.0034686516 5.4022608e-20)
(0.024362622 0.0093629308 5.5517246e-20)
(0.062509476 0.016716783 -4.3645333e-20)
(0.11803712 0.024198456 3.8914783e-19)
(0.18947722 0.030450787 1.92377e-19)
(0.27302751 0.034584046 -8.379661e-19)
(0.36310911 0.036926053 5.457559e-20)
(6.2281158e-08 -7.6613128e-06 1.0771459e-22)
(9.3781113e-08 -1.900869e-05 -7.8863536e-23)
(2.0514997e-07 -3.2945957e-05 -6.3321748e-23)
(3.7970017e-07 -5.7053014e-05 -1.3269574e-23)
(7.2173017e-07 -9.8687823e-05 6.8644781e-23)
(1.392182e-06 -0.00017044304 7.4221379e-23)
(2.7118297e-06 -0.00029376077 -6.5395038e-22)
(5.3378566e-06 -0.0005048843 1.0785029e-23)
(1.0590868e-05 -0.0008644574 -8.180102e-23)
(2.1079621e-05 -0.0014725288 -2.2275519e-21)
(4.1774836e-05 -0.0024909362 -1.4064527e-22)
(8.1526563e-05 -0.0041744296 1.0555116e-20)
(0.00015429514 -0.0069094112 -6.2425386e-21)
(0.0002773139 -0.011254085 -4.7885133e-21)
(0.00044968775 -0.017968197 1.4941515e-20)
(0.00061536224 -0.028016858 -2.7883698e-20)
(0.00057870161 -0.042490919 3.4459014e-20)
(3.3617436e-05 -0.062388268 -1.0095138e-20)
(-0.00092052264 -0.088228636 -4.829819e-20)
(-0.00090264484 -0.11953251 1.3737172e-19)
(0.0039893742 -0.154216 5.2262579e-20)
(0.017400887 -0.18883666 1.9091468e-19)
(0.04357741 -0.22003088 -4.802847e-19)
(0.085418795 -0.24448728 -6.8062872e-19)
(0.14171082 -0.25944439 1.9351049e-19)
(0.20628183 -0.26390925 -1.5624299e-19)
(0.17591358 0.2501956 -1.2114609e-19)
(0.22260359 0.22633571 1.2175785e-19)
(0.27293591 0.20772535 1.354444e-19)
(0.31482975 0.18762424 -9.7342378e-20)
(0.35629551 0.17079732 -1.3854872e-19)
(0.39419016 0.15476227 2.1214372e-19)
(0.42983783 0.14072188 -2.0740688e-20)
(0.46404447 0.12750005 7.8501174e-20)
(0.49509906 0.11679575 4.9626308e-20)
(0.52674031 0.10536238 -1.4750788e-19)
(0.237919 -0.018815485 -2.6263331e-19)
(0.28218769 -0.018221625 8.52248e-20)
(0.32903024 -0.016602552 5.3271588e-20)
(0.36928899 -0.015209857 2.0337114e-19)
(0.40832483 -0.013965038 2.0153929e-19)
(0.44429505 -0.012776425 -5.4222525e-19)
(0.47754072 -0.01167974 1.2825938e-19)
(0.5091886 -0.010695368 -1.6121438e-19)
(0.53697493 -0.0096301161 -2.9689901e-20)
(0.56535165 -0.0090711102 1.3787813e-19)
(0.35213688 -0.028090494 3.8006303e-19)
(0.39175854 -0.027116443 -4.0736907e-19)
(0.43463102 -0.024764498 -1.2991033e-19)
(0.47132767 -0.022724368 -1.6757298e-19)
(0.50633995 -0.020948309 6.8232612e-22)
(0.53839946 -0.019232716 2.7383527e-19)
(0.56726072 -0.017674318 -6.3793191e-20)
(0.59417719 -0.016262323 -1.5334497e-19)
(0.61612591 -0.014809673 1.1651795e-19)
(0.63908296 -0.013956311 -9.0790221e-20)
(0.49129542 -0.028099855 1.2415013e-19)
(0.5255275 -0.027084059 1.7866229e-19)
(0.56387222 -0.024745297 -4.5497242e-20)
(0.59659683 -0.022767598 2.4251339e-19)
(0.62703422 -0.021078062 1.0508461e-19)
(0.65447097 -0.019439955 1.1276737e-19)
(0.67831667 -0.017977761 -9.3826861e-20)
(0.69980384 -0.016648434 1.0478979e-19)
(0.7154549 -0.015370527 -4.1633225e-20)
(0.73238206 -0.014530269 1.4609049e-19)
(0.62540707 -0.022705524 -1.8566424e-19)
(0.65431892 -0.02182591 -1.7520274e-19)
(0.68831046 -0.019892474 1.7432458e-19)
(0.71712288 -0.018337421 -8.3835438e-20)
(0.74323541 -0.017026345 -1.2979339e-19)
(0.76634516 -0.015758221 2.0160539e-20)
(0.78570844 -0.014663976 1.4090662e-19)
(0.80247819 -0.013668425 1.1596803e-19)
(0.81318901 -0.012834012 -8.2760003e-21)
(0.82517435 -0.01215741 -4.7892579e-20)
(0.73236586 -0.015387713 -1.0037482e-19)
(0.75736459 -0.014719147 8.7669671e-20)
(0.78764888 -0.013339629 -1.4619607e-19)
(0.81317322 -0.01231677 -1.701997e-19)
(0.83570406 -0.011450265 1.0485885e-19)
(0.85528179 -0.010608946 -1.4578473e-19)
(0.87123329 -0.0099204574 -4.8779719e-20)
(0.88460382 -0.0092876948 -4.2050623e-21)
(0.89243466 -0.0088964366 -7.1705482e-20)
(0.9013353 -0.0083949704 -3.5409111e-20)
(0.80697258 -0.0091712445 -1.5399189e-20)
(0.82971176 -0.0086826065 1.3287598e-19)
(0.8571458 -0.0077498068 5.3263183e-20)
(0.88005022 -0.0071498022 -1.1183398e-20)
(0.89969453 -0.0066150774 -5.8655265e-20)
(0.91643573 -0.006091669 4.9043983e-20)
(0.92983644 -0.0056936491 1.2842893e-20)
(0.94084294 -0.0053164252 -2.1962965e-20)
(0.9473061 -0.0052059861 5.4019331e-20)
(0.95450802 -0.0048233707 -8.0010247e-21)
(0.85644281 -0.0052211756 9.0495656e-20)
(0.87807458 -0.0048259269 -2.5652356e-20)
(0.9032212 -0.0041317881 -4.9601541e-21)
(0.92385114 -0.0037669685 4.2386882e-20)
(0.94095957 -0.0034108133 -1.9129072e-20)
(0.95521704 -0.0030685458 -1.5995276e-20)
(0.96649309 -0.002829803 2.0197566e-20)
(0.9756407 -0.0025934149 -3.2213331e-20)
(0.98133193 -0.0025981344 3.6815362e-21)
(0.9873903 -0.0022913262 5.5282338e-21)
(0.89058779 -0.0031381797 -2.0254068e-20)
(0.91156994 -0.002758065 -2.800303e-20)
(0.93455163 -0.0021457494 4.2967498e-20)
(0.95291746 -0.001880398 -2.0185343e-20)
(0.96759869 -0.0016116169 7.4246304e-20)
(0.97956333 -0.0013721531 -4.4800373e-20)
(0.98895229 -0.0012195829 -5.9618749e-20)
(0.99649522 -0.0010616826 -1.6572031e-20)
(1.0014872 -0.0010909697 5.8552662e-20)
(1.0064951 -0.000846514 -3.8129518e-20)
(0.91590148 -0.0020786193 -9.8119466e-22)
(0.93626398 -0.0016651925 -2.9163888e-20)
(0.95696693 -0.0010764496 -1.784703e-20)
(0.97300694 -0.00086481979 -1.3368088e-19)
(0.9854191 -0.00066472392 -5.6875123e-20)
(0.99538402 -0.00050494977 3.0060702e-20)
(1.0031865 -0.00041186451 5.5454972e-20)
(1.0093782 -0.00030652027 -2.5580237e-20)
(1.0136439 -0.00033031897 -7.8338073e-20)
(1.0176206 -0.00014005453 4.8922511e-20)
(0.9354592 -0.0014673291 -4.3586087e-20)
(0.95506063 -0.00098926302 -4.5211394e-20)
(0.97338214 -0.00044074955 5.0142389e-20)
(0.98721986 -0.00029414168 2.3568407e-20)
(0.99773968 -0.00017146326 5.0109631e-20)
(1.0061496 -8.0845839e-05 -1.877752e-20)
(1.0127211 -2.9337697e-05 -4.1545602e-20)
(1.0178047 4.2510854e-05 1.534994e-19)
(1.0213374 3.1684346e-05 -2.6457906e-20)
(1.0243334 0.00018334811 -3.8225336e-20)
(0.95068719 -0.0010477261 1.195278e-20)
(0.9693185 -0.00049150121 1.8721187e-19)
(0.98534449 -3.9792131e-05 6.4476758e-21)
(0.99738239 2.1486764e-05 6.6722828e-20)
(1.0065419 7.2234934e-05 5.4714407e-20)
(1.0138372 0.00011680636 9.1533448e-20)
(1.0194375 0.00014968279 4.9192185e-20)
(1.0235509 0.00020580494 -1.0599731e-19)
(1.0263401 0.00020934248 -5.3339389e-20)
(1.0284224 0.0003371623 -1.7254265e-21)
(0.96236648 -0.00074692761 4.1415674e-20)
(0.97988758 -0.00011831716 -4.3361358e-20)
(0.99399056 0.00018310571 -9.4897883e-21)
(1.0048169 0.0001668633 -5.5212337e-20)
(1.013106 0.00017767159 1.1671581e-19)
(1.0195553 0.0002069288 -8.9667814e-20)
(1.0242716 0.00023988885 1.445485e-20)
(1.0274499 0.00028857558 6.8860731e-20)
(1.0294933 0.00030280879 1.5391468e-19)
(1.0307473 0.0004107178 -1.6055979e-20)
(0.97085005 -0.00061463698 -1.2339626e-20)
(0.98742735 8.3972202e-05 -1.6127142e-19)
(1.0002611 0.00024383166 -2.7977797e-20)
(1.0104687 0.00020259689 7.3532187e-21)
(1.0181828 0.00021937095 -1.98504e-19)
(1.0238535 0.00025508721 -2.897899e-20)
(1.0276637 0.00029265211 -3.0633637e-20)
(1.0299288 0.0003306097 -2.8734585e-20)
(1.0312665 0.00034920833 -8.3128096e-20)
(1.0317579 0.00043845168 4.4475813e-20)
(0.97614588 -0.00055091439 9.4883923e-20)
(0.99239635 0.00020196833 1.3901085e-19)
(1.0048508 0.00026934497 2.9697312e-20)
(1.0149056 0.00023670649 -5.6088148e-20)
(1.0221427 0.000267419 -2.2137972e-20)
(1.0269977 0.00030099703 5.7216276e-20)
(1.0298809 0.00032907867 8.3602178e-20)
(1.031309 0.0003504709 -4.0983112e-20)
(1.0319779 0.00036639717 4.2250591e-20)
(1.0319467 0.00043710968 -5.4479997e-20)
(0.97931903 0.00028890677 -9.2881536e-20)
(0.99583675 0.00098058681 9.8763817e-21)
(1.008645 0.00077772445 7.5149226e-20)
(1.0186561 0.0005435598 1.3070021e-19)
(1.0252787 0.00044722343 1.0162524e-19)
(1.0292317 0.00040604981 1.6937463e-20)
(1.0312022 0.00038099321 -1.0601511e-19)
(1.03191 0.00037580201 4.6325785e-20)
(1.032088 0.00038346442 7.2053943e-20)
(1.0317646 0.00042811187 3.9537114e-20)
(0.55444661 0.10030231 0)
(0.57942033 0.0914007 0)
(0.60772062 0.085116759 0)
(0.63428707 0.07636475 0)
(0.66072762 0.067059141 0)
(0.68616281 0.057400886 0)
(0.71005161 0.047467824 0)
(0.73230349 0.036892533 0)
(0.75116116 0.025971878 0)
(0.76686424 0.010344188 0)
(0.58728912 -0.007586642 0)
(0.60685732 -0.006641712 0)
(0.62992988 -0.0054866248 0)
(0.65260728 -0.004412338 0)
(0.6754045 -0.0035361843 0)
(0.69788039 -0.0027672315 0)
(0.7193675 -0.0021244767 0)
(0.73966063 -0.0015637679 0)
(0.75704505 -0.0010793579 0)
(0.77211566 -0.00043867901 0)
(0.65115116 -0.011971269 0)
(0.66032603 -0.010726528 0)
(0.67406006 -0.0091266849 0)
(0.6888075 -0.0075062435 0)
(0.70467797 -0.0061221546 0)
(0.72133962 -0.0048720555 0)
(0.73804704 -0.0037926606 0)
(0.75444506 -0.0028221773 0)
(0.76887996 -0.0019761031 0)
(0.78202673 -0.0008139684 0)
(0.73437288 -0.013054156 0)
(0.73212327 -0.012055661 0)
(0.73486616 -0.010645073 0)
(0.73972197 -0.0090263268 0)
(0.7466945 -0.0075448375 0)
(0.75561153 -0.0061381111 0)
(0.7657694 -0.0048660913 0)
(0.77670163 -0.0036727467 0)
(0.78693022 -0.0026126265 0)
(0.79687078 -0.0010896546 0)
(0.82060483 -0.011709789 0)
(0.80995466 -0.011229879 0)
(0.80345545 -0.010420288 0)
(0.7991527 -0.0092226756 0)
(0.79726048 -0.0079884446 0)
(0.79796972 -0.0067046725 0)
(0.80083312 -0.0054548509 0)
(0.80542045 -0.0042018714 0)
(0.8106242 -0.0030463394 0)
(0.81639348 -0.001286647 0)
(0.89490472 -0.0089144668 0)
(0.88110386 -0.0088961174 0)
(0.86963691 -0.0087815981 0)
(0.85931591 -0.0082142106 0)
(0.85067384 -0.0074566322 0)
(0.84439913 -0.0065200721 0)
(0.84051254 -0.0054897237 0)
(0.83882057 -0.0043446827 0)
(0.83881421 -0.0032214889 0)
(0.83993541 -0.0013780191 0)
(0.94950559 -0.0058597855 0)
(0.93710751 -0.0060447057 0)
(0.92526317 -0.0064196901 0)
(0.9130363 -0.006422332 0)
(0.90104532 -0.0061768891 0)
(0.89033956 -0.0056842346 0)
(0.88144255 -0.0049968 0)
(0.87452673 -0.0040918312 0)
(0.86985008 -0.0031135309 0)
(0.86644535 -0.0013484629 0)
(0.98475163 -0.00336794 0)
(0.97585588 -0.0035108714 0)
(0.9665512 -0.0040567785 0)
(0.95574586 -0.0043914563 0)
(0.94377186 -0.004520511 0)
(0.93165818 -0.0044234763 0)
(0.9202045 -0.0040973091 0)
(0.90989046 -0.0034975028 0)
(0.90174357 -0.0027380479 0)
(0.89455281 -0.0011986764 0)
(1.0056389 -0.0016925923 0)
(1.0001466 -0.0016866705 0)
(0.99412251 -0.0021617466 0)
(0.98629976 -0.0025732176 0)
(0.97655769 -0.0028665032 0)
(0.96555005 -0.0030186856 0)
(0.95399022 -0.0029771466 0)
(0.94242139 -0.0026708209 0)
(0.93242737 -0.002151839 0)
(0.92271078 -0.00094736783 0)
(1.0176548 -0.00069904527 0)
(1.0145281 -0.00056114364 0)
(1.0111417 -0.0008705466 0)
(1.0062776 -0.0011990616 0)
(0.99949692 -0.0014811268 0)
(0.99098732 -0.0017178594 0)
(0.98111921 -0.0018349642 0)
(0.97021962 -0.0017506637 0)
(0.96006433 -0.0014438278 0)
(0.94937697 -0.00062951848 0)
(1.0246551 -0.00014216592 0)
(1.0229016 6.4813486e-05 0)
(1.021162 -9.0854783e-05 0)
(1.0184617 -0.00028888419 0)
(1.0142953 -0.00047156058 0)
(1.0085407 -0.00067450784 0)
(1.0012078 -0.00083008653 0)
(0.99226885 -0.00087161518 0)
(0.98332934 -0.00071664782 0)
(0.97320427 -0.00029023231 0)
(1.0287545 0.00017106468 0)
(1.0277518 0.00039412885 0)
(1.0268996 0.00034261435 0)
(1.0255159 0.0002551392 0)
(1.0232014 0.00018304785 0)
(1.0197425 6.4894628e-05 0)
(1.0149447 -5.136203e-05 0)
(1.0084859 -0.00013330806 0)
(1.0015833 -6.3457629e-05 0)
(0.99321562 2.4935748e-05 0)
(1.0309927 0.00035114281 0)
(1.0304223 0.00056116357 0)
(1.0300354 0.00056866939 0)
(1.0293859 0.00055307945 0)
(1.0282216 0.00056395139 0)
(1.0263748 0.00053018358 0)
(1.0236221 0.00048194584 0)
(1.0195248 0.00041378705 0)
(1.0148783 0.00044992043 0)
(1.0089236 0.00027945398 0)
(1.0318996 0.00044942154 0)
(1.0316445 0.00063038017 0)
(1.031545 0.00067076133 0)
(1.0313093 0.00069803603 0)
(1.0308165 0.00075905672 0)
(1.0299846 0.00078633579 0)
(1.0286545 0.00080020109 0)
(1.0264393 0.000766494 0)
(1.0238019 0.00079526689 0)
(1.0203398 0.00045320525 0)
(1.0320967 0.00048759053 0)
(1.0320187 0.00064096745 0)
(1.0320725 0.00070336797 0)
(1.0320501 0.00075800505 0)
(1.03194 0.00084541809 0)
(1.0317105 0.00091097639 0)
(1.0312572 0.00096940952 0)
(1.0303478 0.00096924155 0)
(1.0292287 0.0009960078 0)
(1.0278785 0.00055364288 0)
(1.0318502 0.00048596532 0)
(1.0318905 0.00062321935 0)
(1.0320102 0.00070281019 0)
(1.0321077 0.00077571605 0)
(1.0321951 0.00087631734 0)
(1.0322851 0.00096551728 0)
(1.0323121 0.0010522843 0)
(1.0322087 0.0010760166 0)
(1.0320674 0.0010940789 0)
(1.0321968 0.0005991665 0)
(0.98116006 0.00087680829 -2.9272441e-20)
(1.0095329 0.0003249694 8.7621364e-21)
(1.0283539 0.00045676598 2.8061601e-20)
(1.0291153 0.00040241364 5.2359673e-20)
(1.0129476 0.00063091416 5.9926236e-20)
(0.99217273 0.00058747082 8.809781e-20)
(0.98097458 0.00082808507 3.7488911e-20)
(1.0101245 0.00050649385 -4.9256404e-20)
(1.0281601 0.00056368816 -3.3561939e-20)
(1.0289264 0.00045158102 2.3842763e-19)
(1.0135777 0.00073696186 1.6203413e-19)
(0.99440085 0.00057071916 1.1821233e-18)
(0.97456622 0.00098799845 1.6138397e-20)
(1.0067067 0.00058365887 -6.2730887e-20)
(1.0272629 0.00062387592 2.931413e-19)
(1.0292259 0.00054935047 -1.6396195e-20)
(1.0146011 0.00091185041 -3.0397149e-19)
(0.99712586 0.0005900733 2.136472e-18)
(0.96570511 0.001163887 -4.4053603e-20)
(1.0017983 0.00068888534 -4.9359101e-20)
(1.0255359 0.0006138285 -4.4786195e-19)
(1.0292276 0.00064587169 -5.3177954e-19)
(1.0158702 0.0010679352 -3.8803941e-19)
(0.99995121 0.00066548635 3.4802816e-18)
(0.95201442 0.0012685811 1.0109357e-19)
(0.99420099 0.00061300129 4.219427e-19)
(1.0234692 0.00025788553 2.5606344e-19)
(1.0296256 0.00054428315 1.3858682e-19)
(1.0180424 0.00102371 3.241857e-19)
(1.0035393 0.00084567622 -6.1134273e-18)
(0.93121965 0.002643755 9.9591688e-20)
(0.98236789 0.0017262683 5.5173542e-20)
(1.0204026 0.00082772258 -1.6779176e-20)
(1.0305948 0.0010090164 -4.7311389e-20)
(1.021155 0.001405062 2.4170317e-18)
(1.0081442 0.0016408342 -1.2939742e-20)
(0.89061768 0.0092709395 -2.2498054e-19)
(0.95490597 0.0084080927 -9.3135783e-20)
(1.0062899 0.0064678616 -4.8860991e-19)
(1.0260721 0.0050416337 -5.1013471e-19)
(1.020752 0.0040044604 8.7195126e-19)
(1.0116985 0.0038623104 3.0754838e-18)
(0.80383044 0.024000356 5.1904901e-19)
(0.88729849 0.024207064 -1.2177567e-18)
(0.9621184 0.019984569 2.4894865e-18)
(1.001919 0.014402432 -2.3930966e-19)
(1.0115158 0.0092626259 5.8558639e-19)
(1.0129817 0.0079055515 -4.8487096e-18)
(0.65112968 0.040072254 -1.906282e-19)
(0.75952923 0.042299024 2.9575861e-18)
(0.87524055 0.035142472 -2.2093566e-18)
(0.95534709 0.024415714 9.2413737e-18)
(0.99276909 0.014410836 1.3052315e-18)
(1.0046301 0.011906289 3.83399e-18)
(0.4575558 0.03857698 -1.54308e-18)
(0.58830697 0.042227068 -1.8678823e-18)
(0.75273354 0.036243281 -1.8418197e-18)
(0.8862656 0.025828702 -8.1545398e-18)
(0.96355966 0.015358833 -1.297519e-17)
(0.99754966 0.012600951 -7.2658663e-18)
(0.28335198 -0.25873194 2.1539912e-18)
(0.40446743 -0.28646384 -6.939476e-19)
(0.5855871 -0.24465564 3.6418789e-18)
(0.76966886 -0.16956916 -4.5559608e-18)
(0.90138626 -0.10115896 8.4966364e-18)
(0.97680843 -0.045554201 6.8445538e-19)
(0.98984268 0.00066821222 -3.1915579e-20)
(1.0042576 0.00076284587 -8.3651872e-20)
(1.0156358 0.00059472106 -1.1529371e-19)
(1.0236551 0.0003961298 -2.3012936e-20)
(1.0284408 0.00035134681 -3.7821054e-20)
(1.0310074 0.00034937893 -1.9324553e-21)
(1.031951 0.00033231838 -5.2831455e-20)
(1.0321067 0.00032375957 -4.199998e-20)
(1.0320016 0.00032629848 -8.236864e-20)
(1.0314332 0.00033510805 -5.6121325e-20)
(1.0139407 0.00041067643 4.4731775e-21)
(1.0227184 0.00031663364 5.5397887e-20)
(1.027962 0.0002876618 -1.3530084e-21)
(1.0303837 0.00031447081 1.6920061e-20)
(1.0316507 0.00039055373 -1.0567161e-20)
(1.0322417 0.00043142176 -4.9249156e-20)
(1.0322044 0.00043015996 5.7191846e-20)
(1.0318926 0.00042111429 5.8808506e-20)
(1.0314703 0.00042868591 3.6366572e-20)
(1.0306435 0.00042428579 3.9807099e-20)
(1.0288953 0.00042697613 1.5494678e-22)
(1.0310863 0.00032394653 -3.5946299e-21)
(1.0317241 0.00033852707 5.5412142e-21)
(1.0316985 0.0003850163 -3.5099245e-20)
(1.0316221 0.00037255347 -1.4556424e-21)
(1.0312776 0.00033811406 5.3757373e-21)
(1.0306864 0.00032449117 -7.9587456e-23)
(1.0299505 0.00032532708 -1.8923411e-20)
(1.0292603 0.00034267239 -2.9649666e-20)
(1.0282657 0.00035223779 3.1039272e-21)
(1.0286642 0.00019097583 3.8627255e-21)
(1.0283765 0.00014252386 7.5677008e-22)
(1.0278071 0.00013466868 3.3956921e-21)
(1.0271113 0.0001402453 7.8210069e-21)
(1.0263799 0.00014031866 1.3676109e-21)
(1.0255585 0.00014773527 1.2237547e-20)
(1.0246785 0.00016532417 -2.3492418e-21)
(1.0237495 0.00018443341 -4.102225e-21)
(1.0229157 0.00020739873 -1.2233956e-21)
(1.0218408 0.00023185805 -6.456151e-21)
(1.0127062 0.00011145593 -1.7749079e-21)
(1.0120628 0.00011184064 -1.4561413e-21)
(1.0115285 0.00012626934 -1.3366854e-21)
(1.0109762 0.00014304147 -1.6315339e-21)
(1.0103466 0.00015994308 6.1677121e-22)
(1.0096791 0.00017919197 1.8728989e-21)
(1.0090018 0.00020110876 -5.4386065e-22)
(1.0082883 0.0002244374 1.0766293e-21)
(1.0076488 0.00024981181 2.4773591e-21)
(1.0068091 0.00027265335 2.1862264e-21)
(0.99051329 8.560893e-05 8.8917378e-22)
(0.99017993 9.0491704e-05 -3.0382085e-20)
(0.9897478 0.00010183476 5.2381692e-20)
(0.98927296 0.00011369239 -3.048638e-20)
(0.98875942 0.00012697565 -6.6263548e-21)
(0.98819384 0.00014102308 1.9937005e-20)
(0.98757972 0.00015537231 -8.0097211e-20)
(0.98689793 0.0001696582 1.0494266e-19)
(0.98619447 0.00018358953 -1.3452384e-20)
(0.98535818 0.00019394011 -1.607411e-20)
(1.0314006 0.00041901594 0)
(1.0314814 0.00051998201 0)
(1.0316241 0.00058531921 0)
(1.0317714 0.00064195804 0)
(1.0319411 0.0007150712 0)
(1.0321511 0.000779539 0)
(1.0323937 0.0008403063 0)
(1.0326423 0.00084952792 0)
(1.0329239 0.00083664088 0)
(1.033722 0.00044457161 0)
(1.030516 0.00045620522 0)
(1.0306506 0.00057217197 0)
(1.0308202 0.0006718972 0)
(1.0309983 0.0007697878 0)
(1.0312261 0.00089020906 0)
(1.0315209 0.0010070594 0)
(1.0319123 0.0011227799 0)
(1.0324095 0.0011724406 0)
(1.0329991 0.0011613014 0)
(1.0342749 0.00062283572 0)
(1.0280635 0.00034197208 0)
(1.0282023 0.00042017999 0)
(1.0283492 0.00049988691 0)
(1.0285034 0.00058352201 0)
(1.0287274 0.00068052376 0)
(1.0290412 0.0007761014 0)
(1.0294542 0.00086508862 0)
(1.0300617 0.00090408536 0)
(1.0307544 0.0008446961 0)
(1.0321345 0.00043477462 0)
(1.0216023 0.00021337566 0)
(1.0217047 0.00025618227 0)
(1.0217823 0.00030533055 0)
(1.0218494 0.00036032357 0)
(1.0219701 0.00041774531 0)
(1.0221521 0.00046945753 0)
(1.0223952 0.00050380292 0)
(1.0227523 0.0004988809 0)
(1.0231528 0.00039425424 0)
(1.0237642 0.00017777378 0)
(1.0066208 0.00023523131 0)
(1.0066303 0.00027536002 0)
(1.0065968 0.00032469232 0)
(1.0065323 0.00037864306 0)
(1.0064626 0.00042935859 0)
(1.0063702 0.00047009282 0)
(1.0062529 0.00048541517 0)
(1.0060845 0.00046318696 0)
(1.0059473 0.00032656655 0)
(1.0056658 0.00019861605 0)
(0.98472449 0.00016141073 0)
(0.98407347 0.00018867745 0)
(0.98330225 0.00022173467 0)
(0.98235966 0.00025663974 0)
(0.98122318 0.00028930774 0)
(0.97981671 0.00031620892 0)
(0.97820338 0.00032763228 0)
(0.9759389 0.00031850477 0)
(0.97409512 0.00023471333 0)
(0.96910716 0.00016651329 0)
)
;

boundaryField
{
    inlet
    {
        type            fixedValue;
        value           uniform (0.99995 0.00999 0);
    }
    outlet
    {
        type            zeroGradient;
    }
    cylinder
    {
        type            noSlip;
    }
    frontAndBack
    {
        type            empty;
    }
}


// ************************************************************************* //
