/*--------------------------------*- C++ -*----------------------------------*\
  =========                 |
  \\      /  F ield         | OpenFOAM: The Open Source CFD Toolbox
   \\    /   O peration     | Website:  https://openfoam.org
    \\  /    A nd           | Version:  13
     \\/     M anipulation  |
\*---------------------------------------------------------------------------*/
FoamFile
{
    format      ascii;
    class       volVectorField;
    location    "37.199595";
    object      wallShearStress;
}
// * * * * * * * * * * * * * * * * * * * * * * * * * * * * * * * * * * * * * //

dimensions      [0 2 -2 0 0 0 0];

internalField   uniform (0 0 0);

boundaryField
{
    inlet
    {
        type            calculated;
        value           uniform (0 0 0);
    }
    outlet
    {
        type            calculated;
        value           uniform (0 0 0);
    }
    cylinder
    {
        type            calculated;
        value           nonuniform List<vector> 
132
(
(2.5763661e-06 7.0207402e-05 -2.7651568e-22)
(1.3103453e-05 -0.00023214101 7.8903604e-23)
(4.094476e-05 -0.00054140511 4.3633478e-21)
(8.6870822e-05 -0.0008528431 -1.4660215e-20)
(0.0001509612 -0.0011610152 1.0359284e-20)
(0.00023274255 -0.0014601083 3.1682785e-20)
(0.00033105292 -0.0017440071 -6.0081819e-21)
(0.00044400845 -0.0020065406 -2.382304e-20)
(0.00056891625 -0.0022417432 2.2474613e-20)
(0.00070255685 -0.0024440566 -5.0440557e-20)
(0.00084105563 -0.0026086688 -9.1887311e-22)
(0.00098008741 -0.0027317867 3.1409931e-20)
(0.0011151196 -0.0028109899 5.129584e-20)
(0.0012416566 -0.0028453985 -4.1728822e-20)
(0.0013556275 -0.0028360271 4.4009985e-20)
(0.0014536924 -0.0027857413 7.0954384e-20)
(0.0015337552 -0.0026995368 -4.6575208e-20)
(0.0015952148 -0.0025841315 7.4840226e-20)
(0.0016395056 -0.0024480798 9.9120195e-20)
(0.0016703959 -0.0023013089 -6.439912e-20)
(0.0016942793 -0.0021547154 -8.2204411e-20)
(0.0017207667 -0.0020200649 2.8963103e-23)
(0.0017619151 -0.0019082682 1.195679e-20)
(0.0018327819 -0.0018294883 -1.4332582e-20)
(0.0019487854 -0.0017901152 -2.4409607e-20)
(0.0021236036 -0.0017913701 5.2258198e-21)
(0.0023662985 -0.0018281132 -4.7226838e-20)
(0.0026775519 -0.0018879725 1.2628328e-20)
(0.0030410173 -0.0019484673 9.9238034e-21)
(0.0034247232 -0.001982701 -6.839178e-20)
(0.0037979631 -0.0019723485 8.9293314e-20)
(0.0041213181 -0.0019020848 2.7040518e-21)
(0.0043440152 -0.0017604457 1.9504019e-20)
(0.0043911172 -0.0015381329 -2.3125996e-20)
(0.0041521633 -0.0012308583 7.3520028e-20)
(0.0034715865 -0.00084630097 -4.6509677e-21)
(0.0021711412 -0.00042045655 1.87552e-20)
(2.9654604e-05 -2.1778548e-05 -2.5721486e-21)
(-0.0031409075 0.00023171494 3.6807581e-21)
(-0.0074803686 0.00016726605 -2.2867297e-21)
(-0.013364479 -0.00044320723 4.2451995e-21)
(-0.020674372 -0.0019195218 -1.2992675e-22)
(-0.028747099 -0.0044207254 4.7238429e-20)
(-0.037127237 -0.0080179064 -1.8048499e-20)
(-0.04523824 -0.012660606 1.6158795e-20)
(-0.052633858 -0.018213375 -1.0310857e-19)
(-0.05886549 -0.024431875 -1.6540245e-20)
(-0.063678586 -0.031048948 1.4470554e-19)
(-0.066889406 -0.037762865 -1.2320047e-19)
(-0.068454317 -0.044288467 -2.3537845e-21)
(-0.068378674 -0.050334883 3.7683146e-20)
(-0.066803355 -0.055685272 -3.4641057e-20)
(-0.063820674 -0.06007802 -6.9210423e-21)
(-0.059659392 -0.063367652 -4.5996096e-21)
(-0.054565552 -0.065452077 -8.2481786e-21)
(-0.048712875 -0.066167617 -1.0619718e-21)
(-0.042386443 -0.065507993 5.1558013e-22)
(-0.035817665 -0.063438917 4.5264835e-20)
(-0.029252499 -0.059991008 -7.1271965e-20)
(-0.022921534 -0.055224541 -7.7246853e-20)
(-0.017039964 -0.0492347 -3.1652146e-20)
(-0.011802813 -0.042149227 -7.3017748e-20)
(-0.0073799144 -0.034123135 1.6363373e-20)
(-0.0039102009 -0.025335827 2.3887756e-20)
(-0.0015072107 -0.016001439 -3.7221024e-20)
(-0.00023155997 -0.0062935797 -4.9824677e-21)
(8.3566167e-06 0.00036424008 -1.268837e-21)
(2.9904112e-05 0.00065061433 -7.5358741e-23)
(6.7082446e-05 0.00092735047 -4.3113518e-21)
(0.00011906187 0.0011897027 1.4400946e-20)
(0.00018460877 0.0014330785 -1.0122945e-20)
(0.00026199143 0.0016531462 -3.0797132e-20)
(0.00034901176 0.0018460186 5.8093669e-21)
(0.00044309275 0.0020084171 2.2913063e-20)
(0.0005413511 0.0021378202 -2.1502325e-20)
(0.00064073219 0.0022326466 4.8007103e-20)
(0.0007381067 0.0022923535 8.7012752e-22)
(0.00083059586 0.0023175757 -2.959285e-20)
(0.00091562168 0.0023100946 -4.809494e-20)
(0.00099117099 0.0022729607 3.8944036e-20)
(0.0010559868 0.0022103558 -4.089325e-20)
(0.0011097718 0.0021275052 -6.5660644e-20)
(0.001153472 0.00203068 4.2938217e-20)
(0.0011894263 0.0019269182 -6.8762031e-20)
(0.0012216311 0.0018239124 -9.079456e-20)
(0.0012559131 0.0017297382 5.8835412e-20)
(0.0013001501 0.0016526163 7.4935316e-20)
(0.0013644446 0.0016006053 6.7074858e-20)
(0.0014609782 0.0015809238 5.5086335e-20)
(0.0016032299 0.0015987908 1.3009264e-20)
(0.0018037508 0.0016553224 2.2140834e-20)
(0.0020713523 0.0017458983 -4.7385472e-21)
(0.0024052373 0.0018571395 4.2822772e-20)
(0.0027950839 0.0019702129 -1.1453494e-20)
(0.0032143753 0.0020593169 -9.0045729e-21)
(0.0036259928 0.002099299 6.2092404e-20)
(0.0040021881 0.0020786442 -8.1125188e-20)
(0.0043118062 0.0019902839 -2.4444681e-21)
(0.0045104471 0.0018282004 4.0395943e-20)
(0.0045181078 0.0015830007 2.1088591e-20)
(0.0042143357 0.0012498488 -6.7192552e-20)
(0.0034334306 0.00083793334 4.2629222e-21)
(0.0019914164 0.00038773392 1.2580551e-20)
(-0.00033539238 -2.5955436e-05 2.3754296e-21)
(-0.0037383922 -0.00027912915 -3.4139746e-21)
(-0.0083252671 -0.00018900476 2.1304585e-21)
(-0.014469449 0.00047810699 -3.971975e-21)
(-0.022014412 0.0020423722 3.2168753e-20)
(-0.030237508 0.0046482486 -4.4445303e-20)
(-0.038686111 0.0083528546 1.6993979e-20)
(-0.046781477 0.013090923 -1.5202821e-20)
(-0.054058198 0.018704567 9.676839e-20)
(-0.06010728 0.024945078 1.5460982e-20)
(-0.064694381 0.031541983 -1.344431e-19)
(-0.067643925 0.038186585 1.1349925e-19)
(-0.068948456 0.044605888 2.1428192e-21)
(-0.0686012 0.050496377 -3.3710624e-20)
(-0.066794801 0.055675833 3.0183989e-20)
(-0.06357534 0.059844362 -4.6309088e-20)
(-0.059212521 0.062890481 3.4461711e-21)
(-0.053980523 0.064747492 -5.4657963e-21)
(-0.048000423 0.065196615 4.7642766e-21)
(-0.041594582 0.064280486 -7.0707928e-22)
(-0.034982707 0.061955678 -5.3646284e-20)
(-0.028412398 0.058262755 7.9652256e-20)
(-0.022112297 0.05326798 8.3574449e-20)
(-0.016294293 0.047070912 3.3530518e-20)
(-0.011150225 0.039805341 7.6183307e-20)
(-0.0068451813 0.03162914 -1.687141e-20)
(-0.0035132185 0.022727067 4.8366432e-20)
(-0.0012622637 0.013306001 3.7669811e-20)
(-0.00015145479 0.0035772573 5.0050648e-21)
)
;
    }
    frontAndBack
    {
        type            empty;
    }
}


// ************************************************************************* //
